time,pcwx,pcwy,pcwz,pcwHatx,pcwHaty,pcwHatz,p0wx,p0wy,p0wz,p0wHatx,p0wHaty,p0wHatz,converged0,p1wx,p1wy,p1wz,p1wHatx,p1wHaty,p1wHatz,converged1,p2wx,p2wy,p2wz,p2wHatx,p2wHaty,p2wHatz,converged2,p3wx,p3wy,p3wz,p3wHatx,p3wHaty,p3wHatz,converged3,p4wx,p4wy,p4wz,p4wHatx,p4wHaty,p4wHatz,converged4,p5wx,p5wy,p5wz,p5wHatx,p5wHaty,p5wHatz,converged5,p6wx,p6wy,p6wz,p6wHatx,p6wHaty,p6wHatz,converged6,p7wx,p7wy,p7wz,p7wHatx,p7wHaty,p7wHatz,converged7,p8wx,p8wy,p8wz,p8wHatx,p8wHaty,p8wHatz,converged8,p9wx,p9wy,p9wz,p9wHatx,p9wHaty,p9wHatz,converged9,p10wx,p10wy,p10wz,p10wHatx,p10wHaty,p10wHatz,converged10,p11wx,p11wy,p11wz,p11wHatx,p11wHaty,p11wHatz,converged11,p12wx,p12wy,p12wz,p12wHatx,p12wHaty,p12wHatz,converged12,p13wx,p13wy,p13wz,p13wHatx,p13wHaty,p13wHatz,converged13,p14wx,p14wy,p14wz,p14wHatx,p14wHaty,p14wHatz,converged14,p15wx,p15wy,p15wz,p15wHatx,p15wHaty,p15wHatz,converged15,p16wx,p16wy,p16wz,p16wHatx,p16wHaty,p16wHatz,converged16,p17wx,p17wy,p17wz,p17wHatx,p17wHaty,p17wHatz,converged17,p18wx,p18wy,p18wz,p18wHatx,p18wHaty,p18wHatz,converged18,p19wx,p19wy,p19wz,p19wHatx,p19wHaty,p19wHatz,converged19,p20wx,p20wy,p20wz,p20wHatx,p20wHaty,p20wHatz,converged20,p21wx,p21wy,p21wz,p21wHatx,p21wHaty,p21wHatz,converged21,p22wx,p22wy,p22wz,p22wHatx,p22wHaty,p22wHatz,converged22,p23wx,p23wy,p23wz,p23wHatx,p23wHaty,p23wHatz,converged23,p24wx,p24wy,p24wz,p24wHatx,p24wHaty,p24wHatz,converged24,p25wx,p25wy,p25wz,p25wHatx,p25wHaty,p25wHatz,converged25,p26wx,p26wy,p26wz,p26wHatx,p26wHaty,p26wHatz,converged26,p27wx,p27wy,p27wz,p27wHatx,p27wHaty,p27wHatz,converged27,p28wx,p28wy,p28wz,p28wHatx,p28wHaty,p28wHatz,converged28,p29wx,p29wy,p29wz,p29wHatx,p29wHaty,p29wHatz,converged29,p30wx,p30wy,p30wz,p30wHatx,p30wHaty,p30wHatz,converged30,p31wx,p31wy,p31wz,p31wHatx,p31wHaty,p31wHatz,converged31,p32wx,p32wy,p32wz,p32wHatx,p32wHaty,p32wHatz,converged32,p33wx,p33wy,p33wz,p33wHatx,p33wHaty,p33wHatz,converged33,p34wx,p34wy,p34wz,p34wHatx,p34wHaty,p34wHatz,converged34,p35wx,p35wy,p35wz,p35wHatx,p35wHaty,p35wHatz,converged35,p36wx,p36wy,p36wz,p36wHatx,p36wHaty,p36wHatz,converged36,p37wx,p37wy,p37wz,p37wHatx,p37wHaty,p37wHatz,converged37,p38wx,p38wy,p38wz,p38wHatx,p38wHaty,p38wHatz,converged38,p39wx,p39wy,p39wz,p39wHatx,p39wHaty,p39wHatz,converged39,p40wx,p40wy,p40wz,p40wHatx,p40wHaty,p40wHatz,converged40,
0,-5.58873,3.17906,0.332076,-5.31108,3.28478,0.561984,-5.48916,1.86,0.677487,-5.06547,0.030937,1.41404,0,-5.80416,1.86,0.554625,-5.82345,0.147622,1.09128,0,-6.12994,1.86,0.513058,-6.60191,0.138736,0.99364,0,-5.62741,1.86,0.401061,-5.40598,0.0491617,0.731204,0,-6.09482,1.86,0.627549,-6.54051,0.0804613,1.27976,0,-6.02715,1.86,0.467733,-6.33686,0.198597,0.879381,0,-5.6634,1.86,0.618226,-5.48891,0.143495,1.24344,0,-5.73523,1.86,0.671791,-5.64527,0.275838,1.33692,0,-5.60867,1.86,0.656938,-5.35868,0.137402,1.33713,0,-5.90879,1.86,0.629199,-6.08194,0.107886,1.27759,0,-5.56479,1.86,0.684079,-5.25346,0.109954,1.40922,0,-5.452,1.86,0.558931,-4.98156,0.105631,1.10874,0,-5.52674,1.86,0.471722,-5.16547,0.185995,0.890048,0,-5.63699,1.86,0.449275,-5.42535,0.161904,0.839454,0,-5.965,1.86,0.288576,-6.20388,0.155065,0.458773,0,-5.41467,1.86,0.522725,-4.89868,0.15937,1.01371,0,-5.99818,1.86,0.704043,-6.2736,0.184023,1.43638,0,-5.26482,1.86,0.576027,-4.55064,0.188033,1.13471,0,-5.27071,1.86,0.518562,-4.54967,0.126619,1.00848,0,-6.067,1.86,0.503221,-6.46964,0.0895264,0.976563,0,-5.24613,1.86,0.675392,-4.4824,0.094182,1.39241,0,-5.89312,1.86,0.227236,-5.99567,0.318227,0.326201,0,-5.8815,1.86,0.337273,-5.99318,0.211669,0.574092,0,-6.09987,1.86,0.226766,-6.4995,0.217937,0.317136,0,-5.23964,1.86,0.415641,-4.47733,0.134354,0.76157,0,-5.43417,1.86,0.614412,-4.9395,0.11353,1.24077,0,-5.73278,1.86,0.541804,-5.65972,0.0925236,1.06955,0,-6.10488,1.86,0.701005,-6.51773,0.201101,1.42446,0,-5.50381,1.86,0.527863,-5.10574,0.0949097,1.03546,0,-6.14416,1.86,0.381665,-6.62951,0.153762,0.679692,0,-5.35057,1.86,0.501201,-4.73631,0.101272,0.970164,0,-5.25585,1.86,0.31644,-4.50213,0.0792589,0.523988,0,-5.54519,1.86,0.601238,-5.20486,0.0666609,1.21866,0,-6.04393,1.86,0.620664,-6.39197,0.152665,1.24724,0,-5.61173,1.86,0.498787,-5.36733,0.0596879,0.969594,0,-6.1145,1.86,0.457043,-6.56795,0.131567,0.860718,0,-5.9014,1.86,0.490648,-6.03172,0.244659,0.927456,0,-5.29869,1.86,0.456458,-4.60993,0.0959785,0.862677,0,-5.95904,1.86,0.56575,-6.15741,0.270189,1.09603,0,-5.31084,1.86,0.124192,-4.65156,0.154152,0.0685962,0,-5.8569,1.86,0.409553,-5.94398,0.171719,0.744837,0,
0.0333341,-5.61659,3.17803,0.332458,-5.32657,3.28458,0.56235,-5.48916,1.86,0.677487,-5.06889,0.371135,1.32964,0,-5.80416,1.86,0.554625,-5.73976,0.526682,1.03468,0,-6.12994,1.86,0.513058,-6.46005,0.425417,0.959698,0,-5.62741,1.86,0.401061,-5.37453,0.403909,0.718359,0,-6.09482,1.86,0.627549,-6.40093,0.382035,1.22231,0,-6.02715,1.86,0.467733,-6.21903,0.491464,0.860072,0,-5.6634,1.86,0.618226,-5.44769,0.497246,1.17513,0,-5.73523,1.86,0.671791,-5.58616,0.628459,1.25225,0,-5.60867,1.86,0.656938,-5.33729,0.419332,1.2763,0,-5.90879,1.86,0.629199,-5.98688,0.414295,1.2184,0,-5.56479,1.86,0.684079,-5.23837,0.462056,1.32378,0,-5.452,1.86,0.558931,-4.99646,0.455087,1.05689,0,-5.52674,1.86,0.471722,-5.1633,0.515975,0.861096,0,-5.63699,1.86,0.449275,-5.3934,0.512828,0.812795,0,-5.965,1.86,0.288576,-6.09819,0.455927,0.475339,0,-5.41467,1.86,0.522725,-4.92698,0.543165,0.962041,0,-5.99818,1.86,0.704043,-6.18312,0.419581,1.37912,0,-5.26482,1.86,0.576027,-4.60152,0.47417,1.08608,0,-5.27071,1.86,0.518562,-4.60524,0.44377,0.969267,0,-6.067,1.86,0.503221,-6.34007,0.379323,0.945642,0,-5.24613,1.86,0.675392,-4.53666,0.389203,1.32029,0,-5.89312,1.86,0.227236,-5.88386,0.709993,0.365051,0,-5.8815,1.86,0.337273,-5.89492,0.560708,0.581025,0,-6.09987,1.86,0.226766,-6.37516,0.484869,0.348026,0,-5.23964,1.86,0.415641,-4.53963,0.446974,0.743813,0,-5.43417,1.86,0.614412,-4.95922,0.475059,1.16755,0,-5.73278,1.86,0.541804,-5.59549,0.476926,1.01592,0,-6.10488,1.86,0.701005,-6.38469,0.486253,1.35587,0,-5.50381,1.86,0.527863,-5.10642,0.416786,0.994391,0,-6.14416,1.86,0.381665,-6.4923,0.426799,0.678102,0,-5.35057,1.86,0.501201,-4.77117,0.402592,0.934525,0,-5.25585,1.86,0.31644,-4.56303,0.404979,0.533579,0,-5.54519,1.86,0.601238,-5.19457,0.416975,1.1518,0,-6.04393,1.86,0.620664,-6.25723,0.473564,1.18426,0,-5.61173,1.86,0.498787,-5.34403,0.351616,0.935327,0,-6.1145,1.86,0.457043,-6.46575,0.344445,0.849347,0,-5.9014,1.86,0.490648,-5.95316,0.505475,0.900789,0,-5.29869,1.86,0.456458,-4.67046,0.482228,0.825453,0,-5.95904,1.86,0.56575,-6.04332,0.600734,1.04462,0,-5.31084,1.86,0.124192,-4.69884,0.472732,0.123426,0,-5.8569,1.86,0.409553,-5.86736,0.457995,0.73467,0,
0.0666682,-5.61659,3.17803,0.332458,-5.33881,3.2845,0.562642,-5.48916,1.86,0.677487,-5.07215,0.579371,1.26889,0,-5.80416,1.86,0.554625,-5.6964,0.724511,0.996905,0,-6.12994,1.86,0.513058,-6.37452,0.600778,0.929324,0,-5.62741,1.86,0.401061,-5.35772,0.599715,0.70456,0,-6.09482,1.86,0.627549,-6.32145,0.553617,1.17689,0,-6.02715,1.86,0.467733,-6.14947,0.662703,0.834994,0,-5.6634,1.86,0.618226,-5.42788,0.669813,1.13325,0,-5.73523,1.86,0.671791,-5.55806,0.79613,1.20322,0,-5.60867,1.86,0.656938,-5.32213,0.598378,1.2276,0,-5.90879,1.86,0.629199,-5.92628,0.60773,1.17013,0,-5.56479,1.86,0.684079,-5.23081,0.645563,1.26935,0,-5.452,1.86,0.558931,-5.00755,0.693655,1.01221,0,-5.52674,1.86,0.471722,-5.16101,0.723384,0.835235,0,-5.63699,1.86,0.449275,-5.37466,0.716212,0.790439,0,-5.965,1.86,0.288576,-6.00851,0.712594,0.477518,0,-5.41467,1.86,0.522725,-4.94031,0.708608,0.935864,0,-5.99818,1.86,0.704043,-6.13193,0.547379,1.33594,0,-5.26482,1.86,0.576027,-4.63086,0.640187,1.0526,0,-5.27071,1.86,0.518562,-4.63841,0.631127,0.938285,0,-6.067,1.86,0.503221,-6.2685,0.543171,0.924037,0,-5.24613,1.86,0.675392,-4.56671,0.546893,1.27479,0,-5.89312,1.86,0.227236,-5.83636,0.879114,0.372472,0,-5.8815,1.86,0.337273,-5.82318,0.819751,0.572197,0,-6.09987,1.86,0.226766,-6.29316,0.661601,0.35547,0,-5.23964,1.86,0.415641,-4.57312,0.61349,0.729537,0,-5.43417,1.86,0.614412,-4.96961,0.645167,1.13,0,-5.73278,1.86,0.541804,-5.56008,0.694049,0.973023,0,-6.10488,1.86,0.701005,-6.31583,0.631084,1.30905,0,-5.50381,1.86,0.527863,-5.108,0.672386,0.951538,0,-6.14416,1.86,0.381665,-6.40619,0.598508,0.665039,0,-5.35057,1.86,0.501201,-4.79166,0.578761,0.907279,0,-5.25585,1.86,0.31644,-4.59893,0.595556,0.531247,0,-5.54519,1.86,0.601238,-5.18981,0.606966,1.1096,0,-6.04393,1.86,0.620664,-6.20884,0.591537,1.15442,0,-5.61173,1.86,0.498787,-5.32632,0.571343,0.903157,0,-6.1145,1.86,0.457043,-6.39255,0.492734,0.827608,0,-5.9014,1.86,0.490648,-5.89788,0.684486,0.875917,0,-5.29869,1.86,0.456458,-4.70298,0.677686,0.803977,0,-5.95904,1.86,0.56575,-5.99035,0.754775,1.01136,0,-5.31084,1.86,0.124192,-4.73025,0.685155,0.152411,0,-5.8569,1.86,0.409553,-5.80871,0.676118,0.715916,0,
0.100002,-5.64429,3.17691,0.332835,-5.36643,3.28414,0.563293,-5.48916,1.86,0.677487,-5.08964,0.765782,1.22111,0,-5.80416,1.86,0.554625,-5.67131,0.90379,0.96562,0,-6.12994,1.86,0.513058,-6.30987,0.76312,0.91136,0,-5.62741,1.86,0.401061,-5.35563,0.79159,0.693505,0,-6.09482,1.86,0.627549,-6.25191,0.735682,1.1367,0,-6.02715,1.86,0.467733,-6.0996,0.821465,0.819327,0,-5.6634,1.86,0.618226,-5.42035,0.85654,1.09246,0,-5.73523,1.86,0.671791,-5.54519,0.952947,1.16285,0,-5.60867,1.86,0.656938,-5.32459,0.745916,1.19016,0,-5.90879,1.86,0.629199,-5.88744,0.78073,1.13168,0,-5.56479,1.86,0.684079,-5.23726,0.834559,1.21871,0,-5.452,1.86,0.558931,-5.03112,0.867178,0.982409,0,-5.52674,1.86,0.471722,-5.17414,0.881152,0.818495,0,-5.63699,1.86,0.449275,-5.37193,0.90602,0.774448,0,-5.965,1.86,0.288576,-5.96862,0.873141,0.484844,0,-5.41467,1.86,0.522725,-4.96904,0.902568,0.903744,0,-5.99818,1.86,0.704043,-6.08582,0.698411,1.29314,0,-5.26482,1.86,0.576027,-4.66576,0.758729,1.03341,0,-5.27071,1.86,0.518562,-4.68157,0.794348,0.91964,0,-6.067,1.86,0.503221,-6.22943,0.66363,0.909531,0,-5.24613,1.86,0.675392,-4.61061,0.707719,1.2339,0,-5.89312,1.86,0.227236,-5.79496,1.0729,0.392163,0,-5.8815,1.86,0.337273,-5.78955,0.998756,0.571003,0,-6.09987,1.86,0.226766,-6.23601,0.816101,0.368556,0,-5.23964,1.86,0.415641,-4.63062,0.829833,0.718765,0,-5.43417,1.86,0.614412,-4.99419,0.829446,1.08788,0,-5.73278,1.86,0.541804,-5.54233,0.892679,0.94231,0,-6.10488,1.86,0.701005,-6.26256,0.771833,1.26695,0,-5.50381,1.86,0.527863,-5.12537,0.853875,0.923688,0,-6.14416,1.86,0.381665,-6.33652,0.76651,0.659445,0,-5.35057,1.86,0.501201,-4.82643,0.756137,0.88588,0,-5.25585,1.86,0.31644,-4.6448,0.76337,0.533205,0,-5.54519,1.86,0.601238,-5.19906,0.860725,1.0609,0,-6.04393,1.86,0.620664,-6.14591,0.770748,1.11234,0,-5.61173,1.86,0.498787,-5.32686,0.765013,0.876247,0,-6.1145,1.86,0.457043,-6.32688,0.657125,0.812819,0,-5.9014,1.86,0.490648,-5.85437,0.87768,0.855221,0,-5.29869,1.86,0.456458,-4.74283,0.836837,0.78841,0,-5.95904,1.86,0.56575,-5.94107,0.937809,0.975132,0,-5.31084,1.86,0.124192,-4.76947,0.848466,0.17908,0,-5.8569,1.86,0.409553,-5.77466,0.863092,0.705773,0,
0.133336,-5.67167,3.17575,0.33318,-5.38181,3.28393,0.563656,-5.48916,1.86,0.677487,-5.09573,0.905123,1.18115,0,-5.80416,1.86,0.554625,-5.64582,1.03617,0.940738,0,-6.12994,1.86,0.513058,-6.25533,0.881901,0.892167,0,-5.62741,1.86,0.401061,-5.34776,0.945293,0.677614,0,-6.09482,1.86,0.627549,-6.19772,0.86248,1.10369,0,-6.02715,1.86,0.467733,-6.02846,1.0132,0.791631,0,-5.6634,1.86,0.618226,-5.40849,0.995309,1.05879,0,-5.73523,1.86,0.671791,-5.53218,1.04633,1.13855,0,-5.60867,1.86,0.656938,-5.31679,0.885638,1.1512,0,-5.90879,1.86,0.629199,-5.84683,0.92469,1.09544,0,-5.56479,1.86,0.684079,-5.23569,0.973382,1.17812,0,-5.452,1.86,0.558931,-5.04245,1.0226,0.952018,0,-5.52674,1.86,0.471722,-5.17631,1.02652,0.798811,0,-5.63699,1.86,0.449275,-5.36371,1.03964,0.759566,0,-5.965,1.86,0.288576,-5.92136,1.02101,0.484235,0,-5.41467,1.86,0.522725,-4.98552,1.0615,0.87913,0,-5.99818,1.86,0.704043,-6.02614,0.862543,1.24248,0,-5.26482,1.86,0.576027,-4.69107,0.8901,1.00531,0,-5.27071,1.86,0.518562,-4.70924,0.931507,0.895587,0,-6.067,1.86,0.503221,-6.18584,0.766473,0.893034,0,-5.24613,1.86,0.675392,-4.63674,0.827084,1.19829,0,-5.89312,1.86,0.227236,-5.76367,1.197,0.399328,0,-5.8815,1.86,0.337273,-5.76352,1.10541,0.56926,0,-6.09987,1.86,0.226766,-6.17519,0.957205,0.374863,0,-5.23964,1.86,0.415641,-4.66905,0.991423,0.701745,0,-5.43417,1.86,0.614412,-5.00685,0.980118,1.05541,0,-5.73278,1.86,0.541804,-5.52414,1.03166,0.914663,0,-6.10488,1.86,0.701005,-6.19811,0.916352,1.21938,0,-5.50381,1.86,0.527863,-5.13054,0.994976,0.899306,0,-6.14416,1.86,0.381665,-6.27461,0.899012,0.650721,0,-5.35057,1.86,0.501201,-4.84705,0.898287,0.864225,0,-5.25585,1.86,0.31644,-4.67625,0.911793,0.533001,0,-5.54519,1.86,0.601238,-5.20119,1.01635,1.02554,0,-6.04393,1.86,0.620664,-6.0922,0.909353,1.07848,0,-5.61173,1.86,0.498787,-5.3194,0.921541,0.854053,0,-6.1145,1.86,0.457043,-6.28472,0.751966,0.803194,0,-5.9014,1.86,0.490648,-5.81014,1.04222,0.830558,0,-5.29869,1.86,0.456458,-4.7746,1.0094,0.768404,0,-5.95904,1.86,0.56575,-5.9053,1.05285,0.954053,0,-5.31084,1.86,0.124192,-4.79473,0.994973,0.20025,0,-5.8569,1.86,0.409553,-5.72884,1.05837,0.695067,0,
0.16667,-5.67167,3.17575,0.33318,-5.39337,3.28372,0.563927,-5.48916,1.86,0.677487,-5.09949,1.06703,1.13881,0,-5.80416,1.86,0.554625,-5.61588,1.17503,0.917141,0,-6.12994,1.86,0.513058,-6.18688,1.02405,0.871539,0,-5.62741,1.86,0.401061,-5.33489,1.11752,0.668867,0,-6.09482,1.86,0.627549,-6.13876,0.991781,1.07462,0,-6.02715,1.86,0.467733,-5.96034,1.19521,0.774293,0,-5.6634,1.86,0.618226,-5.39226,1.14855,1.02457,0,-5.73523,1.86,0.671791,-5.5113,1.16201,1.1093,0,-5.60867,1.86,0.656938,-5.30341,1.11751,1.09311,0,-5.90879,1.86,0.629199,-5.79802,1.09023,1.057,0,-5.56479,1.86,0.684079,-5.2306,1.12443,1.13841,0,-5.452,1.86,0.558931,-5.0506,1.16156,0.924879,0,-5.52674,1.86,0.471722,-5.17696,1.20526,0.780185,0,-5.63699,1.86,0.449275,-5.35241,1.16639,0.748,0,-5.965,1.86,0.288576,-5.85843,1.21269,0.490036,0,-5.41467,1.86,0.522725,-5.00101,1.23202,0.853731,0,-5.99818,1.86,0.704043,-5.96268,1.03619,1.19343,0,-5.26482,1.86,0.576027,-4.71904,1.04262,0.976843,0,-5.27071,1.86,0.518562,-4.73782,1.08659,0.873372,0,-6.067,1.86,0.503221,-6.10884,0.944664,0.869514,0,-5.24613,1.86,0.675392,-4.66564,0.977099,1.15744,0,-5.89312,1.86,0.227236,-5.73126,1.31125,0.406644,0,-5.8815,1.86,0.337273,-5.73118,1.21933,0.570089,0,-6.09987,1.86,0.226766,-6.10312,1.11896,0.387575,0,-5.23964,1.86,0.415641,-4.70146,1.14298,0.691518,0,-5.43417,1.86,0.614412,-5.01875,1.146,1.01709,0,-5.73278,1.86,0.541804,-5.50093,1.17818,0.894494,0,-6.10488,1.86,0.701005,-6.12415,1.07933,1.17327,0,-5.50381,1.86,0.527863,-5.13303,1.15005,0.877014,0,-6.14416,1.86,0.381665,-6.19905,1.05454,0.644634,0,-5.35057,1.86,0.501201,-4.86967,1.07401,0.84291,0,-5.25585,1.86,0.31644,-4.70813,1.07242,0.534702,0,-5.54519,1.86,0.601238,-5.19957,1.17547,0.992083,0,-6.04393,1.86,0.620664,-6.01971,1.09048,1.04152,0,-5.61173,1.86,0.498787,-5.31075,1.0436,0.840497,0,-6.1145,1.86,0.457043,-6.20636,0.915931,0.787221,0,-5.9014,1.86,0.490648,-5.76812,1.1904,0.814312,0,-5.29869,1.86,0.456458,-4.80394,1.17601,0.753073,0,-5.95904,1.86,0.56575,-5.85436,1.20365,0.928939,0,-5.31084,1.86,0.124192,-4.81863,1.14568,0.223015,0,-5.8569,1.86,0.409553,-5.67149,1.31009,0.683623,0,
0.200004,-5.68257,3.17537,0.333014,-5.40412,3.28356,0.56418,-5.48916,1.86,0.677487,-5.1043,1.21354,1.09978,0,-5.80416,1.86,0.554625,-5.58871,1.30489,0.895108,0,-6.12994,1.86,0.513058,-6.10293,1.20815,0.848773,0,-5.62741,1.86,0.401061,-5.32482,1.27346,0.661706,0,-6.09482,1.86,0.627549,-6.08107,1.12045,1.04565,0,-6.02715,1.86,0.467733,-5.91109,1.32774,0.760656,0,-5.6634,1.86,0.618226,-5.37877,1.28449,0.994963,0,-5.73523,1.86,0.671791,-5.49093,1.28325,1.07787,0,-5.60867,1.86,0.656938,-5.29628,1.28434,1.05136,0,-5.90879,1.86,0.629199,-5.75958,1.22368,1.02673,0,-5.56479,1.86,0.684079,-5.22704,1.26712,1.09945,0,-5.452,1.86,0.558931,-5.05732,1.28369,0.90311,0,-5.52674,1.86,0.471722,-5.17794,1.32802,0.767514,0,-5.63699,1.86,0.449275,-5.34048,1.31752,0.735632,0,-5.965,1.86,0.288576,-5.81899,1.33502,0.496455,0,-5.41467,1.86,0.522725,-5.00966,1.33239,0.841425,0,-5.99818,1.86,0.704043,-5.9102,1.18266,1.15212,0,-5.26482,1.86,0.576027,-4.74544,1.18008,0.950436,0,-5.27071,1.86,0.518562,-4.76076,1.20851,0.855156,0,-6.067,1.86,0.503221,-6.02356,1.15786,0.838632,0,-5.24613,1.86,0.675392,-4.69221,1.11005,1.12367,0,-5.89312,1.86,0.227236,-5.69805,1.42956,0.415756,0,-5.8815,1.86,0.337273,-5.6987,1.33737,0.568886,0,-6.09987,1.86,0.226766,-6.04805,1.24451,0.401393,0,-5.23964,1.86,0.415641,-4.7328,1.28648,0.681744,0,-5.43417,1.86,0.614412,-5.03056,1.29637,0.984747,0,-5.73278,1.86,0.541804,-5.47963,1.32123,0.87104,0,-6.10488,1.86,0.701005,-6.06458,1.21324,1.13452,0,-5.50381,1.86,0.527863,-5.13621,1.28765,0.856525,0,-6.14416,1.86,0.381665,-6.1345,1.19046,0.63936,0,-5.35057,1.86,0.501201,-4.88435,1.18611,0.830296,0,-5.25585,1.86,0.31644,-4.73311,1.19667,0.535268,0,-5.54519,1.86,0.601238,-5.19835,1.29534,0.96748,0,-6.04393,1.86,0.620664,-5.94647,1.28472,1.00239,0,-5.61173,1.86,0.498787,-5.30081,1.19392,0.821599,0,-6.1145,1.86,0.457043,-6.12864,1.08868,0.771102,0,-5.9014,1.86,0.490648,-5.73002,1.32618,0.79676,0,-5.29869,1.86,0.456458,-4.82581,1.30068,0.742299,0,-5.95904,1.86,0.56575,-5.81316,1.32951,0.906582,0,-5.31084,1.86,0.124192,-4.83643,1.25821,0.243229,0,-5.8569,1.86,0.409553,-5.6387,1.45835,0.675016,0,
0.233338,-5.71042,3.17432,0.333401,-5.41973,3.28333,0.564547,-5.48916,1.86,0.677487,-5.11436,1.33768,1.06729,0,-5.80416,1.86,0.554625,-5.56209,1.47774,0.863068,0,-6.12994,1.86,0.513058,-6.03704,1.37151,0.826134,0,-5.62741,1.86,0.401061,-5.32323,1.38236,0.654954,0,-6.09482,1.86,0.627549,-6.03802,1.23041,1.01965,0,-6.02715,1.86,0.467733,-5.86884,1.45738,0.74809,0,-5.6634,1.86,0.618226,-5.37181,1.42622,0.963581,0,-5.73523,1.86,0.671791,-5.47323,1.44849,1.03166,0,-5.60867,1.86,0.656938,-5.29587,1.41327,1.02153,0,-5.90879,1.86,0.629199,-5.72725,1.35835,0.994258,0,-5.56479,1.86,0.684079,-5.23062,1.4089,1.06097,0,-5.452,1.86,0.558931,-5.07159,1.41662,0.880508,0,-5.52674,1.86,0.471722,-5.18635,1.48188,0.749431,0,-5.63699,1.86,0.449275,-5.33707,1.45827,0.721873,0,-5.965,1.86,0.288576,-5.7899,1.43983,0.498971,0,-5.41467,1.86,0.522725,-5.02678,1.46119,0.82219,0,-5.99818,1.86,0.704043,-5.86139,1.33929,1.1067,0,-5.26482,1.86,0.576027,-4.77783,1.31413,0.924916,0,-5.27071,1.86,0.518562,-4.79844,1.36709,0.832083,0,-6.067,1.86,0.503221,-5.9635,1.32812,0.815724,0,-5.24613,1.86,0.675392,-4.72906,1.25693,1.08492,0,-5.89312,1.86,0.227236,-5.67996,1.51329,0.422132,0,-5.8815,1.86,0.337273,-5.66823,1.47887,0.568399,0,-6.09987,1.86,0.226766,-5.99347,1.38455,0.411632,0,-5.23964,1.86,0.415641,-4.7603,1.38805,0.676028,0,-5.43417,1.86,0.614412,-5.0481,1.4343,0.954045,0,-5.73278,1.86,0.541804,-5.46123,1.51652,0.83624,0,-6.10488,1.86,0.701005,-6.01109,1.34848,1.09761,0,-5.50381,1.86,0.527863,-5.14608,1.42244,0.835276,0,-6.14416,1.86,0.381665,-6.07119,1.33968,0.633739,0,-5.35057,1.86,0.501201,-4.90761,1.31854,0.811176,0,-5.25585,1.86,0.31644,-4.76036,1.30618,0.537332,0,-5.54519,1.86,0.601238,-5.20364,1.43153,0.939012,0,-6.04393,1.86,0.620664,-5.88176,1.47995,0.960078,0,-5.61173,1.86,0.498787,-5.29905,1.35568,0.80008,0,-6.1145,1.86,0.457043,-6.07273,1.22843,0.755368,0,-5.9014,1.86,0.490648,-5.6969,1.47119,0.777612,0,-5.29869,1.86,0.456458,-4.85502,1.43152,0.729682,0,-5.95904,1.86,0.56575,-5.77756,1.45848,0.883152,0,-5.31084,1.86,0.124192,-4.86293,1.38595,0.261156,0,-5.8569,1.86,0.409553,-5.61603,1.58198,0.666745,0,
0.266672,-5.71042,3.17432,0.333401,-5.43188,3.28327,0.564837,-5.48916,1.86,0.677487,-5.11891,1.41064,1.04695,0,-5.80416,1.86,0.554625,-5.54795,1.56981,0.8459,0,-6.12994,1.86,0.513058,-5.99957,1.4632,0.809248,0,-5.62741,1.86,0.401061,-5.31992,1.46231,0.649023,0,-6.09482,1.86,0.627549,-5.99207,1.34372,0.994653,0,-6.02715,1.86,0.467733,-5.84309,1.5336,0.738443,0,-5.6634,1.86,0.618226,-5.36653,1.51704,0.942693,0,-5.73523,1.86,0.671791,-5.46306,1.54212,1.00752,0,-5.60867,1.86,0.656938,-5.29395,1.49195,1.00188,0,-5.90879,1.86,0.629199,-5.70712,1.43845,0.975637,0,-5.56479,1.86,0.684079,-5.23157,1.47305,1.04258,0,-5.452,1.86,0.558931,-5.07917,1.49335,0.86536,0,-5.52674,1.86,0.471722,-5.19082,1.57205,0.739594,0,-5.63699,1.86,0.449275,-5.3344,1.53115,0.713578,0,-5.965,1.86,0.288576,-5.76994,1.50631,0.499895,0,-5.41467,1.86,0.522725,-5.03337,1.514,0.814056,0,-5.99818,1.86,0.704043,-5.83541,1.42149,1.08307,0,-5.26482,1.86,0.576027,-4.79626,1.3938,0.908088,0,-5.27071,1.86,0.518562,-4.82441,1.47693,0.818819,0,-6.067,1.86,0.503221,-5.93231,1.41427,0.802565,0,-5.24613,1.86,0.675392,-4.74634,1.32648,1.06491,0,-5.89312,1.86,0.227236,-5.65576,1.61651,0.425425,0,-5.8815,1.86,0.337273,-5.65748,1.52831,0.566452,0,-6.09987,1.86,0.226766,-5.96271,1.4625,0.417052,0,-5.23964,1.86,0.415641,-4.77915,1.46573,0.669301,0,-5.43417,1.86,0.614412,-5.05613,1.50438,0.937224,0,-5.73278,1.86,0.541804,-5.45357,1.59856,0.822918,0,-6.10488,1.86,0.701005,-5.98262,1.41886,1.07779,0,-5.50381,1.86,0.527863,-5.15007,1.48729,0.823758,0,-6.14416,1.86,0.381665,-6.03742,1.41889,0.628779,0,-5.35057,1.86,0.501201,-4.92109,1.39924,0.800169,0,-5.25585,1.86,0.31644,-4.76902,1.34383,0.537582,0,-5.54519,1.86,0.601238,-5.20554,1.49491,0.924796,0,-6.04393,1.86,0.620664,-5.85248,1.56775,0.938944,0,-5.61173,1.86,0.498787,-5.29783,1.43413,0.788379,0,-6.1145,1.86,0.457043,-6.0322,1.326,0.746958,0,-5.9014,1.86,0.490648,-5.68164,1.53542,0.770395,0,-5.29869,1.86,0.456458,-4.86741,1.49036,0.724276,0,-5.95904,1.86,0.56575,-5.75539,1.53556,0.868981,0,-5.31084,1.86,0.124192,-4.87384,1.43963,0.266458,0,-5.8569,1.86,0.409553,-5.6087,1.62076,0.66023,0,
0.300007,-5.73788,3.1732,0.333734,-5.45884,3.28292,0.565473,-5.48916,1.86,0.677487,-5.13753,1.48576,1.02965,0,-5.80416,1.86,0.554625,-5.55015,1.64426,0.835005,0,-6.12994,1.86,0.513058,-5.98287,1.53681,0.80011,0,-5.62741,1.86,0.401061,-5.33146,1.52979,0.647962,0,-6.09482,1.86,0.627549,-5.96234,1.4582,0.970776,0,-6.02715,1.86,0.467733,-5.84225,1.57676,0.736117,0,-5.6634,1.86,0.618226,-5.37639,1.59225,0.927949,0,-5.73523,1.86,0.671791,-5.47077,1.59914,0.99169,0,-5.60867,1.86,0.656938,-5.30642,1.57051,0.984662,0,-5.90879,1.86,0.629199,-5.70031,1.52204,0.958377,0,-5.56479,1.86,0.684079,-5.24568,1.53889,1.02658,0,-5.452,1.86,0.558931,-5.1019,1.58094,0.852929,0,-5.52674,1.86,0.471722,-5.20679,1.6139,0.737319,0,-5.63699,1.86,0.449275,-5.34562,1.593,0.709491,0,-5.965,1.86,0.288576,-5.75827,1.59478,0.50268,0,-5.41467,1.86,0.522725,-5.05476,1.57998,0.806574,0,-5.99818,1.86,0.704043,-5.82369,1.50142,1.06144,0,-5.26482,1.86,0.576027,-4.82675,1.46672,0.89563,0,-5.27071,1.86,0.518562,-4.84982,1.52295,0.810847,0,-6.067,1.86,0.503221,-5.92416,1.47399,0.798862,0,-5.24613,1.86,0.675392,-4.77776,1.40166,1.04582,0,-5.89312,1.86,0.227236,-5.64903,1.71087,0.435702,0,-5.8815,1.86,0.337273,-5.64907,1.62687,0.565539,0,-6.09987,1.86,0.226766,-5.9456,1.54049,0.424782,0,-5.23964,1.86,0.415641,-4.80762,1.52421,0.666811,0,-5.43417,1.86,0.614412,-5.07619,1.56211,0.929942,0,-5.73278,1.86,0.541804,-5.46321,1.63758,0.819307,0,-6.10488,1.86,0.701005,-5.96674,1.49106,1.05711,0,-5.50381,1.86,0.527863,-5.16658,1.54196,0.817462,0,-6.14416,1.86,0.381665,-6.02026,1.49019,0.628393,0,-5.35057,1.86,0.501201,-4.94451,1.4568,0.794987,0,-5.25585,1.86,0.31644,-4.79634,1.40846,0.539655,0,-5.54519,1.86,0.601238,-5.22083,1.56131,0.912805,0,-6.04393,1.86,0.620664,-5.8428,1.63651,0.925251,0,-5.61173,1.86,0.498787,-5.31042,1.48925,0.78645,0,-6.1145,1.86,0.457043,-6.01114,1.41163,0.740432,0,-5.9014,1.86,0.490648,-5.67727,1.61023,0.762834,0,-5.29869,1.86,0.456458,-4.89122,1.54084,0.719972,0,-5.95904,1.86,0.56575,-5.75304,1.59205,0.860514,0,-5.31084,1.86,0.124192,-4.89853,1.49952,0.276313,0,-5.8569,1.86,0.409553,-5.60995,1.67634,0.658353,0,
0.333341,-5.7484,3.17279,0.333545,-5.47436,3.28271,0.56584,-5.48916,1.86,0.677487,-5.1457,1.56206,1.00983,0,-5.80416,1.86,0.554625,-5.54271,1.70854,0.824349,0,-6.12994,1.86,0.513058,-5.97089,1.57132,0.796056,0,-5.62741,1.86,0.401061,-5.33193,1.59488,0.644801,0,-6.09482,1.86,0.627549,-5.94333,1.51585,0.957022,0,-6.02715,1.86,0.467733,-5.8249,1.63308,0.729791,0,-5.6634,1.86,0.618226,-5.37536,1.66355,0.911994,0,-5.73523,1.86,0.671791,-5.46685,1.65166,0.977747,0,-5.60867,1.86,0.656938,-5.30815,1.61073,0.974074,0,-5.90879,1.86,0.629199,-5.68433,1.6004,0.940784,0,-5.56479,1.86,0.684079,-5.24916,1.60632,1.00806,0,-5.452,1.86,0.558931,-5.10971,1.63001,0.844587,0,-5.52674,1.86,0.471722,-5.21092,1.66855,0.7316,0,-5.63699,1.86,0.449275,-5.34573,1.65552,0.70407,0,-5.965,1.86,0.288576,-5.74806,1.64047,0.505143,0,-5.41467,1.86,0.522725,-5.06495,1.64051,0.797914,0,-5.99818,1.86,0.704043,-5.80029,1.5856,1.03861,0,-5.26482,1.86,0.576027,-4.8429,1.52626,0.885962,0,-5.27071,1.86,0.518562,-4.86594,1.58563,0.801987,0,-6.067,1.86,0.503221,-5.90111,1.54166,0.789544,0,-5.24613,1.86,0.675392,-4.79683,1.47028,1.03114,0,-5.89312,1.86,0.227236,-5.64212,1.75486,0.439151,0,-5.8815,1.86,0.337273,-5.6399,1.68396,0.568537,0,-6.09987,1.86,0.226766,-5.92679,1.59529,0.427739,0,-5.23964,1.86,0.415641,-4.82392,1.58043,0.665718,0,-5.43417,1.86,0.614412,-5.08914,1.65086,0.908805,0,-5.73278,1.86,0.541804,-5.45904,1.69096,0.810986,0,-6.10488,1.86,0.701005,-5.93592,1.57578,1.03511,0,-5.50381,1.86,0.527863,-5.17268,1.60713,0.808522,0,-6.14416,1.86,0.381665,-5.99308,1.55954,0.625831,0,-5.35057,1.86,0.501201,-4.9562,1.51465,0.787615,0,-5.25585,1.86,0.31644,-4.81687,1.48501,0.539905,0,-5.54519,1.86,0.601238,-5.22562,1.62978,0.898305,0,-6.04393,1.86,0.620664,-5.81724,1.71998,0.905659,0,-5.61173,1.86,0.498787,-5.31094,1.5622,0.777342,0,-6.1145,1.86,0.457043,-5.98063,1.49374,0.73325,0,-5.9014,1.86,0.490648,-5.66018,1.69753,0.751208,0,-5.29869,1.86,0.456458,-4.90572,1.60058,0.716373,0,-5.95904,1.86,0.56575,-5.74392,1.631,0.850923,0,-5.31084,1.86,0.124192,-4.91456,1.56849,0.287351,0,-5.8569,1.86,0.409553,-5.60269,1.72305,0.655586,0,
0.366675,-5.77646,3.17177,0.333918,-5.46913,3.28275,0.565715,-5.48916,1.86,0.677487,-5.13772,1.65806,0.9822,0,-5.80416,1.86,0.554625,-5.516,1.77429,0.811979,0,-6.12994,1.86,0.513058,-5.91864,1.65679,0.78311,0,-5.62741,1.86,0.401061,-5.31383,1.67878,0.637993,0,-6.09482,1.86,0.627549,-5.89371,1.60182,0.936207,0,-6.02715,1.86,0.467733,-5.77392,1.74419,0.714428,0,-5.6634,1.86,0.618226,-5.35542,1.73809,0.895003,0,-5.73523,1.86,0.671791,-5.44258,1.7191,0.959673,0,-5.60867,1.86,0.656938,-5.29005,1.68775,0.953041,0,-5.90879,1.86,0.629199,-5.64914,1.68164,0.921053,0,-5.56479,1.86,0.684079,-5.23477,1.68657,0.984115,0,-5.452,1.86,0.558931,-5.10118,1.70542,0.827924,0,-5.52674,1.86,0.471722,-5.19852,1.7459,0.720893,0,-5.63699,1.86,0.449275,-5.32694,1.71726,0.697755,0,-5.965,1.86,0.288576,-5.70955,1.71829,0.506839,0,-5.41467,1.86,0.522725,-5.05528,1.69484,0.786948,0,-5.99818,1.86,0.704043,-5.7668,1.64048,1.02211,0,-5.26482,1.86,0.576027,-4.84875,1.61816,0.865628,0,-5.27071,1.86,0.518562,-4.86736,1.66045,0.788301,0,-6.067,1.86,0.503221,-5.8532,1.62998,0.776472,0,-5.24613,1.86,0.675392,-4.79209,1.52088,1.01805,0,-5.89312,1.86,0.227236,-5.61378,1.80385,0.441195,0,-5.8815,1.86,0.337273,-5.60826,1.75362,0.567297,0,-6.09987,1.86,0.226766,-5.88047,1.67274,0.431667,0,-5.23964,1.86,0.415641,-4.82508,1.65021,0.658674,0,-5.43417,1.86,0.614412,-5.0822,1.72412,0.892051,0,-5.73278,1.86,0.541804,-5.43488,1.76681,0.797693,0,-6.10488,1.86,0.701005,-5.8894,1.65445,1.01303,0,-5.50381,1.86,0.527863,-5.16291,1.69541,0.792335,0,-6.14416,1.86,0.381665,-5.94315,1.64015,0.620679,0,-5.35057,1.86,0.501201,-4.95396,1.59632,0.774963,0,-5.25585,1.86,0.31644,-4.82876,1.59482,0.539302,0,-5.54519,1.86,0.601238,-5.21321,1.71733,0.878478,0,-6.04393,1.86,0.620664,-5.77727,1.79204,0.888999,0,-5.61173,1.86,0.498787,-5.29366,1.6467,0.765225,0,-6.1145,1.86,0.457043,-5.92816,1.58588,0.722852,0,-5.9014,1.86,0.490648,-5.63198,1.74885,0.745135,0,-5.29869,1.86,0.456458,-4.90216,1.66209,0.707976,0,-5.95904,1.86,0.56575,-5.71135,1.68383,0.842744,0,-5.31084,1.86,0.124192,-4.9125,1.6387,0.296336,0,-5.8569,1.86,0.409553,-5.57301,1.78956,0.649182,0,
0.400009,-5.78657,3.17146,0.333714,-5.49701,3.28252,0.566378,-5.48916,1.86,0.677487,-5.15741,1.70497,0.969276,0,-5.80416,1.86,0.554625,-5.52706,1.79638,0.809169,0,-6.12994,1.86,0.513058,-5.91979,1.69147,0.779319,0,-5.62741,1.86,0.401061,-5.32823,1.72183,0.636286,0,-6.09482,1.86,0.627549,-5.89863,1.6284,0.930397,0,-6.02715,1.86,0.467733,-5.77825,1.7798,0.711266,0,-5.6634,1.86,0.618226,-5.36878,1.77271,0.887309,0,-5.73523,1.86,0.671791,-5.45377,1.75299,0.951136,0,-5.60867,1.86,0.656938,-5.30456,1.70231,0.950203,0,-5.90879,1.86,0.629199,-5.65593,1.71687,0.912938,0,-5.56479,1.86,0.684079,-5.25099,1.72727,0.973632,0,-5.452,1.86,0.558931,-5.11999,1.73984,0.821855,0,-5.52674,1.86,0.471722,-5.21508,1.77583,0.71811,0,-5.63699,1.86,0.449275,-5.34075,1.77392,0.692729,0,-5.965,1.86,0.288576,-5.72093,1.73062,0.506015,0,-5.41467,1.86,0.522725,-5.07489,1.73203,0.781046,0,-5.99818,1.86,0.704043,-5.77108,1.67257,1.01346,0,-5.26482,1.86,0.576027,-4.87176,1.64967,0.860131,0,-5.27071,1.86,0.518562,-4.8908,1.69557,0.78339,0,-6.067,1.86,0.503221,-5.84735,1.69101,0.769877,0,-5.24613,1.86,0.675392,-4.8098,1.5354,1.01645,0,-5.89312,1.86,0.227236,-5.62581,1.81195,0.441283,0,-5.8815,1.86,0.337273,-5.61608,1.78661,0.566984,0,-6.09987,1.86,0.226766,-5.88291,1.70513,0.435184,0,-5.23964,1.86,0.415641,-4.85736,1.71353,0.657818,0,-5.43417,1.86,0.614412,-5.09977,1.7464,0.886702,0,-5.73278,1.86,0.541804,-5.44761,1.79144,0.791149,0,-6.10488,1.86,0.701005,-5.88874,1.69489,1.00086,0,-5.50381,1.86,0.527863,-5.18087,1.73268,0.787782,0,-6.14416,1.86,0.381665,-5.93651,1.69314,0.619693,0,-5.35057,1.86,0.501201,-4.97632,1.63643,0.770174,0,-5.25585,1.86,0.31644,-4.85764,1.64549,0.539724,0,-5.54519,1.86,0.601238,-5.22979,1.74963,0.872244,0,-6.04393,1.86,0.620664,-5.78487,1.81336,0.885938,0,-5.61173,1.86,0.498787,-5.30849,1.68998,0.760166,0,-6.1145,1.86,0.457043,-5.93033,1.61901,0.718357,0,-5.9014,1.86,0.490648,-5.64174,1.76718,0.74381,0,-5.29869,1.86,0.456458,-4.92299,1.69112,0.706207,0,-5.95904,1.86,0.56575,-5.71789,1.71116,0.837715,0,-5.31084,1.86,0.124192,-4.93487,1.67485,0.302546,0,-5.8569,1.86,0.409553,-5.58326,1.81169,0.647698,0,
0.433343,-5.80506,3.17079,0.333788,-5.50679,3.28243,0.56661,-5.48916,1.86,0.677487,-5.15452,1.71706,0.968113,0,-5.80416,1.86,0.554625,-5.52047,1.80918,0.807458,0,-6.12994,1.86,0.513058,-5.89294,1.75145,0.771754,0,-5.62741,1.86,0.401061,-5.32399,1.74602,0.636148,0,-6.09482,1.86,0.627549,-5.88059,1.66498,0.923276,0,-6.02715,1.86,0.467733,-5.76495,1.80961,0.70926,0,-5.6634,1.86,0.618226,-5.36376,1.79398,0.8837,0,-5.73523,1.86,0.671791,-5.4464,1.7914,0.943098,0,-5.60867,1.86,0.656938,-5.29952,1.7223,0.946853,0,-5.90879,1.86,0.629199,-5.64392,1.75322,0.906329,0,-5.56479,1.86,0.684079,-5.24798,1.75478,0.967904,0,-5.452,1.86,0.558931,-5.11863,1.76402,0.818019,0,-5.52674,1.86,0.471722,-5.21184,1.79439,0.717216,0,-5.63699,1.86,0.449275,-5.33682,1.78335,0.692939,0,-5.965,1.86,0.288576,-5.70071,1.79223,0.509523,0,-5.41467,1.86,0.522725,-5.07373,1.75319,0.779065,0,-5.99818,1.86,0.704043,-5.75231,1.72356,1.00009,0,-5.26482,1.86,0.576027,-4.87408,1.67693,0.856215,0,-5.27071,1.86,0.518562,-4.89254,1.71979,0.780486,0,-6.067,1.86,0.503221,-5.83256,1.7245,0.765252,0,-5.24613,1.86,0.675392,-4.80932,1.55458,1.01308,0,-5.89312,1.86,0.227236,-5.61554,1.83717,0.442729,0,-5.8815,1.86,0.337273,-5.60324,1.83365,0.567295,0,-6.09987,1.86,0.226766,-5.85443,1.77456,0.439629,0,-5.23964,1.86,0.415641,-4.8625,1.74368,0.657232,0,-5.43417,1.86,0.614412,-5.09913,1.77615,0.880673,0,-5.73278,1.86,0.541804,-5.44234,1.79568,0.790966,0,-6.10488,1.86,0.701005,-5.86938,1.73645,0.987687,0,-5.50381,1.86,0.527863,-5.17894,1.75939,0.784353,0,-6.14416,1.86,0.381665,-5.91545,1.7374,0.619103,0,-5.35057,1.86,0.501201,-4.97355,1.64318,0.768993,0,-5.25585,1.86,0.31644,-4.86409,1.68406,0.541884,0,-5.54519,1.86,0.601238,-5.2268,1.77467,0.867631,0,-6.04393,1.86,0.620664,-5.7737,1.8334,0.881921,0,-5.61173,1.86,0.498787,-5.30456,1.71913,0.757014,0,-6.1145,1.86,0.457043,-5.91141,1.65681,0.715846,0,-5.9014,1.86,0.490648,-5.63289,1.78582,0.742743,0,-5.29869,1.86,0.456458,-4.92389,1.71448,0.705682,0,-5.95904,1.86,0.56575,-5.70711,1.73532,0.835019,0,-5.31084,1.86,0.124192,-4.93834,1.7093,0.308548,0,-5.8569,1.86,0.409553,-5.57222,1.85159,0.648059,0,
0.466677,-5.80506,3.17079,0.333788,-5.52504,3.28229,0.567044,-5.48916,1.86,0.677487,-5.15902,1.73201,0.964845,0,-5.80416,1.86,0.554625,-5.52212,1.82035,0.804625,0,-6.12994,1.86,0.513058,-5.89137,1.76818,0.768829,0,-5.62741,1.86,0.401061,-5.32816,1.78446,0.635862,0,-6.09482,1.86,0.627549,-5.87919,1.68017,0.920764,0,-6.02715,1.86,0.467733,-5.76707,1.81466,0.708456,0,-5.6634,1.86,0.618226,-5.3669,1.8036,0.88222,0,-5.73523,1.86,0.671791,-5.44897,1.81057,0.936427,0,-5.60867,1.86,0.656938,-5.30305,1.73692,0.941808,0,-5.90879,1.86,0.629199,-5.64326,1.7753,0.900919,0,-5.56479,1.86,0.684079,-5.25235,1.77033,0.963851,0,-5.452,1.86,0.558931,-5.12804,1.80326,0.814983,0,-5.52674,1.86,0.471722,-5.21868,1.83066,0.71152,0,-5.63699,1.86,0.449275,-5.33968,1.78705,0.692512,0,-5.965,1.86,0.288576,-5.69873,1.82003,0.511759,0,-5.41467,1.86,0.522725,-5.0824,1.78453,0.775986,0,-5.99818,1.86,0.704043,-5.74122,1.78268,0.982654,0,-5.26482,1.86,0.576027,-4.88067,1.68813,0.8548,0,-5.27071,1.86,0.518562,-4.89941,1.73243,0.778758,0,-6.067,1.86,0.503221,-5.83462,1.7302,0.766103,0,-5.24613,1.86,0.675392,-4.81781,1.57458,1.0067,0,-5.89312,1.86,0.227236,-5.61566,1.85554,0.446829,0,-5.8815,1.86,0.337273,-5.60604,1.84083,0.566993,0,-6.09987,1.86,0.226766,-5.85237,1.79452,0.443247,0,-5.23964,1.86,0.415641,-4.86993,1.75608,0.654901,0,-5.43417,1.86,0.614412,-5.10418,1.78506,0.878688,0,-5.73278,1.86,0.541804,-5.44338,1.82269,0.788257,0,-6.10488,1.86,0.701005,-5.86623,1.75776,0.985045,0,-5.50381,1.86,0.527863,-5.18361,1.77079,0.783307,0,-6.14416,1.86,0.381665,-5.9086,1.7664,0.619225,0,-5.35057,1.86,0.501201,-4.97899,1.65712,0.768002,0,-5.25585,1.86,0.31644,-4.86966,1.68808,0.539605,0,-5.54519,1.86,0.601238,-5.23022,1.7708,0.870289,0,-6.04393,1.86,0.620664,-5.77326,1.84558,0.879314,0,-5.61173,1.86,0.498787,-5.30835,1.70775,0.758951,0,-6.1145,1.86,0.457043,-5.91353,1.66248,0.717084,0,-5.9014,1.86,0.490648,-5.63359,1.79837,0.741306,0,-5.29869,1.86,0.456458,-4.93086,1.72873,0.703335,0,-5.95904,1.86,0.56575,-5.70198,1.77165,0.826063,0,-5.31084,1.86,0.124192,-4.9474,1.73114,0.312732,0,-5.8569,1.86,0.409553,-5.57392,1.86536,0.646822,0,
0.500011,-5.83213,3.16963,0.334165,-5.55206,3.28193,0.567681,-5.48916,1.86,0.677487,-5.21593,1.93083,0.911712,0,-5.80416,1.86,0.554625,-5.53295,1.97798,0.77877,0,-6.12994,1.86,0.513058,-5.85784,1.94557,0.743809,0,-5.62741,1.86,0.401061,-5.35919,1.93496,0.628726,0,-6.09482,1.86,0.627549,-5.83813,1.91116,0.868496,0,-6.02715,1.86,0.467733,-5.75227,1.95817,0.691436,0,-5.6634,1.86,0.618226,-5.39524,1.96963,0.845662,0,-5.73523,1.86,0.671791,-5.46914,1.96716,0.898583,0,-5.60867,1.86,0.656938,-5.33722,1.90579,0.900097,0,-5.90879,1.86,0.629199,-5.63892,1.9616,0.858915,0,-5.56479,1.86,0.684079,-5.29438,1.94464,0.915967,0,-5.452,1.86,0.558931,-5.18101,1.9566,0.788604,0,-5.52674,1.86,0.471722,-5.25776,1.95142,0.69951,0,-5.63699,1.86,0.449275,-5.36942,1.93762,0.678593,0,-5.965,1.86,0.288576,-5.69286,1.95264,0.515313,0,-5.41467,1.86,0.522725,-5.13726,1.93239,0.752908,0,-5.99818,1.86,0.704043,-5.72019,1.98335,0.925676,0,-5.26482,1.86,0.576027,-4.98553,1.92046,0.810696,0,-5.27071,1.86,0.518562,-4.99608,1.94504,0.74854,0,-6.067,1.86,0.503221,-5.80133,1.93761,0.7388,0,-5.24613,1.86,0.675392,-4.9379,1.84062,0.936916,0,-5.89312,1.86,0.227236,-5.61888,1.97715,0.454624,0,-5.8815,1.86,0.337273,-5.60774,1.9835,0.567168,0,-6.09987,1.86,0.226766,-5.8283,1.95116,0.456062,0,-5.23964,1.86,0.415641,-4.96889,1.96479,0.642689,0,-5.43417,1.86,0.614412,-5.16201,1.95814,0.840611,0,-5.73278,1.86,0.541804,-5.46163,1.96171,0.765286,0,-6.10488,1.86,0.701005,-5.8343,1.95032,0.933113,0,-5.50381,1.86,0.527863,-5.23029,1.92945,0.75989,0,-6.14416,1.86,0.381665,-5.87353,1.94496,0.61235,0,-5.35057,1.86,0.501201,-5.05964,1.86571,0.74094,0,-5.25585,1.86,0.31644,-4.97247,1.91316,0.542638,0,-5.54519,1.86,0.601238,-5.27234,1.92867,0.837428,0,-6.04393,1.86,0.620664,-5.75446,2.01031,0.843611,0,-5.61173,1.86,0.498787,-5.34437,1.88994,0.735999,0,-6.1145,1.86,0.457043,-5.86311,1.90344,0.693966,0,-5.9014,1.86,0.490648,-5.63278,1.95188,0.722082,0,-5.29869,1.86,0.456458,-5.01145,1.91201,0.68505,0,-5.95904,1.86,0.56575,-5.69678,1.91288,0.802865,0,-5.31084,1.86,0.124192,-5.03072,1.92634,0.342516,0,-5.8569,1.86,0.409553,-5.58084,1.96592,0.640453,0,
0.533345,-5.84248,3.16924,0.334031,-5.56758,3.28172,0.568047,-5.48916,1.86,0.677487,-5.21665,1.92607,0.909121,0,-5.80416,1.86,0.554625,-5.53442,1.97736,0.774727,0,-6.12994,1.86,0.513058,-5.85069,1.97808,0.738488,0,-5.62741,1.86,0.401061,-5.35732,1.93366,0.624789,0,-6.09482,1.86,0.627549,-5.83381,1.93384,0.859716,0,-6.02715,1.86,0.467733,-5.75092,1.97871,0.6863,0,-5.6634,1.86,0.618226,-5.39684,1.96714,0.842497,0,-5.73523,1.86,0.671791,-5.47044,1.9648,0.895016,0,-5.60867,1.86,0.656938,-5.33757,1.90175,0.897183,0,-5.90879,1.86,0.629199,-5.63876,1.96672,0.854065,0,-5.56479,1.86,0.684079,-5.29478,1.94177,0.912942,0,-5.452,1.86,0.558931,-5.17989,1.95232,0.783823,0,-5.52674,1.86,0.471722,-5.25967,1.94933,0.69643,0,-5.63699,1.86,0.449275,-5.37011,1.93546,0.674936,0,-5.965,1.86,0.288576,-5.69063,1.9688,0.513865,0,-5.41467,1.86,0.522725,-5.13723,1.9262,0.749923,0,-5.99818,1.86,0.704043,-5.72208,1.99679,0.918943,0,-5.26482,1.86,0.576027,-4.97611,1.895,0.811804,0,-5.27071,1.86,0.518562,-4.98815,1.92082,0.747481,0,-6.067,1.86,0.503221,-5.79513,1.96283,0.731016,0,-5.24613,1.86,0.675392,-4.92509,1.8133,0.936914,0,-5.89312,1.86,0.227236,-5.61989,1.97992,0.452841,0,-5.8815,1.86,0.337273,-5.60912,1.98598,0.564874,0,-6.09987,1.86,0.226766,-5.82322,1.97943,0.455518,0,-5.23964,1.86,0.415641,-4.95809,1.93749,0.642727,0,-5.43417,1.86,0.614412,-5.16342,1.95269,0.838778,0,-5.73278,1.86,0.541804,-5.46294,1.95956,0.762342,0,-6.10488,1.86,0.701005,-5.82837,1.97404,0.921195,0,-5.50381,1.86,0.527863,-5.23049,1.9263,0.756487,0,-6.14416,1.86,0.381665,-5.86763,1.97746,0.608039,0,-5.35057,1.86,0.501201,-5.0549,1.84633,0.739829,0,-5.25585,1.86,0.31644,-4.96007,1.88636,0.537723,0,-5.54519,1.86,0.601238,-5.27176,1.9214,0.835028,0,-6.04393,1.86,0.620664,-5.75213,2.02985,0.835737,0,-5.61173,1.86,0.498787,-5.34451,1.8873,0.731845,0,-6.1145,1.86,0.457043,-5.85668,1.93126,0.686272,0,-5.9014,1.86,0.490648,-5.63369,1.95482,0.717978,0,-5.29869,1.86,0.456458,-5.00537,1.8934,0.683183,0,-5.95904,1.86,0.56575,-5.69639,1.92338,0.797701,0,-5.31084,1.86,0.124192,-5.02443,1.90928,0.336177,0,-5.8569,1.86,0.409553,-5.58468,1.96316,0.637329,0,
0.566679,-5.84248,3.16924,0.334031,-5.56222,3.2818,0.567921,-5.48916,1.86,0.677487,-5.19837,1.93361,0.904983,0,-5.80416,1.86,0.554625,-5.51295,1.97742,0.772842,0,-6.12994,1.86,0.513058,-5.82893,1.98601,0.736417,0,-5.62741,1.86,0.401061,-5.33737,1.93613,0.622279,0,-6.09482,1.86,0.627549,-5.81156,1.94288,0.856894,0,-6.02715,1.86,0.467733,-5.72783,1.98071,0.683212,0,-5.6634,1.86,0.618226,-5.37726,1.96867,0.841286,0,-5.73523,1.86,0.671791,-5.44822,1.96513,0.892906,0,-5.60867,1.86,0.656938,-5.31779,1.90428,0.895169,0,-5.90879,1.86,0.629199,-5.61947,1.96773,0.852529,0,-5.56479,1.86,0.684079,-5.27584,1.94571,0.910082,0,-5.452,1.86,0.558931,-5.163,1.96092,0.779605,0,-5.52674,1.86,0.471722,-5.24162,1.95354,0.694141,0,-5.63699,1.86,0.449275,-5.34881,1.93777,0.673171,0,-5.965,1.86,0.288576,-5.67128,1.9705,0.512525,0,-5.41467,1.86,0.522725,-5.11844,1.93576,0.745922,0,-5.99818,1.86,0.704043,-5.69966,1.99806,0.916387,0,-5.26482,1.86,0.576027,-4.96845,1.92155,0.804742,0,-5.27071,1.86,0.518562,-4.97903,1.94523,0.742361,0,-6.067,1.86,0.503221,-5.77301,1.96956,0.728806,0,-5.24613,1.86,0.675392,-4.91844,1.84702,0.926409,0,-5.89312,1.86,0.227236,-5.60237,1.98083,0.449215,0,-5.8815,1.86,0.337273,-5.58928,1.98648,0.561102,0,-6.09987,1.86,0.226766,-5.80158,1.98538,0.454113,0,-5.23964,1.86,0.415641,-4.95146,1.9621,0.637081,0,-5.43417,1.86,0.614412,-5.14665,1.96136,0.83698,0,-5.73278,1.86,0.541804,-5.44531,1.96006,0.762775,0,-6.10488,1.86,0.701005,-5.80581,1.98252,0.918123,0,-5.50381,1.86,0.527863,-5.21324,1.93231,0.753776,0,-6.14416,1.86,0.381665,-5.84487,1.98557,0.606384,0,-5.35057,1.86,0.501201,-5.03972,1.8642,0.735661,0,-5.25585,1.86,0.31644,-4.9544,1.9157,0.537554,0,-5.54519,1.86,0.601238,-5.25307,1.92609,0.832221,0,-6.04393,1.86,0.620664,-5.7319,2.03361,0.834107,0,-5.61173,1.86,0.498787,-5.32482,1.89044,0.730026,0,-6.1145,1.86,0.457043,-5.83239,1.94141,0.683662,0,-5.9014,1.86,0.490648,-5.61253,1.95554,0.716433,0,-5.29869,1.86,0.456458,-4.99267,1.91273,0.679617,0,-5.95904,1.86,0.56575,-5.67479,1.9248,0.79527,0,-5.31084,1.86,0.124192,-5.0134,1.92953,0.337159,0,-5.8569,1.86,0.409553,-5.56334,1.96326,0.633939,0,
0.600013,-5.89053,3.16742,0.335025,-5.57767,3.2816,0.568286,-5.48916,1.86,0.677487,-5.19789,1.9331,0.902261,0,-5.80416,1.86,0.554625,-5.51433,1.97727,0.772403,0,-6.12994,1.86,0.513058,-5.82883,1.98705,0.734442,0,-5.62741,1.86,0.401061,-5.33621,1.936,0.6198,0,-6.09482,1.86,0.627549,-5.81065,1.94321,0.854911,0,-6.02715,1.86,0.467733,-5.72704,1.98178,0.681698,0,-5.6634,1.86,0.618226,-5.37722,1.96815,0.838597,0,-5.73523,1.86,0.671791,-5.44772,1.96498,0.892193,0,-5.60867,1.86,0.656938,-5.31673,1.90372,0.892352,0,-5.90879,1.86,0.629199,-5.62079,1.9679,0.853558,0,-5.56479,1.86,0.684079,-5.27478,1.94513,0.90737,0,-5.452,1.86,0.558931,-5.16325,1.95975,0.777304,0,-5.52674,1.86,0.471722,-5.24117,1.95367,0.691739,0,-5.63699,1.86,0.449275,-5.34885,1.93767,0.67081,0,-5.965,1.86,0.288576,-5.66872,1.97036,0.509061,0,-5.41467,1.86,0.522725,-5.11961,1.93591,0.744107,0,-5.99818,1.86,0.704043,-5.70021,1.99815,0.913209,0,-5.26482,1.86,0.576027,-4.96547,1.91824,0.801877,0,-5.27071,1.86,0.518562,-4.97628,1.94263,0.739815,0,-6.067,1.86,0.503221,-5.77355,1.96988,0.726749,0,-5.24613,1.86,0.675392,-4.91543,1.84165,0.924158,0,-5.89312,1.86,0.227236,-5.60242,1.9809,0.447339,0,-5.8815,1.86,0.337273,-5.58787,1.98649,0.559678,0,-6.09987,1.86,0.226766,-5.80136,1.98667,0.452739,0,-5.23964,1.86,0.415641,-4.95088,1.95739,0.634351,0,-5.43417,1.86,0.614412,-5.14514,1.96087,0.833506,0,-5.73278,1.86,0.541804,-5.44485,1.95984,0.760444,0,-6.10488,1.86,0.701005,-5.80451,1.98269,0.916064,0,-5.50381,1.86,0.527863,-5.21216,1.93185,0.750924,0,-6.14416,1.86,0.381665,-5.84451,1.98779,0.604467,0,-5.35057,1.86,0.501201,-5.03762,1.86372,0.730591,0,-5.25585,1.86,0.31644,-4.95112,1.90969,0.534923,0,-5.54519,1.86,0.601238,-5.25199,1.9256,0.829401,0,-6.04393,1.86,0.620664,-5.73048,2.03324,0.832189,0,-5.61173,1.86,0.498787,-5.32333,1.89036,0.727516,0,-6.1145,1.86,0.457043,-5.83394,1.94337,0.680063,0,-5.9014,1.86,0.490648,-5.61164,1.95539,0.714538,0,-5.29869,1.86,0.456458,-4.9918,1.91081,0.677802,0,-5.95904,1.86,0.56575,-5.6744,1.92471,0.792866,0,-5.31084,1.86,0.124192,-5.01113,1.9277,0.334332,0,-5.8569,1.86,0.409553,-5.56224,1.96317,0.631359,0,
0.633347,-5.89053,3.16742,0.335025,-5.60958,3.28136,0.569045,-5.48916,1.86,0.677487,-5.21588,1.93306,0.9021,0,-5.80416,1.86,0.554625,-5.5317,1.97716,0.773736,0,-6.12994,1.86,0.513058,-5.84512,1.9848,0.735782,0,-5.62741,1.86,0.401061,-5.35313,1.93574,0.620678,0,-6.09482,1.86,0.627549,-5.82482,1.94356,0.856117,0,-6.02715,1.86,0.467733,-5.74488,1.98186,0.683515,0,-5.6634,1.86,0.618226,-5.39506,1.96792,0.839473,0,-5.73523,1.86,0.671791,-5.46413,1.96443,0.891522,0,-5.60867,1.86,0.656938,-5.33371,1.90367,0.893171,0,-5.90879,1.86,0.629199,-5.63874,1.9677,0.853974,0,-5.56479,1.86,0.684079,-5.29221,1.9449,0.906795,0,-5.452,1.86,0.558931,-5.18069,1.95982,0.777784,0,-5.52674,1.86,0.471722,-5.25962,1.95373,0.691572,0,-5.63699,1.86,0.449275,-5.36669,1.93709,0.670768,0,-5.965,1.86,0.288576,-5.6878,1.97344,0.510916,0,-5.41467,1.86,0.522725,-5.13685,1.93501,0.744559,0,-5.99818,1.86,0.704043,-5.71848,1.99826,0.914523,0,-5.26482,1.86,0.576027,-4.98595,1.9233,0.801795,0,-5.27071,1.86,0.518562,-4.99651,1.94718,0.739082,0,-6.067,1.86,0.503221,-5.79144,1.97201,0.728155,0,-5.24613,1.86,0.675392,-4.9337,1.84499,0.921136,0,-5.89312,1.86,0.227236,-5.6203,1.98079,0.447293,0,-5.8815,1.86,0.337273,-5.60497,1.98363,0.561271,0,-6.09987,1.86,0.226766,-5.82044,1.98266,0.453648,0,-5.23964,1.86,0.415641,-4.97033,1.96108,0.634529,0,-5.43417,1.86,0.614412,-5.16391,1.96214,0.8334,0,-5.73278,1.86,0.541804,-5.46197,1.95956,0.76069,0,-6.10488,1.86,0.701005,-5.82442,1.98475,0.919127,0,-5.50381,1.86,0.527863,-5.23029,1.93236,0.751694,0,-6.14416,1.86,0.381665,-5.86239,1.98303,0.60641,0,-5.35057,1.86,0.501201,-5.05595,1.86672,0.730064,0,-5.25585,1.86,0.31644,-4.97023,1.91512,0.533866,0,-5.54519,1.86,0.601238,-5.26997,1.92555,0.829271,0,-6.04393,1.86,0.620664,-5.7491,2.03389,0.831957,0,-5.61173,1.86,0.498787,-5.3408,1.89018,0.727907,0,-6.1145,1.86,0.457043,-5.85154,1.94257,0.68152,0,-5.9014,1.86,0.490648,-5.62904,1.95536,0.715894,0,-5.29869,1.86,0.456458,-5.01064,1.91235,0.677547,0,-5.95904,1.86,0.56575,-5.69424,1.92439,0.790521,0,-5.31084,1.86,0.124192,-5.02974,1.93109,0.335903,0,-5.8569,1.86,0.409553,-5.57817,1.96303,0.632735,0,
0.666681,-5.91792,3.16646,0.335428,-5.62522,3.28123,0.569417,-5.48916,1.86,0.677487,-5.21564,1.93238,0.901309,0,-5.80416,1.86,0.554625,-5.53263,1.97699,0.772854,0,-6.12994,1.86,0.513058,-5.84594,1.98386,0.735055,0,-5.62741,1.86,0.401061,-5.35352,1.93532,0.619253,0,-6.09482,1.86,0.627549,-5.82476,1.94433,0.855006,0,-6.02715,1.86,0.467733,-5.74531,1.98154,0.683927,0,-5.6634,1.86,0.618226,-5.39592,1.96756,0.838633,0,-5.73523,1.86,0.671791,-5.46497,1.96398,0.890077,0,-5.60867,1.86,0.656938,-5.33313,1.90324,0.891793,0,-5.90879,1.86,0.629199,-5.64039,1.9671,0.851197,0,-5.56479,1.86,0.684079,-5.29207,1.94441,0.905968,0,-5.452,1.86,0.558931,-5.18072,1.95951,0.777567,0,-5.52674,1.86,0.471722,-5.25994,1.95329,0.691146,0,-5.63699,1.86,0.449275,-5.365,1.93728,0.6715,0,-5.965,1.86,0.288576,-5.68724,1.97299,0.510374,0,-5.41467,1.86,0.522725,-5.13719,1.93475,0.74412,0,-5.99818,1.86,0.704043,-5.71735,1.99783,0.914427,0,-5.26482,1.86,0.576027,-4.98549,1.92039,0.802311,0,-5.27071,1.86,0.518562,-4.99537,1.94489,0.738414,0,-6.067,1.86,0.503221,-5.7919,1.97096,0.728129,0,-5.24613,1.86,0.675392,-4.93296,1.84371,0.921197,0,-5.89312,1.86,0.227236,-5.62126,1.98086,0.446382,0,-5.8815,1.86,0.337273,-5.60577,1.98363,0.560161,0,-6.09987,1.86,0.226766,-5.81766,1.98205,0.450833,0,-5.23964,1.86,0.415641,-4.9686,1.96141,0.635361,0,-5.43417,1.86,0.614412,-5.16312,1.96094,0.83233,0,-5.73278,1.86,0.541804,-5.46242,1.95948,0.76024,0,-6.10488,1.86,0.701005,-5.82395,1.98285,0.918783,0,-5.50381,1.86,0.527863,-5.23189,1.93128,0.751764,0,-6.14416,1.86,0.381665,-5.86244,1.9807,0.605069,0,-5.35057,1.86,0.501201,-5.05629,1.86383,0.727524,0,-5.25585,1.86,0.31644,-4.97056,1.91437,0.533375,0,-5.54519,1.86,0.601238,-5.26979,1.92494,0.82842,0,-6.04393,1.86,0.620664,-5.74968,2.03309,0.830808,0,-5.61173,1.86,0.498787,-5.3405,1.88983,0.726854,0,-6.1145,1.86,0.457043,-5.8504,1.94209,0.682404,0,-5.9014,1.86,0.490648,-5.62907,1.95523,0.714962,0,-5.29869,1.86,0.456458,-5.0101,1.91127,0.676646,0,-5.95904,1.86,0.56575,-5.6943,1.92387,0.78964,0,-5.31084,1.86,0.124192,-5.02968,1.92995,0.334235,0,-5.8569,1.86,0.409553,-5.57865,1.96298,0.632275,0,
0.700015,-5.91792,3.16646,0.335428,-5.63741,3.28114,0.569707,-5.48916,1.86,0.677487,-5.21108,1.93315,0.901551,0,-5.80416,1.86,0.554625,-5.52975,1.97707,0.773241,0,-6.12994,1.86,0.513058,-5.84449,1.9837,0.73282,0,-5.62741,1.86,0.401061,-5.34768,1.93569,0.618417,0,-6.09482,1.86,0.627549,-5.82256,1.94417,0.855043,0,-6.02715,1.86,0.467733,-5.74396,1.98197,0.686468,0,-5.6634,1.86,0.618226,-5.39304,1.96765,0.839017,0,-5.73523,1.86,0.671791,-5.46205,1.96412,0.890912,0,-5.60867,1.86,0.656938,-5.32977,1.90331,0.891704,0,-5.90879,1.86,0.629199,-5.63967,1.96699,0.850515,0,-5.56479,1.86,0.684079,-5.28871,1.94447,0.905883,0,-5.452,1.86,0.558931,-5.17588,1.96058,0.779508,0,-5.52674,1.86,0.471722,-5.25708,1.95344,0.690589,0,-5.63699,1.86,0.449275,-5.3611,1.93761,0.670491,0,-5.965,1.86,0.288576,-5.68578,1.97326,0.509522,0,-5.41467,1.86,0.522725,-5.13311,1.93518,0.744435,0,-5.99818,1.86,0.704043,-5.71371,1.99797,0.913658,0,-5.26482,1.86,0.576027,-4.98359,1.92048,0.801768,0,-5.27071,1.86,0.518562,-4.99094,1.94704,0.738871,0,-6.067,1.86,0.503221,-5.78855,1.97031,0.727646,0,-5.24613,1.86,0.675392,-4.92722,1.8437,0.919554,0,-5.89312,1.86,0.227236,-5.61596,1.98087,0.446768,0,-5.8815,1.86,0.337273,-5.60295,1.98366,0.559273,0,-6.09987,1.86,0.226766,-5.81318,1.98347,0.449055,0,-5.23964,1.86,0.415641,-4.9675,1.9641,0.635171,0,-5.43417,1.86,0.614412,-5.16149,1.96145,0.833087,0,-5.73278,1.86,0.541804,-5.45637,1.95963,0.758658,0,-6.10488,1.86,0.701005,-5.82097,1.98375,0.918934,0,-5.50381,1.86,0.527863,-5.22834,1.93111,0.751388,0,-6.14416,1.86,0.381665,-5.85996,1.98135,0.604995,0,-5.35057,1.86,0.501201,-5.05392,1.86318,0.728981,0,-5.25585,1.86,0.31644,-4.96789,1.91388,0.533304,0,-5.54519,1.86,0.601238,-5.26694,1.92512,0.828804,0,-6.04393,1.86,0.620664,-5.74812,2.03338,0.830711,0,-5.61173,1.86,0.498787,-5.3362,1.89007,0.726727,0,-6.1145,1.86,0.457043,-5.84485,1.94255,0.68278,0,-5.9014,1.86,0.490648,-5.62575,1.95527,0.71488,0,-5.29869,1.86,0.456458,-5.00827,1.91165,0.674059,0,-5.95904,1.86,0.56575,-5.69098,1.92398,0.789546,0,-5.31084,1.86,0.124192,-5.02721,1.92987,0.334159,0,-5.8569,1.86,0.409553,-5.57762,1.9629,0.631905,0,
0.733349,-5.94615,3.16544,0.33577,-5.6529,3.28103,0.570075,-5.48916,1.86,0.677487,-5.21325,1.93302,0.901623,0,-5.80416,1.86,0.554625,-5.53243,1.97724,0.775943,0,-6.12994,1.86,0.513058,-5.84596,1.98336,0.732431,0,-5.62741,1.86,0.401061,-5.34867,1.93596,0.618428,0,-6.09482,1.86,0.627549,-5.82356,1.94393,0.855114,0,-6.02715,1.86,0.467733,-5.7446,1.98176,0.686023,0,-5.6634,1.86,0.618226,-5.39483,1.9674,0.839105,0,-5.73523,1.86,0.671791,-5.46256,1.96426,0.89192,0,-5.60867,1.86,0.656938,-5.33019,1.90315,0.892239,0,-5.90879,1.86,0.629199,-5.64106,1.96704,0.850998,0,-5.56479,1.86,0.684079,-5.28954,1.94419,0.90597,0,-5.452,1.86,0.558931,-5.17555,1.96196,0.780047,0,-5.52674,1.86,0.471722,-5.25807,1.95335,0.691186,0,-5.63699,1.86,0.449275,-5.36297,1.93709,0.670535,0,-5.965,1.86,0.288576,-5.6848,1.97309,0.51073,0,-5.41467,1.86,0.522725,-5.13314,1.93587,0.743535,0,-5.99818,1.86,0.704043,-5.7129,1.99762,0.912243,0,-5.26482,1.86,0.576027,-4.98449,1.91949,0.802453,0,-5.27071,1.86,0.518562,-4.99304,1.94755,0.738847,0,-6.067,1.86,0.503221,-5.78961,1.96959,0.72842,0,-5.24613,1.86,0.675392,-4.92867,1.84467,0.919336,0,-5.89312,1.86,0.227236,-5.61737,1.98086,0.446331,0,-5.8815,1.86,0.337273,-5.60387,1.98362,0.559294,0,-6.09987,1.86,0.226766,-5.81541,1.98386,0.449452,0,-5.23964,1.86,0.415641,-4.96679,1.96236,0.633262,0,-5.43417,1.86,0.614412,-5.16187,1.96019,0.832765,0,-5.73278,1.86,0.541804,-5.45729,1.95961,0.758681,0,-6.10488,1.86,0.701005,-5.82232,1.98401,0.919349,0,-5.50381,1.86,0.527863,-5.22997,1.93116,0.750169,0,-6.14416,1.86,0.381665,-5.8614,1.98116,0.605498,0,-5.35057,1.86,0.501201,-5.05189,1.86294,0.730348,0,-5.25585,1.86,0.31644,-4.96711,1.91377,0.530933,0,-5.54519,1.86,0.601238,-5.26819,1.92456,0.82846,0,-6.04393,1.86,0.620664,-5.75079,2.0334,0.830763,0,-5.61173,1.86,0.498787,-5.33712,1.88993,0.726764,0,-6.1145,1.86,0.457043,-5.84569,1.94357,0.682716,0,-5.9014,1.86,0.490648,-5.62669,1.95526,0.714903,0,-5.29869,1.86,0.456458,-5.01067,1.91001,0.672468,0,-5.95904,1.86,0.56575,-5.68993,1.92428,0.791467,0,-5.31084,1.86,0.124192,-5.02725,1.92904,0.33452,0,-5.8569,1.86,0.409553,-5.57811,1.96288,0.631266,0,
0.766683,-5.94615,3.16544,0.33577,-5.66544,3.28086,0.570371,-5.48916,1.86,0.677487,-5.20879,1.93239,0.902759,0,-5.80416,1.86,0.554625,-5.52976,1.97744,0.77678,0,-6.12994,1.86,0.513058,-5.8433,1.98335,0.733277,0,-5.62741,1.86,0.401061,-5.34231,1.93589,0.618753,0,-6.09482,1.86,0.627549,-5.81903,1.94381,0.855958,0,-6.02715,1.86,0.467733,-5.7418,1.98199,0.687711,0,-5.6634,1.86,0.618226,-5.39213,1.96707,0.837922,0,-5.73523,1.86,0.671791,-5.45826,1.96436,0.891452,0,-5.60867,1.86,0.656938,-5.32655,1.90333,0.893117,0,-5.90879,1.86,0.629199,-5.6363,1.96678,0.849327,0,-5.56479,1.86,0.684079,-5.28632,1.94408,0.90643,0,-5.452,1.86,0.558931,-5.17219,1.96161,0.779589,0,-5.52674,1.86,0.471722,-5.2529,1.95392,0.692178,0,-5.63699,1.86,0.449275,-5.35864,1.93688,0.67134,0,-5.965,1.86,0.288576,-5.68085,1.97315,0.511349,0,-5.41467,1.86,0.522725,-5.13046,1.93567,0.744115,0,-5.99818,1.86,0.704043,-5.70887,1.99782,0.912537,0,-5.26482,1.86,0.576027,-4.9805,1.92005,0.801824,0,-5.27071,1.86,0.518562,-4.98811,1.94528,0.739086,0,-6.067,1.86,0.503221,-5.78608,1.96944,0.728026,0,-5.24613,1.86,0.675392,-4.92281,1.84231,0.91862,0,-5.89312,1.86,0.227236,-5.61422,1.98076,0.447659,0,-5.8815,1.86,0.337273,-5.60013,1.98367,0.560644,0,-6.09987,1.86,0.226766,-5.81418,1.98329,0.449531,0,-5.23964,1.86,0.415641,-4.96473,1.96303,0.632647,0,-5.43417,1.86,0.614412,-5.15833,1.96077,0.832884,0,-5.73278,1.86,0.541804,-5.45411,1.95954,0.76004,0,-6.10488,1.86,0.701005,-5.81832,1.98378,0.919749,0,-5.50381,1.86,0.527863,-5.22554,1.93142,0.751227,0,-6.14416,1.86,0.381665,-5.85833,1.98087,0.605892,0,-5.35057,1.86,0.501201,-5.04805,1.86528,0.728952,0,-5.25585,1.86,0.31644,-4.96433,1.91543,0.532994,0,-5.54519,1.86,0.601238,-5.2645,1.92451,0.828413,0,-6.04393,1.86,0.620664,-5.74853,2.03351,0.831998,0,-5.61173,1.86,0.498787,-5.33384,1.88963,0.727263,0,-6.1145,1.86,0.457043,-5.84134,1.94298,0.685216,0,-5.9014,1.86,0.490648,-5.62262,1.95532,0.714818,0,-5.29869,1.86,0.456458,-5.00584,1.90982,0.673018,0,-5.95904,1.86,0.56575,-5.68305,1.9248,0.794269,0,-5.31084,1.86,0.124192,-5.02374,1.92963,0.3345,0,-5.8569,1.86,0.409553,-5.57317,1.96317,0.634395,0,
0.800017,-5.97372,3.16439,0.336039,-5.69247,3.28054,0.57101,-5.48916,1.86,0.677487,-5.21977,1.93314,0.902344,0,-5.80416,1.86,0.554625,-5.54144,1.97724,0.776609,0,-6.12994,1.86,0.513058,-5.85407,1.98331,0.733979,0,-5.62741,1.86,0.401061,-5.35297,1.93661,0.617129,0,-6.09482,1.86,0.627549,-5.82731,1.94388,0.856266,0,-6.02715,1.86,0.467733,-5.75135,1.98157,0.6849,0,-5.6634,1.86,0.618226,-5.40426,1.96696,0.838216,0,-5.73523,1.86,0.671791,-5.47001,1.96391,0.890513,0,-5.60867,1.86,0.656938,-5.33722,1.90309,0.891949,0,-5.90879,1.86,0.629199,-5.64561,1.96732,0.852565,0,-5.56479,1.86,0.684079,-5.29752,1.94409,0.906682,0,-5.452,1.86,0.558931,-5.18309,1.96085,0.779972,0,-5.52674,1.86,0.471722,-5.26698,1.95411,0.690982,0,-5.63699,1.86,0.449275,-5.36935,1.93719,0.6708,0,-5.965,1.86,0.288576,-5.69224,1.97312,0.51032,0,-5.41467,1.86,0.522725,-5.14079,1.93533,0.746038,0,-5.99818,1.86,0.704043,-5.72181,1.9977,0.912486,0,-5.26482,1.86,0.576027,-4.99207,1.92179,0.801302,0,-5.27071,1.86,0.518562,-4.99784,1.94741,0.738977,0,-6.067,1.86,0.503221,-5.79752,1.96962,0.729348,0,-5.24613,1.86,0.675392,-4.93446,1.84392,0.920336,0,-5.89312,1.86,0.227236,-5.6245,1.98046,0.450119,0,-5.8815,1.86,0.337273,-5.61188,1.98349,0.560307,0,-6.09987,1.86,0.226766,-5.82341,1.98257,0.450846,0,-5.23964,1.86,0.415641,-4.9748,1.96224,0.633516,0,-5.43417,1.86,0.614412,-5.16973,1.9616,0.834751,0,-5.73278,1.86,0.541804,-5.46529,1.95924,0.759394,0,-6.10488,1.86,0.701005,-5.82911,1.98388,0.919477,0,-5.50381,1.86,0.527863,-5.23746,1.93216,0.751882,0,-6.14416,1.86,0.381665,-5.86909,1.98092,0.606607,0,-5.35057,1.86,0.501201,-5.05971,1.86524,0.729583,0,-5.25585,1.86,0.31644,-4.97289,1.91617,0.53439,0,-5.54519,1.86,0.601238,-5.27579,1.92483,0.828609,0,-6.04393,1.86,0.620664,-5.76025,2.03336,0.831831,0,-5.61173,1.86,0.498787,-5.34424,1.88982,0.728485,0,-6.1145,1.86,0.457043,-5.84808,1.94986,0.683074,0,-5.9014,1.86,0.490648,-5.63229,1.95529,0.715549,0,-5.29869,1.86,0.456458,-5.01758,1.91198,0.672621,0,-5.95904,1.86,0.56575,-5.69143,1.92483,0.794741,0,-5.31084,1.86,0.124192,-5.03488,1.93057,0.333441,0,-5.8569,1.86,0.409553,-5.58446,1.95512,0.634719,0,
0.833351,-5.98407,3.16408,0.335805,-5.70802,3.28036,0.571378,-5.48916,1.86,0.677487,-5.21851,1.93379,0.902632,0,-5.80416,1.86,0.554625,-5.54174,1.97759,0.779051,0,-6.12994,1.86,0.513058,-5.85267,1.98362,0.734372,0,-5.62741,1.86,0.401061,-5.35068,1.93664,0.618588,0,-6.09482,1.86,0.627549,-5.8253,1.95059,0.855277,0,-6.02715,1.86,0.467733,-5.7504,1.98184,0.685784,0,-5.6634,1.86,0.618226,-5.40181,1.96754,0.838238,0,-5.73523,1.86,0.671791,-5.46814,1.96483,0.893603,0,-5.60867,1.86,0.656938,-5.33496,1.90403,0.893143,0,-5.90879,1.86,0.629199,-5.6459,1.96756,0.853973,0,-5.56479,1.86,0.684079,-5.29582,1.94491,0.907382,0,-5.452,1.86,0.558931,-5.18265,1.96115,0.781674,0,-5.52674,1.86,0.471722,-5.26601,1.9528,0.691565,0,-5.63699,1.86,0.449275,-5.36841,1.93751,0.671717,0,-5.965,1.86,0.288576,-5.6906,1.97315,0.511952,0,-5.41467,1.86,0.522725,-5.1394,1.93672,0.744085,0,-5.99818,1.86,0.704043,-5.72161,1.99797,0.913808,0,-5.26482,1.86,0.576027,-4.99116,1.92297,0.800585,0,-5.27071,1.86,0.518562,-4.99743,1.95038,0.73856,0,-6.067,1.86,0.503221,-5.79544,1.96951,0.729115,0,-5.24613,1.86,0.675392,-4.93137,1.84405,0.92024,0,-5.89312,1.86,0.227236,-5.62346,1.98042,0.450734,0,-5.8815,1.86,0.337273,-5.61141,1.98349,0.561153,0,-6.09987,1.86,0.226766,-5.82167,1.98301,0.451876,0,-5.23964,1.86,0.415641,-4.97535,1.96398,0.631895,0,-5.43417,1.86,0.614412,-5.16873,1.96229,0.834399,0,-5.73278,1.86,0.541804,-5.46385,1.95949,0.759653,0,-6.10488,1.86,0.701005,-5.82816,1.98421,0.920284,0,-5.50381,1.86,0.527863,-5.23505,1.9325,0.751033,0,-6.14416,1.86,0.381665,-5.86827,1.97643,0.607164,0,-5.35057,1.86,0.501201,-5.05696,1.865,0.728034,0,-5.25585,1.86,0.31644,-4.97231,1.9208,0.533929,0,-5.54519,1.86,0.601238,-5.27401,1.92545,0.828449,0,-6.04393,1.86,0.620664,-5.76274,2.03403,0.834105,0,-5.61173,1.86,0.498787,-5.34286,1.89036,0.727893,0,-6.1145,1.86,0.457043,-5.84609,1.95492,0.68485,0,-5.9014,1.86,0.490648,-5.63108,1.95529,0.715362,0,-5.29869,1.86,0.456458,-5.01447,1.91434,0.673657,0,-5.95904,1.86,0.56575,-5.68652,1.92527,0.79678,0,-5.31084,1.86,0.124192,-5.03586,1.93109,0.332331,0,-5.8569,1.86,0.409553,-5.58343,1.95341,0.634058,0,
0.866686,-5.98407,3.16408,0.335805,-5.70256,3.28043,0.571249,-5.48916,1.86,0.677487,-5.20021,1.93368,0.902324,0,-5.80416,1.86,0.554625,-5.5236,1.97755,0.778698,0,-6.12994,1.86,0.513058,-5.83032,1.98433,0.735644,0,-5.62741,1.86,0.401061,-5.32862,1.93732,0.617997,0,-6.09482,1.86,0.627549,-5.80336,1.95054,0.854654,0,-6.02715,1.86,0.467733,-5.73204,1.98227,0.686466,0,-5.6634,1.86,0.618226,-5.38197,1.96818,0.837198,0,-5.73523,1.86,0.671791,-5.44775,1.96518,0.893078,0,-5.60867,1.86,0.656938,-5.31419,1.90459,0.892059,0,-5.90879,1.86,0.629199,-5.6255,1.96776,0.853497,0,-5.56479,1.86,0.684079,-5.27559,1.94568,0.906735,0,-5.452,1.86,0.558931,-5.16367,1.96044,0.779177,0,-5.52674,1.86,0.471722,-5.24588,1.95381,0.690997,0,-5.63699,1.86,0.449275,-5.34845,1.93759,0.671729,0,-5.965,1.86,0.288576,-5.67099,1.97335,0.511303,0,-5.41467,1.86,0.522725,-5.11802,1.93823,0.742321,0,-5.99818,1.86,0.704043,-5.70165,1.99834,0.913757,0,-5.26482,1.86,0.576027,-4.9713,1.92409,0.799911,0,-5.27071,1.86,0.518562,-4.9781,1.94984,0.73865,0,-6.067,1.86,0.503221,-5.77552,1.97007,0.728143,0,-5.24613,1.86,0.675392,-4.91135,1.84709,0.920858,0,-5.89312,1.86,0.227236,-5.60165,1.98072,0.449697,0,-5.8815,1.86,0.337273,-5.59147,1.98363,0.560213,0,-6.09987,1.86,0.226766,-5.80082,1.98356,0.450941,0,-5.23964,1.86,0.415641,-4.95372,1.96471,0.63065,0,-5.43417,1.86,0.614412,-5.14976,1.9622,0.831834,0,-5.73278,1.86,0.541804,-5.44345,1.95974,0.759157,0,-6.10488,1.86,0.701005,-5.80784,1.9846,0.919411,0,-5.50381,1.86,0.527863,-5.21512,1.93402,0.750358,0,-6.14416,1.86,0.381665,-5.84826,1.97751,0.607141,0,-5.35057,1.86,0.501201,-5.03663,1.86757,0.729663,0,-5.25585,1.86,0.31644,-4.95301,1.92064,0.532763,0,-5.54519,1.86,0.601238,-5.25429,1.92626,0.828324,0,-6.04393,1.86,0.620664,-5.74368,2.0341,0.833252,0,-5.61173,1.86,0.498787,-5.32203,1.8908,0.727858,0,-6.1145,1.86,0.457043,-5.82745,1.9551,0.682175,0,-5.9014,1.86,0.490648,-5.61162,1.95538,0.714915,0,-5.29869,1.86,0.456458,-4.99604,1.91827,0.672877,0,-5.95904,1.86,0.56575,-5.66614,1.92549,0.796302,0,-5.31084,1.86,0.124192,-5.01283,1.9314,0.331661,0,-5.8569,1.86,0.409553,-5.56305,1.95339,0.631144,0,
0.90002,-5.98407,3.16408,0.335805,-5.7179,3.28026,0.571612,-5.48916,1.86,0.677487,-5.2015,1.93161,0.903355,0,-5.80416,1.86,0.554625,-5.52515,1.97743,0.779172,0,-6.12994,1.86,0.513058,-5.8286,1.98462,0.736407,0,-5.62741,1.86,0.401061,-5.33054,1.93649,0.618738,0,-6.09482,1.86,0.627549,-5.80738,1.95103,0.854813,0,-6.02715,1.86,0.467733,-5.73245,1.98204,0.684828,0,-5.6634,1.86,0.618226,-5.38434,1.96732,0.838364,0,-5.73523,1.86,0.671791,-5.45038,1.96446,0.893313,0,-5.60867,1.86,0.656938,-5.31538,1.9038,0.892763,0,-5.90879,1.86,0.629199,-5.6246,1.96832,0.855855,0,-5.56479,1.86,0.684079,-5.2771,1.94464,0.907036,0,-5.452,1.86,0.558931,-5.16461,1.95904,0.780609,0,-5.52674,1.86,0.471722,-5.24757,1.95335,0.69108,0,-5.63699,1.86,0.449275,-5.34779,1.93728,0.671264,0,-5.965,1.86,0.288576,-5.67162,1.97337,0.510664,0,-5.41467,1.86,0.522725,-5.12007,1.93757,0.742939,0,-5.99818,1.86,0.704043,-5.70364,1.99844,0.914259,0,-5.26482,1.86,0.576027,-4.97264,1.92224,0.801731,0,-5.27071,1.86,0.518562,-4.97787,1.94612,0.740115,0,-6.067,1.86,0.503221,-5.77603,1.97008,0.72908,0,-5.24613,1.86,0.675392,-4.90964,1.84637,0.92247,0,-5.89312,1.86,0.227236,-5.60321,1.98058,0.449355,0,-5.8815,1.86,0.337273,-5.59282,1.9835,0.560712,0,-6.09987,1.86,0.226766,-5.80269,1.98365,0.450995,0,-5.23964,1.86,0.415641,-4.95599,1.96548,0.631606,0,-5.43417,1.86,0.614412,-5.14952,1.96097,0.832161,0,-5.73278,1.86,0.541804,-5.44723,1.95885,0.75922,0,-6.10488,1.86,0.701005,-5.80988,1.98442,0.918392,0,-5.50381,1.86,0.527863,-5.21617,1.93258,0.751891,0,-6.14416,1.86,0.381665,-5.85015,1.97741,0.607188,0,-5.35057,1.86,0.501201,-5.03611,1.86632,0.729092,0,-5.25585,1.86,0.31644,-4.95026,1.91699,0.533437,0,-5.54519,1.86,0.601238,-5.25571,1.92489,0.828625,0,-6.04393,1.86,0.620664,-5.74548,2.03393,0.832442,0,-5.61173,1.86,0.498787,-5.3233,1.89011,0.727472,0,-6.1145,1.86,0.457043,-5.82893,1.95468,0.681769,0,-5.9014,1.86,0.490648,-5.61303,1.95524,0.71449,0,-5.29869,1.86,0.456458,-4.99632,1.91385,0.674274,0,-5.95904,1.86,0.56575,-5.6671,1.92546,0.796329,0,-5.31084,1.86,0.124192,-5.01622,1.933,0.332994,0,-5.8569,1.86,0.409553,-5.56299,1.95338,0.631097,0,
0.933354,-6.03095,3.16205,0.336589,-5.74907,3.27977,0.572345,-5.48916,1.86,0.677487,-5.21384,1.93265,0.904286,0,-5.80416,1.86,0.554625,-5.53763,1.97791,0.779965,0,-6.12994,1.86,0.513058,-5.84169,1.9846,0.738055,0,-5.62741,1.86,0.401061,-5.34299,1.93541,0.619607,0,-6.09482,1.86,0.627549,-5.82231,1.95458,0.855896,0,-6.02715,1.86,0.467733,-5.74566,1.98188,0.685233,0,-5.6634,1.86,0.618226,-5.39647,1.96749,0.83895,0,-5.73523,1.86,0.671791,-5.46253,1.96247,0.895046,0,-5.60867,1.86,0.656938,-5.32778,1.90388,0.894068,0,-5.90879,1.86,0.629199,-5.6377,1.9684,0.856582,0,-5.56479,1.86,0.684079,-5.28995,1.94434,0.907007,0,-5.452,1.86,0.558931,-5.17735,1.9598,0.780854,0,-5.52674,1.86,0.471722,-5.25852,1.95421,0.692895,0,-5.63699,1.86,0.449275,-5.36093,1.93797,0.672022,0,-5.965,1.86,0.288576,-5.68264,1.97336,0.512334,0,-5.41467,1.86,0.522725,-5.13146,1.93577,0.744341,0,-5.99818,1.86,0.704043,-5.71589,1.99864,0.915794,0,-5.26482,1.86,0.576027,-4.98522,1.92126,0.802323,0,-5.27071,1.86,0.518562,-4.99056,1.94612,0.740031,0,-6.067,1.86,0.503221,-5.79074,1.96941,0.730857,0,-5.24613,1.86,0.675392,-4.92034,1.84901,0.922937,0,-5.89312,1.86,0.227236,-5.61496,1.9805,0.452133,0,-5.8815,1.86,0.337273,-5.60584,1.97665,0.562375,0,-6.09987,1.86,0.226766,-5.81569,1.98306,0.451832,0,-5.23964,1.86,0.415641,-4.96845,1.96295,0.633217,0,-5.43417,1.86,0.614412,-5.16381,1.96191,0.834059,0,-5.73278,1.86,0.541804,-5.46025,1.9588,0.76002,0,-6.10488,1.86,0.701005,-5.82289,1.98379,0.918657,0,-5.50381,1.86,0.527863,-5.22931,1.93219,0.752467,0,-6.14416,1.86,0.381665,-5.86348,1.97428,0.60897,0,-5.35057,1.86,0.501201,-5.04787,1.86677,0.730301,0,-5.25585,1.86,0.31644,-4.96631,1.91701,0.534584,0,-5.54519,1.86,0.601238,-5.26814,1.92499,0.828959,0,-6.04393,1.86,0.620664,-5.7583,2.03431,0.835762,0,-5.61173,1.86,0.498787,-5.3352,1.89035,0.729249,0,-6.1145,1.86,0.457043,-5.84367,1.9585,0.685418,0,-5.9014,1.86,0.490648,-5.62656,1.95535,0.71573,0,-5.29869,1.86,0.456458,-5.0087,1.91247,0.674753,0,-5.95904,1.86,0.56575,-5.67962,1.9256,0.797536,0,-5.31084,1.86,0.124192,-5.03051,1.92868,0.332363,0,-5.8569,1.86,0.409553,-5.57704,1.95345,0.634145,0,
0.966688,-6.05895,3.16091,0.336798,-5.76443,3.27952,0.572706,-5.48916,1.86,0.677487,-5.21599,1.93376,0.903038,0,-5.80416,1.86,0.554625,-5.53704,1.97823,0.780585,0,-6.12994,1.86,0.513058,-5.8436,1.98325,0.736669,0,-5.62741,1.86,0.401061,-5.34381,1.93593,0.619113,0,-6.09482,1.86,0.627549,-5.82272,1.95612,0.856047,0,-6.02715,1.86,0.467733,-5.74511,1.98186,0.684539,0,-5.6634,1.86,0.618226,-5.39892,1.96782,0.838875,0,-5.73523,1.86,0.671791,-5.46244,1.96243,0.893381,0,-5.60867,1.86,0.656938,-5.32794,1.90454,0.893916,0,-5.90879,1.86,0.629199,-5.64005,1.9678,0.85542,0,-5.56479,1.86,0.684079,-5.29067,1.94519,0.90728,0,-5.452,1.86,0.558931,-5.17677,1.96144,0.783622,0,-5.52674,1.86,0.471722,-5.25934,1.95709,0.69246,0,-5.63699,1.86,0.449275,-5.36004,1.93842,0.672474,0,-5.965,1.86,0.288576,-5.68257,1.97324,0.512138,0,-5.41467,1.86,0.522725,-5.13309,1.93783,0.746046,0,-5.99818,1.86,0.704043,-5.71835,1.9984,0.915311,0,-5.26482,1.86,0.576027,-4.98615,1.923,0.802029,0,-5.27071,1.86,0.518562,-4.99158,1.94802,0.740748,0,-6.067,1.86,0.503221,-5.79071,1.96928,0.730185,0,-5.24613,1.86,0.675392,-4.92352,1.85135,0.923943,0,-5.89312,1.86,0.227236,-5.61545,1.98052,0.450576,0,-5.8815,1.86,0.337273,-5.60528,1.97468,0.562287,0,-6.09987,1.86,0.226766,-5.81511,1.98354,0.449687,0,-5.23964,1.86,0.415641,-4.97057,1.96339,0.631422,0,-5.43417,1.86,0.614412,-5.16411,1.96206,0.833782,0,-5.73278,1.86,0.541804,-5.46098,1.95942,0.762157,0,-6.10488,1.86,0.701005,-5.82324,1.98445,0.91966,0,-5.50381,1.86,0.527863,-5.22875,1.93322,0.751688,0,-6.14416,1.86,0.381665,-5.86262,1.97403,0.60802,0,-5.35057,1.86,0.501201,-5.05006,1.86763,0.732055,0,-5.25585,1.86,0.31644,-4.96363,1.91458,0.532126,0,-5.54519,1.86,0.601238,-5.26855,1.92624,0.828724,0,-6.04393,1.86,0.620664,-5.76008,2.0344,0.83578,0,-5.61173,1.86,0.498787,-5.33498,1.89139,0.728624,0,-6.1145,1.86,0.457043,-5.84307,1.96085,0.68568,0,-5.9014,1.86,0.490648,-5.627,1.95526,0.716225,0,-5.29869,1.86,0.456458,-5.00856,1.91412,0.674607,0,-5.95904,1.86,0.56575,-5.67865,1.92556,0.797524,0,-5.31084,1.86,0.124192,-5.02926,1.92893,0.332887,0,-5.8569,1.86,0.409553,-5.57638,1.95349,0.635897,0,
1.00002,-6.05895,3.16091,0.336798,-5.77689,3.2794,0.573001,-5.48916,1.86,0.677487,-5.21392,1.9313,0.90276,0,-5.80416,1.86,0.554625,-5.53492,1.97761,0.778313,0,-6.12994,1.86,0.513058,-5.84076,1.98277,0.73437,0,-5.62741,1.86,0.401061,-5.33988,1.9351,0.617493,0,-6.09482,1.86,0.627549,-5.8208,1.95573,0.853765,0,-6.02715,1.86,0.467733,-5.74221,1.98172,0.682171,0,-5.6634,1.86,0.618226,-5.39598,1.96625,0.837249,0,-5.73523,1.86,0.671791,-5.45719,1.96217,0.891494,0,-5.60867,1.86,0.656938,-5.32461,1.9033,0.891665,0,-5.90879,1.86,0.629199,-5.63754,1.96737,0.853599,0,-5.56479,1.86,0.684079,-5.28773,1.94387,0.905623,0,-5.452,1.86,0.558931,-5.17423,1.96125,0.781675,0,-5.52674,1.86,0.471722,-5.2558,1.95512,0.690948,0,-5.63699,1.86,0.449275,-5.35523,1.93847,0.670389,0,-5.965,1.86,0.288576,-5.67758,1.97348,0.509766,0,-5.41467,1.86,0.522725,-5.13031,1.9349,0.743723,0,-5.99818,1.86,0.704043,-5.71603,1.9978,0.912842,0,-5.26482,1.86,0.576027,-4.98263,1.92189,0.799667,0,-5.27071,1.86,0.518562,-4.98832,1.94656,0.739876,0,-6.067,1.86,0.503221,-5.78526,1.96951,0.728242,0,-5.24613,1.86,0.675392,-4.91689,1.84419,0.923525,0,-5.89312,1.86,0.227236,-5.61254,1.98057,0.448154,0,-5.8815,1.86,0.337273,-5.60279,1.97448,0.560345,0,-6.09987,1.86,0.226766,-5.81064,1.98363,0.449111,0,-5.23964,1.86,0.415641,-4.96657,1.96078,0.630505,0,-5.43417,1.86,0.614412,-5.16201,1.96079,0.832075,0,-5.73278,1.86,0.541804,-5.45839,1.95893,0.760274,0,-6.10488,1.86,0.701005,-5.81967,1.98345,0.915795,0,-5.50381,1.86,0.527863,-5.22655,1.93264,0.749283,0,-6.14416,1.86,0.381665,-5.85972,1.97418,0.606549,0,-5.35057,1.86,0.501201,-5.04475,1.86393,0.730326,0,-5.25585,1.86,0.31644,-4.96208,1.91661,0.531947,0,-5.54519,1.86,0.601238,-5.26562,1.92498,0.826942,0,-6.04393,1.86,0.620664,-5.75804,2.03415,0.834481,0,-5.61173,1.86,0.498787,-5.33174,1.89047,0.727151,0,-6.1145,1.86,0.457043,-5.83931,1.96232,0.6824,0,-5.9014,1.86,0.490648,-5.62499,1.9549,0.713852,0,-5.29869,1.86,0.456458,-5.00552,1.91399,0.673262,0,-5.95904,1.86,0.56575,-5.67619,1.92519,0.795608,0,-5.31084,1.86,0.124192,-5.0263,1.93126,0.33318,0,-5.8569,1.86,0.409553,-5.57342,1.95338,0.634403,0,
1.03336,-6.08681,3.15988,0.336991,-5.79236,3.27919,0.573366,-5.48916,1.86,0.677487,-5.21156,1.93183,0.901095,1,-5.80416,1.86,0.554625,-5.53606,1.97699,0.77697,1,-6.12994,1.86,0.513058,-5.8394,1.98271,0.733886,1,-5.62741,1.86,0.401061,-5.33809,1.93624,0.615838,1,-6.09482,1.86,0.627549,-5.81896,1.95549,0.852841,1,-6.02715,1.86,0.467733,-5.74309,1.98174,0.683033,1,-5.6634,1.86,0.618226,-5.39597,1.96649,0.835718,1,-5.73523,1.86,0.671791,-5.45724,1.96245,0.890493,1,-5.60867,1.86,0.656938,-5.32317,1.90348,0.890126,1,-5.90879,1.86,0.629199,-5.6366,1.96731,0.852662,1,-5.56479,1.86,0.684079,-5.28676,1.94391,0.903697,1,-5.452,1.86,0.558931,-5.17346,1.95972,0.780029,1,-5.52674,1.86,0.471722,-5.25516,1.9548,0.688587,1,-5.63699,1.86,0.449275,-5.35442,1.93904,0.6684,1,-5.965,1.86,0.288576,-5.67713,1.97353,0.508342,1,-5.41467,1.86,0.522725,-5.13108,1.93409,0.744509,1,-5.99818,1.86,0.704043,-5.71548,1.99786,0.912915,1,-5.26482,1.86,0.576027,-4.98228,1.92306,0.797508,1,-5.27071,1.86,0.518562,-4.98742,1.94679,0.737911,1,-6.067,1.86,0.503221,-5.78435,1.96943,0.727021,1,-5.24613,1.86,0.675392,-4.91458,1.84542,0.919565,1,-5.89312,1.86,0.227236,-5.61357,1.98032,0.44908,1,-5.8815,1.86,0.337273,-5.60231,1.97447,0.559863,1,-6.09987,1.86,0.226766,-5.80974,1.98378,0.448165,1,-5.23964,1.86,0.415641,-4.96512,1.96368,0.627715,1,-5.43417,1.86,0.614412,-5.16113,1.96037,0.830498,1,-5.73278,1.86,0.541804,-5.45834,1.95883,0.759346,1,-6.10488,1.86,0.701005,-5.81767,1.98333,0.915167,1,-5.50381,1.86,0.527863,-5.22531,1.93208,0.747404,1,-6.14416,1.86,0.381665,-5.86038,1.97414,0.603345,1,-5.35057,1.86,0.501201,-5.04429,1.86537,0.727008,1,-5.25585,1.86,0.31644,-4.96101,1.91545,0.528823,1,-5.54519,1.86,0.601238,-5.26499,1.92468,0.824574,1,-6.04393,1.86,0.620664,-5.75805,2.03397,0.833637,1,-5.61173,1.86,0.498787,-5.3302,1.89037,0.72464,1,-6.1145,1.86,0.457043,-5.83993,1.96354,0.6818,1,-5.9014,1.86,0.490648,-5.62404,1.95492,0.712882,1,-5.29869,1.86,0.456458,-5.00417,1.91432,0.671728,1,-5.95904,1.86,0.56575,-5.67523,1.9251,0.79464,1,-5.31084,1.86,0.124192,-5.025,1.93387,0.331292,1,-5.8569,1.86,0.409553,-5.57245,1.95335,0.63343,1,
1.06669,-6.08681,3.15988,0.336991,-5.80465,3.27912,0.573659,-5.48916,1.86,0.677487,-5.21227,1.93254,0.898281,1,-5.80416,1.86,0.554625,-5.53562,1.97608,0.774769,1,-6.12994,1.86,0.513058,-5.83971,1.98291,0.733367,1,-5.62741,1.86,0.401061,-5.33888,1.93576,0.614393,1,-6.09482,1.86,0.627549,-5.81831,1.95531,0.851004,1,-6.02715,1.86,0.467733,-5.74199,1.98166,0.682656,1,-5.6634,1.86,0.618226,-5.39658,1.96552,0.834687,1,-5.73523,1.86,0.671791,-5.4579,1.96047,0.889094,1,-5.60867,1.86,0.656938,-5.32277,1.90256,0.887847,1,-5.90879,1.86,0.629199,-5.63628,1.96656,0.850482,1,-5.56479,1.86,0.684079,-5.28678,1.94315,0.90194,1,-5.452,1.86,0.558931,-5.17455,1.95744,0.776098,1,-5.52674,1.86,0.471722,-5.25605,1.9533,0.687819,1,-5.63699,1.86,0.449275,-5.35465,1.93733,0.66804,1,-5.965,1.86,0.288576,-5.67798,1.97314,0.507493,1,-5.41467,1.86,0.522725,-5.13046,1.93207,0.743765,1,-5.99818,1.86,0.704043,-5.71461,1.99707,0.910342,1,-5.26482,1.86,0.576027,-4.9818,1.92228,0.79611,1,-5.27071,1.86,0.518562,-4.98705,1.94652,0.735594,1,-6.067,1.86,0.503221,-5.78694,1.96929,0.725918,1,-5.24613,1.86,0.675392,-4.91607,1.84598,0.919284,1,-5.89312,1.86,0.227236,-5.61095,1.98042,0.446319,1,-5.8815,1.86,0.337273,-5.60246,1.97403,0.558921,1,-6.09987,1.86,0.226766,-5.80997,1.98394,0.447244,1,-5.23964,1.86,0.415641,-4.96747,1.96599,0.625239,1,-5.43417,1.86,0.614412,-5.16206,1.9599,0.829936,1,-5.73278,1.86,0.541804,-5.45838,1.95797,0.757566,1,-6.10488,1.86,0.701005,-5.82051,1.98318,0.913668,1,-5.50381,1.86,0.527863,-5.22506,1.93177,0.745957,1,-6.14416,1.86,0.381665,-5.86213,1.97434,0.601244,1,-5.35057,1.86,0.501201,-5.04163,1.86597,0.725831,1,-5.25585,1.86,0.31644,-4.96264,1.91426,0.528349,1,-5.54519,1.86,0.601238,-5.265,1.92375,0.822775,1,-6.04393,1.86,0.620664,-5.759,2.03353,0.83199,1,-5.61173,1.86,0.498787,-5.33044,1.88973,0.722704,1,-6.1145,1.86,0.457043,-5.83926,1.96352,0.680854,1,-5.9014,1.86,0.490648,-5.62332,1.95448,0.711014,1,-5.29869,1.86,0.456458,-5.00536,1.91309,0.667164,1,-5.95904,1.86,0.56575,-5.67408,1.92483,0.794176,1,-5.31084,1.86,0.124192,-5.02483,1.93523,0.329562,1,-5.8569,1.86,0.409553,-5.57171,1.95291,0.631524,1,
1.10002,-6.11366,3.1587,0.337079,-5.82985,3.27864,0.574249,-5.48916,1.86,0.677487,-5.22067,1.92993,0.897729,1,-5.80416,1.86,0.554625,-5.54481,1.97609,0.774981,1,-6.12994,1.86,0.513058,-5.84846,1.98266,0.734042,1,-5.62741,1.86,0.401061,-5.34457,1.93414,0.614312,1,-6.09482,1.86,0.627549,-5.82658,1.95511,0.851201,1,-6.02715,1.86,0.467733,-5.75082,1.98154,0.681546,1,-5.6634,1.86,0.618226,-5.40507,1.96493,0.835488,1,-5.73523,1.86,0.671791,-5.46843,1.95908,0.888685,1,-5.60867,1.86,0.656938,-5.33009,1.90171,0.888733,1,-5.90879,1.86,0.629199,-5.64223,1.96707,0.851366,1,-5.56479,1.86,0.684079,-5.29561,1.94122,0.901241,1,-5.452,1.86,0.558931,-5.18279,1.95573,0.776604,1,-5.52674,1.86,0.471722,-5.26132,1.95196,0.689348,1,-5.63699,1.86,0.449275,-5.36177,1.93546,0.667477,1,-5.965,1.86,0.288576,-5.68672,1.97307,0.508932,1,-5.41467,1.86,0.522725,-5.13882,1.93167,0.743565,1,-5.99818,1.86,0.704043,-5.72534,1.99734,0.912169,1,-5.26482,1.86,0.576027,-4.98984,1.91919,0.796902,1,-5.27071,1.86,0.518562,-4.99634,1.94321,0.736153,1,-6.067,1.86,0.503221,-5.7959,1.96919,0.726239,1,-5.24613,1.86,0.675392,-4.9206,1.84067,0.920831,1,-5.89312,1.86,0.227236,-5.62119,1.98044,0.44568,1,-5.8815,1.86,0.337273,-5.60899,1.97431,0.556776,1,-6.09987,1.86,0.226766,-5.81837,1.98391,0.446465,1,-5.23964,1.86,0.415641,-4.9736,1.96088,0.626163,1,-5.43417,1.86,0.614412,-5.16956,1.95785,0.831859,1,-5.73278,1.86,0.541804,-5.46548,1.95786,0.756441,1,-6.10488,1.86,0.701005,-5.82786,1.98272,0.913386,1,-5.50381,1.86,0.527863,-5.23598,1.92862,0.746808,1,-6.14416,1.86,0.381665,-5.87179,1.97388,0.601246,1,-5.35057,1.86,0.501201,-5.04788,1.86678,0.728471,1,-5.25585,1.86,0.31644,-4.96853,1.91018,0.528917,1,-5.54519,1.86,0.601238,-5.27258,1.92239,0.822275,1,-6.04393,1.86,0.620664,-5.76912,2.03344,0.83221,1,-5.61173,1.86,0.498787,-5.33795,1.88828,0.723614,1,-6.1145,1.86,0.457043,-5.84753,1.96328,0.681051,1,-5.9014,1.86,0.490648,-5.63157,1.95451,0.711198,1,-5.29869,1.86,0.456458,-5.01263,1.91022,0.667601,1,-5.95904,1.86,0.56575,-5.68279,1.92475,0.793895,1,-5.31084,1.86,0.124192,-5.03097,1.93207,0.32915,1,-5.8569,1.86,0.409553,-5.58303,1.95224,0.631022,1,
