time,pcwx,pcwy,pcwz,pcwHatx,pcwHaty,pcwHatz,p0wx,p0wy,p0wz,p0wHatx,p0wHaty,p0wHatz,converged0,p1wx,p1wy,p1wz,p1wHatx,p1wHaty,p1wHatz,converged1,p2wx,p2wy,p2wz,p2wHatx,p2wHaty,p2wHatz,converged2,p3wx,p3wy,p3wz,p3wHatx,p3wHaty,p3wHatz,converged3,p4wx,p4wy,p4wz,p4wHatx,p4wHaty,p4wHatz,converged4,p5wx,p5wy,p5wz,p5wHatx,p5wHaty,p5wHatz,converged5,p6wx,p6wy,p6wz,p6wHatx,p6wHaty,p6wHatz,converged6,p7wx,p7wy,p7wz,p7wHatx,p7wHaty,p7wHatz,converged7,p8wx,p8wy,p8wz,p8wHatx,p8wHaty,p8wHatz,converged8,p9wx,p9wy,p9wz,p9wHatx,p9wHaty,p9wHatz,converged9,p10wx,p10wy,p10wz,p10wHatx,p10wHaty,p10wHatz,converged10,p11wx,p11wy,p11wz,p11wHatx,p11wHaty,p11wHatz,converged11,p12wx,p12wy,p12wz,p12wHatx,p12wHaty,p12wHatz,converged12,p13wx,p13wy,p13wz,p13wHatx,p13wHaty,p13wHatz,converged13,p14wx,p14wy,p14wz,p14wHatx,p14wHaty,p14wHatz,converged14,p15wx,p15wy,p15wz,p15wHatx,p15wHaty,p15wHatz,converged15,p16wx,p16wy,p16wz,p16wHatx,p16wHaty,p16wHatz,converged16,p17wx,p17wy,p17wz,p17wHatx,p17wHaty,p17wHatz,converged17,p18wx,p18wy,p18wz,p18wHatx,p18wHaty,p18wHatz,converged18,p19wx,p19wy,p19wz,p19wHatx,p19wHaty,p19wHatz,converged19,p20wx,p20wy,p20wz,p20wHatx,p20wHaty,p20wHatz,converged20,p21wx,p21wy,p21wz,p21wHatx,p21wHaty,p21wHatz,converged21,p22wx,p22wy,p22wz,p22wHatx,p22wHaty,p22wHatz,converged22,p23wx,p23wy,p23wz,p23wHatx,p23wHaty,p23wHatz,converged23,p24wx,p24wy,p24wz,p24wHatx,p24wHaty,p24wHatz,converged24,p25wx,p25wy,p25wz,p25wHatx,p25wHaty,p25wHatz,converged25,p26wx,p26wy,p26wz,p26wHatx,p26wHaty,p26wHatz,converged26,p27wx,p27wy,p27wz,p27wHatx,p27wHaty,p27wHatz,converged27,p28wx,p28wy,p28wz,p28wHatx,p28wHaty,p28wHatz,converged28,p29wx,p29wy,p29wz,p29wHatx,p29wHaty,p29wHatz,converged29,p30wx,p30wy,p30wz,p30wHatx,p30wHaty,p30wHatz,converged30,p31wx,p31wy,p31wz,p31wHatx,p31wHaty,p31wHatz,converged31,
0,4.97905,3.32814,0.227272,5.10994,3.38296,0.296773,4.1864,1.86,0.518136,3.92365,1.1857,0.732089,0,4.56523,1.86,0.664844,4.45228,1.04975,0.992174,0,4.82735,1.86,0.606906,4.86509,1.01333,0.909516,0,5.25762,1.86,0.346997,5.5798,0.90667,0.498712,0,5.17509,1.86,0.60388,5.42966,0.988569,0.910983,0,4.6291,1.86,0.502514,4.54008,0.992232,0.74498,0,4.79741,1.86,0.228751,4.82298,1.06354,0.299111,0,5.28974,1.86,0.514266,5.62795,0.935131,0.775277,0,4.8238,1.86,0.448002,4.86645,1.08035,0.642962,0,5.00622,1.86,0.474256,5.15572,0.909235,0.712927,0,4.94762,1.86,0.171597,5.05829,0.970109,0.205274,0,5.04561,1.86,0.0222117,5.21812,0.996819,-0.0365069,0,4.50306,1.86,0.425692,4.36964,1.09957,0.605376,0,5.01803,1.86,0.275403,5.17322,0.999831,0.374901,0,5.28042,1.86,0.236679,5.59722,1.0091,0.311984,0,4.60831,1.86,0.29251,4.51196,1.01492,0.401999,0,4.92023,1.86,0.539923,5.0133,0.970764,0.810468,0,4.5122,1.86,0.0894788,4.38571,1.10542,0.0830135,0,5.17605,1.86,0.17895,5.42258,1.05302,0.220087,0,4.71345,1.86,0.430552,4.68054,1.00941,0.625417,0,4.80837,1.86,0.118331,4.84528,1.1064,0.127845,0,5.14366,1.86,0.333533,5.38541,0.926023,0.474601,0,4.93877,1.86,0.364804,5.04287,0.938582,0.525757,0,5.13768,1.86,0.452904,5.37927,0.890285,0.679862,0,5.3021,1.86,0.61292,5.6327,1.00721,0.92083,0,4.62735,1.86,0.179017,4.55466,1.06495,0.220584,0,4.37375,1.86,0.0951022,4.16691,1.09566,0.0908584,0,5.18531,1.86,0.0735908,5.43685,1.05605,0.0531987,0,4.81271,1.86,0.345484,4.83556,0.961192,0.49177,0,4.6735,1.86,0.070409,4.61176,0.989209,0.041014,0,5.05636,1.86,0.167151,5.23725,0.965244,0.197767,0,5.08474,1.86,0.541754,5.28407,0.964088,0.814906,0,
0.0333341,4.9516,3.33021,0.227887,5.11462,3.3825,0.296598,4.1864,1.86,0.518136,3.98706,1.25286,0.714192,0,4.56523,1.86,0.664844,4.51289,1.15911,0.95652,0,4.82735,1.86,0.606906,4.9021,1.11773,0.879236,0,5.25762,1.86,0.346997,5.58381,1.03175,0.486349,0,5.17509,1.86,0.60388,5.44189,1.08802,0.882133,0,4.6291,1.86,0.502514,4.59554,1.10321,0.720579,0,4.79741,1.86,0.228751,4.86991,1.21628,0.295379,0,5.28974,1.86,0.514266,5.63355,1.03247,0.753798,0,4.8238,1.86,0.448002,4.90419,1.19419,0.623599,0,5.00622,1.86,0.474256,5.18119,1.02023,0.691185,0,4.94762,1.86,0.171597,5.08855,1.09789,0.208959,0,5.04561,1.86,0.0222117,5.24019,1.13766,-0.0178542,0,4.50306,1.86,0.425692,4.42458,1.18955,0.589662,0,5.01803,1.86,0.275403,5.19382,1.08469,0.366723,0,5.28042,1.86,0.236679,5.60315,1.09344,0.310399,0,4.60831,1.86,0.29251,4.57017,1.1354,0.391153,0,4.92023,1.86,0.539923,5.04264,1.07012,0.785319,0,4.5122,1.86,0.0894788,4.44862,1.21454,0.0922217,0,5.17605,1.86,0.17895,5.43265,1.18076,0.227058,0,4.71345,1.86,0.430552,4.72891,1.12624,0.607055,0,4.80837,1.86,0.118331,4.89016,1.25761,0.138822,0,5.14366,1.86,0.333533,5.39786,1.05274,0.459255,0,4.93877,1.86,0.364804,5.07507,1.08038,0.508662,0,5.13768,1.86,0.452904,5.3955,0.988065,0.662499,0,5.3021,1.86,0.61292,5.63711,1.10833,0.892389,0,4.62735,1.86,0.179017,4.61497,1.19718,0.221567,0,4.37375,1.86,0.0951022,4.2541,1.23105,0.100717,0,5.18531,1.86,0.0735908,5.44759,1.1582,0.0648977,0,4.81271,1.86,0.345484,4.88003,1.10107,0.478389,0,4.6735,1.86,0.070409,4.67575,1.14763,0.0558023,0,5.05636,1.86,0.167151,5.25782,1.10554,0.20177,0,5.08474,1.86,0.541754,5.30251,1.0858,0.785534,0,
0.0666681,4.9516,3.33021,0.227887,5.08731,3.38553,0.297626,4.1864,1.86,0.518136,3.97772,1.26411,0.713622,0,4.56523,1.86,0.664844,4.5183,1.21477,0.936004,0,4.82735,1.86,0.606906,4.89383,1.15436,0.868177,0,5.25762,1.86,0.346997,5.56473,1.06437,0.481766,0,5.17509,1.86,0.60388,5.4251,1.1302,0.868834,0,4.6291,1.86,0.502514,4.59901,1.16204,0.704426,0,4.79741,1.86,0.228751,4.86759,1.28092,0.295907,0,5.28974,1.86,0.514266,5.61351,1.08002,0.742697,0,4.8238,1.86,0.448002,4.89549,1.22894,0.618784,0,5.00622,1.86,0.474256,5.16718,1.04734,0.684153,0,4.94762,1.86,0.171597,5.07982,1.16065,0.20849,0,5.04561,1.86,0.0222117,5.22687,1.195,-0.0117105,0,4.50306,1.86,0.425692,4.43211,1.24309,0.579302,0,5.01803,1.86,0.275403,5.18224,1.12976,0.363338,0,5.28042,1.86,0.236679,5.58595,1.10722,0.308058,0,4.60831,1.86,0.29251,4.57054,1.18333,0.386379,0,4.92023,1.86,0.539923,5.03714,1.1404,0.767878,0,4.5122,1.86,0.0894788,4.45019,1.26183,0.0895485,0,5.17605,1.86,0.17895,5.41465,1.24569,0.228308,0,4.71345,1.86,0.430552,4.72408,1.16769,0.597961,0,4.80837,1.86,0.118331,4.87917,1.29216,0.135096,0,5.14366,1.86,0.333533,5.38091,1.11537,0.452078,0,4.93877,1.86,0.364804,5.06591,1.13917,0.501308,0,5.13768,1.86,0.452904,5.37996,1.04225,0.651369,0,5.3021,1.86,0.61292,5.61779,1.13939,0.881826,0,4.62735,1.86,0.179017,4.60813,1.22845,0.219568,0,4.37375,1.86,0.0951022,4.26554,1.28689,0.102126,0,5.18531,1.86,0.0735908,5.43028,1.21105,0.0676083,0,4.81271,1.86,0.345484,4.87589,1.16138,0.470045,0,4.6735,1.86,0.070409,4.68671,1.24279,0.0610644,0,5.05636,1.86,0.167151,5.24386,1.16528,0.20065,0,5.08474,1.86,0.541754,5.28736,1.12906,0.773,0,
0.100002,4.92532,3.33204,0.228469,5.07213,3.38725,0.298198,4.1864,1.86,0.518136,3.98251,1.27104,0.712237,0,4.56523,1.86,0.664844,4.53009,1.24863,0.925846,0,4.82735,1.86,0.606906,4.89945,1.18453,0.861841,0,5.25762,1.86,0.346997,5.56201,1.09212,0.481023,0,5.17509,1.86,0.60388,5.42348,1.16037,0.862549,0,4.6291,1.86,0.502514,4.61191,1.20401,0.695743,0,4.79741,1.86,0.228751,4.87451,1.32116,0.29594,0,5.28974,1.86,0.514266,5.6096,1.10685,0.73975,0,4.8238,1.86,0.448002,4.90065,1.25776,0.613649,0,5.00622,1.86,0.474256,5.16994,1.08036,0.679617,0,4.94762,1.86,0.171597,5.08284,1.19979,0.211531,0,5.04561,1.86,0.0222117,5.22762,1.23721,-0.00496504,0,4.50306,1.86,0.425692,4.44146,1.26841,0.575666,0,5.01803,1.86,0.275403,5.1838,1.16284,0.363836,0,5.28042,1.86,0.236679,5.58306,1.14513,0.308359,0,4.60831,1.86,0.29251,4.5829,1.22035,0.387026,0,4.92023,1.86,0.539923,5.04203,1.19016,0.75628,0,4.5122,1.86,0.0894788,4.46185,1.29097,0.0923285,0,5.17605,1.86,0.17895,5.41165,1.27186,0.229535,0,4.71345,1.86,0.430552,4.73223,1.19898,0.595153,0,4.80837,1.86,0.118331,4.88798,1.33465,0.144339,0,5.14366,1.86,0.333533,5.37864,1.12733,0.453127,0,4.93877,1.86,0.364804,5.06638,1.16002,0.504632,0,5.13768,1.86,0.452904,5.37834,1.11256,0.642894,0,5.3021,1.86,0.61292,5.61489,1.16072,0.876899,0,4.62735,1.86,0.179017,4.61594,1.25282,0.225874,0,4.37375,1.86,0.0951022,4.28125,1.31958,0.105096,0,5.18531,1.86,0.0735908,5.42723,1.25339,0.0717673,0,4.81271,1.86,0.345484,4.88377,1.20532,0.468829,0,4.6735,1.86,0.070409,4.69623,1.28234,0.0676938,0,5.05636,1.86,0.167151,5.24409,1.20248,0.203734,0,5.08474,1.86,0.541754,5.28739,1.16111,0.766071,0,
0.133336,4.91508,3.33278,0.228395,5.06112,3.38828,0.298608,4.1864,1.86,0.518136,4.00641,1.29668,0.70275,0,4.56523,1.86,0.664844,4.5426,1.27033,0.919424,0,4.82735,1.86,0.606906,4.91414,1.23554,0.848085,0,5.25762,1.86,0.346997,5.56041,1.15971,0.475885,0,5.17509,1.86,0.60388,5.42624,1.20951,0.849548,0,4.6291,1.86,0.502514,4.63859,1.27262,0.680963,0,4.79741,1.86,0.228751,4.88976,1.37803,0.29251,0,5.28974,1.86,0.514266,5.60707,1.17147,0.725871,0,4.8238,1.86,0.448002,4.91701,1.32095,0.600796,0,5.00622,1.86,0.474256,5.18078,1.17681,0.662168,0,4.94762,1.86,0.171597,5.09671,1.30056,0.214943,0,5.04561,1.86,0.0222117,5.23434,1.3181,0.00587353,0,4.50306,1.86,0.425692,4.4736,1.33273,0.568947,0,5.01803,1.86,0.275403,5.19296,1.25314,0.358074,0,5.28042,1.86,0.236679,5.58018,1.20986,0.307628,0,4.60831,1.86,0.29251,4.61267,1.29486,0.382655,0,4.92023,1.86,0.539923,5.05409,1.25661,0.741022,0,4.5122,1.86,0.0894788,4.49494,1.35917,0.10103,0,5.17605,1.86,0.17895,5.4137,1.32317,0.229293,0,4.71345,1.86,0.430552,4.75464,1.26511,0.583987,0,4.80837,1.86,0.118331,4.9035,1.39398,0.145106,0,5.14366,1.86,0.333533,5.38175,1.21699,0.445628,0,4.93877,1.86,0.364804,5.07539,1.19645,0.503798,0,5.13768,1.86,0.452904,5.37952,1.19223,0.630254,0,5.3021,1.86,0.61292,5.6124,1.22456,0.860903,0,4.62735,1.86,0.179017,4.63953,1.30913,0.229187,0,4.37375,1.86,0.0951022,4.30456,1.35585,0.107593,0,5.18531,1.86,0.0735908,5.42832,1.30764,0.0782942,0,4.81271,1.86,0.345484,4.89944,1.26416,0.46374,0,4.6735,1.86,0.070409,4.71487,1.33155,0.0730169,0,5.05636,1.86,0.167151,5.25023,1.26503,0.205311,0,5.08474,1.86,0.541754,5.29302,1.25887,0.746291,0,
0.16667,4.91508,3.33278,0.228395,5.05099,3.38932,0.298988,4.1864,1.86,0.518136,4.0246,1.31769,0.699115,0,4.56523,1.86,0.664844,4.56445,1.3159,0.905372,0,4.82735,1.86,0.606906,4.92977,1.30301,0.829413,0,5.25762,1.86,0.346997,5.55478,1.23577,0.469286,0,5.17509,1.86,0.60388,5.42638,1.27262,0.832128,0,4.6291,1.86,0.502514,4.65221,1.3079,0.678369,0,4.79741,1.86,0.228751,4.90285,1.42863,0.294693,0,5.28974,1.86,0.514266,5.60055,1.24399,0.711195,0,4.8238,1.86,0.448002,4.9317,1.38693,0.590541,0,5.00622,1.86,0.474256,5.18727,1.26561,0.647557,0,4.94762,1.86,0.171597,5.10472,1.37249,0.216797,0,5.04561,1.86,0.0222117,5.23828,1.39234,0.0178177,0,4.50306,1.86,0.425692,4.49608,1.38111,0.559775,0,5.01803,1.86,0.275403,5.19865,1.35118,0.353142,0,5.28042,1.86,0.236679,5.5745,1.27863,0.307201,0,4.60831,1.86,0.29251,4.63556,1.35697,0.379503,0,4.92023,1.86,0.539923,5.06435,1.32172,0.728001,0,4.5122,1.86,0.0894788,4.52006,1.41572,0.105655,0,5.17605,1.86,0.17895,5.41184,1.40331,0.233552,0,4.71345,1.86,0.430552,4.77473,1.33256,0.574398,0,4.80837,1.86,0.118331,4.91741,1.45204,0.150004,0,5.14366,1.86,0.333533,5.38167,1.27569,0.441667,0,4.93877,1.86,0.364804,5.08672,1.2664,0.496688,0,5.13768,1.86,0.452904,5.37909,1.26991,0.617299,0,5.3021,1.86,0.61292,5.60575,1.29445,0.841963,0,4.62735,1.86,0.179017,4.66217,1.37079,0.228759,0,4.37375,1.86,0.0951022,4.33127,1.40105,0.110828,0,5.18531,1.86,0.0735908,5.42806,1.36138,0.0840474,0,4.81271,1.86,0.345484,4.91352,1.32339,0.457959,0,4.6735,1.86,0.070409,4.73368,1.38633,0.0780458,0,5.05636,1.86,0.167151,5.25439,1.33769,0.207424,0,5.08474,1.86,0.541754,5.29481,1.33325,0.730043,0,
0.200004,4.88842,3.33467,0.229048,5.02409,3.39215,0.299997,4.1864,1.86,0.518136,4.03251,1.34805,0.69161,0,4.56523,1.86,0.664844,4.5642,1.35145,0.894118,0,4.82735,1.86,0.606906,4.92484,1.35357,0.81561,0,5.25762,1.86,0.346997,5.53453,1.28807,0.460978,0,5.17509,1.86,0.60388,5.41011,1.32503,0.818677,0,4.6291,1.86,0.502514,4.65808,1.36666,0.666519,0,4.79741,1.86,0.228751,4.89725,1.46981,0.29328,0,5.28974,1.86,0.514266,5.5805,1.2928,0.70083,0,4.8238,1.86,0.448002,4.92999,1.46003,0.577979,0,5.00622,1.86,0.474256,5.17619,1.33466,0.634615,0,4.94762,1.86,0.171597,5.09344,1.40452,0.21653,0,5.04561,1.86,0.0222117,5.22539,1.44911,0.0235999,0,4.50306,1.86,0.425692,4.50406,1.43571,0.549199,0,5.01803,1.86,0.275403,5.18614,1.40297,0.351468,0,5.28042,1.86,0.236679,5.55179,1.34957,0.305665,0,4.60831,1.86,0.29251,4.63198,1.39023,0.375047,0,4.92023,1.86,0.539923,5.05919,1.40534,0.709665,0,4.5122,1.86,0.0894788,4.52876,1.47365,0.109912,0,5.17605,1.86,0.17895,5.39504,1.44548,0.233087,0,4.71345,1.86,0.430552,4.77512,1.38973,0.566388,0,4.80837,1.86,0.118331,4.9155,1.51859,0.154043,0,5.14366,1.86,0.333533,5.36525,1.34779,0.435254,0,4.93877,1.86,0.364804,5.07754,1.31238,0.492066,0,5.13768,1.86,0.452904,5.36259,1.33509,0.606427,0,5.3021,1.86,0.61292,5.58697,1.33167,0.831511,0,4.62735,1.86,0.179017,4.6703,1.44242,0.231613,0,4.37375,1.86,0.0951022,4.35274,1.47209,0.12026,0,5.18531,1.86,0.0735908,5.41119,1.41516,0.0874656,0,4.81271,1.86,0.345484,4.90892,1.3731,0.453041,0,4.6735,1.86,0.070409,4.73507,1.44128,0.0826271,0,5.05636,1.86,0.167151,5.24132,1.4029,0.209142,0,5.08474,1.86,0.541754,5.2809,1.36759,0.7261,0,
0.233338,4.86139,3.33666,0.229716,5.00911,3.39372,0.300559,4.1864,1.86,0.518136,4.05103,1.37923,0.680177,0,4.56523,1.86,0.664844,4.58606,1.41837,0.868902,0,4.82735,1.86,0.606906,4.93095,1.40127,0.800463,0,5.25762,1.86,0.346997,5.52401,1.36147,0.455812,0,5.17509,1.86,0.60388,5.4051,1.37166,0.803926,0,4.6291,1.86,0.502514,4.67088,1.41623,0.65447,0,4.79741,1.86,0.228751,4.90459,1.51939,0.291435,0,5.28974,1.86,0.514266,5.57457,1.32129,0.692605,0,4.8238,1.86,0.448002,4.93337,1.49491,0.573287,0,5.00622,1.86,0.474256,5.17483,1.36219,0.628023,0,4.94762,1.86,0.171597,5.09563,1.44758,0.215436,0,5.04561,1.86,0.0222117,5.2239,1.50698,0.029891,0,4.50306,1.86,0.425692,4.50857,1.45267,0.546209,0,5.01803,1.86,0.275403,5.18569,1.44549,0.348174,0,5.28042,1.86,0.236679,5.54418,1.38804,0.304095,0,4.60831,1.86,0.29251,4.64625,1.44017,0.369428,0,4.92023,1.86,0.539923,5.05869,1.42901,0.704249,0,4.5122,1.86,0.0894788,4.54639,1.52541,0.114356,0,5.17605,1.86,0.17895,5.38992,1.49417,0.232431,0,4.71345,1.86,0.430552,4.78515,1.44028,0.556654,0,4.80837,1.86,0.118331,4.91901,1.55922,0.151761,0,5.14366,1.86,0.333533,5.35987,1.39772,0.428317,0,4.93877,1.86,0.364804,5.08071,1.36529,0.484801,0,5.13768,1.86,0.452904,5.35461,1.42611,0.588214,0,5.3021,1.86,0.61292,5.58126,1.36408,0.822245,0,4.62735,1.86,0.179017,4.67407,1.4648,0.229447,0,4.37375,1.86,0.0951022,4.36386,1.50077,0.121795,0,5.18531,1.86,0.0735908,5.40616,1.4598,0.0934967,0,4.81271,1.86,0.345484,4.91448,1.41559,0.447547,0,4.6735,1.86,0.070409,4.74979,1.50752,0.0860035,0,5.05636,1.86,0.167151,5.23925,1.44902,0.209082,0,5.08474,1.86,0.541754,5.27979,1.41083,0.716186,0,
0.266672,4.86139,3.33666,0.229716,4.99704,3.39506,0.301013,4.1864,1.86,0.518136,4.0904,1.43782,0.669485,0,4.56523,1.86,0.664844,4.60686,1.47775,0.85401,0,4.82735,1.86,0.606906,4.93878,1.44171,0.789916,0,5.25762,1.86,0.346997,5.51729,1.41462,0.450519,0,5.17509,1.86,0.60388,5.40326,1.41509,0.791951,0,4.6291,1.86,0.502514,4.68425,1.45734,0.646775,0,4.79741,1.86,0.228751,4.91038,1.54545,0.293047,0,5.28974,1.86,0.514266,5.57114,1.36078,0.684659,0,4.8238,1.86,0.448002,4.94024,1.52795,0.566931,0,5.00622,1.86,0.474256,5.17805,1.39118,0.62232,0,4.94762,1.86,0.171597,5.10046,1.49731,0.216416,0,5.04561,1.86,0.0222117,5.2249,1.53368,0.0333245,0,4.50306,1.86,0.425692,4.52715,1.49337,0.541593,0,5.01803,1.86,0.275403,5.18795,1.47379,0.347282,0,5.28042,1.86,0.236679,5.53952,1.43208,0.303039,0,4.60831,1.86,0.29251,4.66015,1.481,0.367737,0,4.92023,1.86,0.539923,5.06594,1.48535,0.691218,0,4.5122,1.86,0.0894788,4.55819,1.55396,0.119358,0,5.17605,1.86,0.17895,5.38823,1.52767,0.231856,0,4.71345,1.86,0.430552,4.79621,1.48236,0.550826,0,4.80837,1.86,0.118331,4.92529,1.586,0.154344,0,5.14366,1.86,0.333533,5.35894,1.43735,0.425495,0,4.93877,1.86,0.364804,5.08674,1.43352,0.47626,0,5.13768,1.86,0.452904,5.35039,1.4862,0.576834,0,5.3021,1.86,0.61292,5.57897,1.39126,0.814148,0,4.62735,1.86,0.179017,4.68591,1.49642,0.230402,0,4.37375,1.86,0.0951022,4.37866,1.52723,0.124823,0,5.18531,1.86,0.0735908,5.40519,1.48568,0.09426,0,4.81271,1.86,0.345484,4.92264,1.45567,0.444287,0,4.6735,1.86,0.070409,4.75683,1.53139,0.0904379,0,5.05636,1.86,0.167151,5.24065,1.48308,0.211185,0,5.08474,1.86,0.541754,5.28064,1.44978,0.709714,0,
0.300007,4.83519,3.3386,0.230359,4.98197,3.39668,0.301579,4.1864,1.86,0.518136,4.12254,1.49448,0.660734,0,4.56523,1.86,0.664844,4.61733,1.51676,0.845311,0,4.82735,1.86,0.606906,4.94316,1.48061,0.783379,0,5.25762,1.86,0.346997,5.50676,1.47528,0.445056,0,5.17509,1.86,0.60388,5.39918,1.45006,0.785099,0,4.6291,1.86,0.502514,4.68639,1.47165,0.647773,0,4.79741,1.86,0.228751,4.91333,1.56924,0.295053,0,5.28974,1.86,0.514266,5.56434,1.39821,0.678752,0,4.8238,1.86,0.448002,4.94124,1.54266,0.565521,0,5.00622,1.86,0.474256,5.17879,1.45982,0.613117,0,4.94762,1.86,0.171597,5.10126,1.53789,0.220113,0,5.04561,1.86,0.0222117,5.22394,1.56606,0.038334,0,4.50306,1.86,0.425692,4.54481,1.54534,0.536789,0,5.01803,1.86,0.275403,5.1877,1.53776,0.3455,0,5.28042,1.86,0.236679,5.53278,1.46746,0.304893,0,4.60831,1.86,0.29251,4.66856,1.51405,0.369222,0,4.92023,1.86,0.539923,5.06581,1.51277,0.690617,0,4.5122,1.86,0.0894788,4.56768,1.5831,0.124838,0,5.17605,1.86,0.17895,5.38582,1.54053,0.232115,0,4.71345,1.86,0.430552,4.80105,1.51052,0.549089,0,4.80837,1.86,0.118331,4.92915,1.61682,0.159692,0,5.14366,1.86,0.333533,5.35358,1.49619,0.424287,0,4.93877,1.86,0.364804,5.08784,1.48192,0.473825,0,5.13768,1.86,0.452904,5.34569,1.52869,0.574836,0,5.3021,1.86,0.61292,5.57296,1.42607,0.807084,0,4.62735,1.86,0.179017,4.70005,1.55095,0.234916,0,4.37375,1.86,0.0951022,4.38774,1.54868,0.128856,0,5.18531,1.86,0.0735908,5.40035,1.52964,0.0984055,0,4.81271,1.86,0.345484,4.92728,1.49439,0.443328,0,4.6735,1.86,0.070409,4.76492,1.56701,0.0959,0,5.05636,1.86,0.167151,5.2391,1.52362,0.214294,0,5.08474,1.86,0.541754,5.27875,1.47504,0.703752,0,
0.333341,4.82511,3.33935,0.230301,4.97074,3.39791,0.302001,4.1864,1.86,0.518136,4.13381,1.5103,0.65573,0,4.56523,1.86,0.664844,4.6217,1.52498,0.836283,0,4.82735,1.86,0.606906,4.94641,1.48746,0.778062,0,5.25762,1.86,0.346997,5.5068,1.4856,0.445186,0,5.17509,1.86,0.60388,5.40042,1.45861,0.779419,0,4.6291,1.86,0.502514,4.6882,1.46698,0.645679,0,4.79741,1.86,0.228751,4.91741,1.57634,0.292319,0,5.28974,1.86,0.514266,5.56507,1.40632,0.674984,0,4.8238,1.86,0.448002,4.94449,1.54339,0.563262,0,5.00622,1.86,0.474256,5.1805,1.48504,0.605459,0,4.94762,1.86,0.171597,5.10431,1.54954,0.219181,0,5.04561,1.86,0.0222117,5.2263,1.57836,0.0375691,0,4.50306,1.86,0.425692,4.55257,1.56288,0.528976,0,5.01803,1.86,0.275403,5.18842,1.58676,0.338482,0,5.28042,1.86,0.236679,5.53453,1.46922,0.303131,0,4.60831,1.86,0.29251,4.67399,1.52374,0.36599,0,4.92023,1.86,0.539923,5.06933,1.51907,0.686434,0,4.5122,1.86,0.0894788,4.57511,1.59783,0.120711,0,5.17605,1.86,0.17895,5.38781,1.55125,0.229136,0,4.71345,1.86,0.430552,4.80567,1.51892,0.545087,0,4.80837,1.86,0.118331,4.93189,1.62364,0.154453,0,5.14366,1.86,0.333533,5.35439,1.50473,0.420978,0,4.93877,1.86,0.364804,5.09075,1.49675,0.469618,0,5.13768,1.86,0.452904,5.34751,1.53252,0.572837,0,5.3021,1.86,0.61292,5.57414,1.42817,0.80305,0,4.62735,1.86,0.179017,4.70321,1.55723,0.231376,0,4.37375,1.86,0.0951022,4.39381,1.55547,0.12665,0,5.18531,1.86,0.0735908,5.40061,1.55057,0.0999951,0,4.81271,1.86,0.345484,4.93064,1.50111,0.440646,0,4.6735,1.86,0.070409,4.77498,1.60057,0.0948191,0,5.05636,1.86,0.167151,5.24106,1.54523,0.212521,0,5.08474,1.86,0.541754,5.28106,1.49705,0.69674,0,
0.366675,4.82511,3.33935,0.230301,4.96088,3.39895,0.302371,4.1864,1.86,0.518136,4.13785,1.51148,0.65357,0,4.56523,1.86,0.664844,4.63052,1.53847,0.830671,0,4.82735,1.86,0.606906,4.95281,1.502,0.772693,0,5.25762,1.86,0.346997,5.50848,1.49179,0.439186,0,5.17509,1.86,0.60388,5.40324,1.47328,0.774074,0,4.6291,1.86,0.502514,4.70487,1.50936,0.635191,0,4.79741,1.86,0.228751,4.92809,1.62468,0.288552,0,5.28974,1.86,0.514266,5.5652,1.43015,0.667378,0,4.8238,1.86,0.448002,4.95234,1.56576,0.558869,0,5.00622,1.86,0.474256,5.18445,1.51153,0.600199,0,4.94762,1.86,0.171597,5.10952,1.57054,0.21925,0,5.04561,1.86,0.0222117,5.23018,1.60142,0.0411103,0,4.50306,1.86,0.425692,4.56273,1.5791,0.528101,0,5.01803,1.86,0.275403,5.19141,1.59677,0.339896,0,5.28042,1.86,0.236679,5.5359,1.4897,0.301203,0,4.60831,1.86,0.29251,4.6841,1.54371,0.364353,0,4.92023,1.86,0.539923,5.0745,1.54089,0.677043,0,4.5122,1.86,0.0894788,4.58467,1.61465,0.119711,0,5.17605,1.86,0.17895,5.3898,1.57639,0.232567,0,4.71345,1.86,0.430552,4.81536,1.54397,0.540131,0,4.80837,1.86,0.118331,4.93655,1.62506,0.154417,0,5.14366,1.86,0.333533,5.35562,1.54328,0.417042,0,4.93877,1.86,0.364804,5.09486,1.5028,0.467793,0,5.13768,1.86,0.452904,5.34978,1.55259,0.565453,0,5.3021,1.86,0.61292,5.57189,1.46665,0.789513,0,4.62735,1.86,0.179017,4.71514,1.58395,0.232192,0,4.37375,1.86,0.0951022,4.41073,1.58366,0.12617,0,5.18531,1.86,0.0735908,5.40251,1.56496,0.099275,0,4.81271,1.86,0.345484,4.93862,1.52596,0.437152,0,4.6735,1.86,0.070409,4.78624,1.63396,0.100176,0,5.05636,1.86,0.167151,5.24421,1.56501,0.211984,0,5.08474,1.86,0.541754,5.28311,1.51203,0.689077,0,
0.400009,4.82511,3.33935,0.230301,4.94592,3.40054,0.302933,4.1864,1.86,0.518136,4.1474,1.52634,0.649194,0,4.56523,1.86,0.664844,4.63128,1.54331,0.827964,0,4.82735,1.86,0.606906,4.95399,1.51763,0.766075,0,5.25762,1.86,0.346997,5.50116,1.52779,0.430635,0,5.17509,1.86,0.60388,5.40169,1.47701,0.77121,0,4.6291,1.86,0.502514,4.7107,1.53922,0.627403,0,4.79741,1.86,0.228751,4.92688,1.62875,0.289821,0,5.28974,1.86,0.514266,5.5616,1.44148,0.662592,0,4.8238,1.86,0.448002,4.9516,1.57035,0.556298,0,5.00622,1.86,0.474256,5.18271,1.51655,0.596756,0,4.94762,1.86,0.171597,5.10893,1.60162,0.215727,0,5.04561,1.86,0.0222117,5.22869,1.60977,0.0400311,0,4.50306,1.86,0.425692,4.56367,1.58497,0.524541,0,5.01803,1.86,0.275403,5.1905,1.59927,0.33742,0,5.28042,1.86,0.236679,5.53367,1.49484,0.299253,0,4.60831,1.86,0.29251,4.69114,1.57203,0.362758,0,4.92023,1.86,0.539923,5.07419,1.54959,0.67496,0,4.5122,1.86,0.0894788,4.58548,1.61933,0.119597,0,5.17605,1.86,0.17895,5.3876,1.58284,0.229746,0,4.71345,1.86,0.430552,4.81795,1.56346,0.534941,0,4.80837,1.86,0.118331,4.93765,1.63342,0.154065,0,5.14366,1.86,0.333533,5.35283,1.55125,0.414306,0,4.93877,1.86,0.364804,5.09439,1.50788,0.464676,0,5.13768,1.86,0.452904,5.34699,1.57206,0.560266,0,5.3021,1.86,0.61292,5.56775,1.47746,0.784864,0,4.62735,1.86,0.179017,4.71627,1.59327,0.231242,0,4.37375,1.86,0.0951022,4.41356,1.59354,0.125793,0,5.18531,1.86,0.0735908,5.40056,1.57165,0.097105,0,4.81271,1.86,0.345484,4.93858,1.53668,0.433724,0,4.6735,1.86,0.070409,4.78377,1.63399,0.0962911,0,5.05636,1.86,0.167151,5.24264,1.57434,0.209872,0,5.08474,1.86,0.541754,5.2815,1.52078,0.68467,0,
0.433343,4.77982,3.34214,0.231813,4.91547,3.4033,0.304065,4.1864,1.86,0.518136,4.15958,1.56753,0.640225,0,4.56523,1.86,0.664844,4.62586,1.56331,0.822705,0,4.82735,1.86,0.606906,4.94516,1.54349,0.760361,0,5.25762,1.86,0.346997,5.48424,1.55815,0.42914,0,5.17509,1.86,0.60388,5.3888,1.49807,0.767071,0,4.6291,1.86,0.502514,4.70075,1.55073,0.626003,0,4.79741,1.86,0.228751,4.92072,1.67982,0.287273,0,5.28974,1.86,0.514266,5.54671,1.46522,0.659165,0,4.8238,1.86,0.448002,4.94332,1.59905,0.556405,0,5.00622,1.86,0.474256,5.17133,1.55842,0.591165,0,4.94762,1.86,0.171597,5.0972,1.63285,0.217513,0,5.04561,1.86,0.0222117,5.21649,1.62703,0.0425016,0,4.50306,1.86,0.425692,4.56178,1.61408,0.520347,0,5.01803,1.86,0.275403,5.17861,1.6344,0.337552,0,5.28042,1.86,0.236679,5.51799,1.52483,0.30093,0,4.60831,1.86,0.29251,4.68698,1.60549,0.361559,0,4.92023,1.86,0.539923,5.06361,1.57046,0.670871,0,4.5122,1.86,0.0894788,4.58513,1.65398,0.124373,0,5.17605,1.86,0.17895,5.37128,1.62583,0.234242,0,4.71345,1.86,0.430552,4.80904,1.58126,0.533197,0,4.80837,1.86,0.118331,4.92722,1.64648,0.154931,0,5.14366,1.86,0.333533,5.34018,1.56544,0.414012,0,4.93877,1.86,0.364804,5.08413,1.53047,0.463232,0,5.13768,1.86,0.452904,5.33421,1.579,0.55996,0,5.3021,1.86,0.61292,5.55424,1.49159,0.782957,0,4.62735,1.86,0.179017,4.71238,1.62694,0.231139,0,4.37375,1.86,0.0951022,4.41843,1.63303,0.128923,0,5.18531,1.86,0.0735908,5.38521,1.60774,0.103908,0,4.81271,1.86,0.345484,4.92869,1.55185,0.433137,0,4.6735,1.86,0.070409,4.77566,1.64873,0.0997586,0,5.05636,1.86,0.167151,5.22989,1.60367,0.210965,0,5.08474,1.86,0.541754,5.26947,1.53515,0.682635,0,
0.466677,4.75304,3.34363,0.232514,4.90043,3.40467,0.304624,4.1864,1.86,0.518136,4.17256,1.59386,0.636836,0,4.56523,1.86,0.664844,4.63338,1.59159,0.815195,0,4.82735,1.86,0.606906,4.94761,1.57452,0.751921,0,5.25762,1.86,0.346997,5.47961,1.57863,0.427045,0,5.17509,1.86,0.60388,5.3848,1.5285,0.759457,0,4.6291,1.86,0.502514,4.7155,1.61676,0.613013,0,4.79741,1.86,0.228751,4.92194,1.70704,0.286873,0,5.28974,1.86,0.514266,5.54014,1.49624,0.651969,0,4.8238,1.86,0.448002,4.9452,1.62592,0.552531,0,5.00622,1.86,0.474256,5.16935,1.58928,0.586281,0,4.94762,1.86,0.171597,5.09636,1.64625,0.218774,0,5.04561,1.86,0.0222117,5.21501,1.64724,0.0442644,0,4.50306,1.86,0.425692,4.56934,1.64075,0.519152,0,5.01803,1.86,0.275403,5.17636,1.66795,0.33742,0,5.28042,1.86,0.236679,5.51145,1.55403,0.298948,0,4.60831,1.86,0.29251,4.69184,1.62993,0.360855,0,4.92023,1.86,0.539923,5.06457,1.62582,0.657718,0,4.5122,1.86,0.0894788,4.58827,1.66847,0.125395,0,5.17605,1.86,0.17895,5.36747,1.6416,0.23226,0,4.71345,1.86,0.430552,4.81371,1.61009,0.530069,0,4.80837,1.86,0.118331,4.93073,1.68178,0.159214,0,5.14366,1.86,0.333533,5.33817,1.58165,0.41233,0,4.93877,1.86,0.364804,5.08463,1.57118,0.46023,0,5.13768,1.86,0.452904,5.33203,1.59908,0.55521,0,5.3021,1.86,0.61292,5.5493,1.51705,0.776356,0,4.62735,1.86,0.179017,4.71524,1.64393,0.232977,0,4.37375,1.86,0.0951022,4.42591,1.65514,0.130538,0,5.18531,1.86,0.0735908,5.38133,1.62701,0.104694,0,4.81271,1.86,0.345484,4.93151,1.57982,0.431706,0,4.6735,1.86,0.070409,4.77958,1.67045,0.103107,0,5.05636,1.86,0.167151,5.22594,1.65351,0.213371,0,5.08474,1.86,0.541754,5.26781,1.55963,0.678147,0,
0.500011,4.75304,3.34363,0.232514,4.88827,3.40568,0.305074,4.1864,1.86,0.518136,4.19393,1.62966,0.627983,0,4.56523,1.86,0.664844,4.6497,1.64705,0.797553,0,4.82735,1.86,0.606906,4.95262,1.61241,0.741672,0,5.25762,1.86,0.346997,5.47474,1.61414,0.423147,0,5.17509,1.86,0.60388,5.38302,1.54944,0.751001,0,4.6291,1.86,0.502514,4.72507,1.66012,0.603465,0,4.79741,1.86,0.228751,4.9264,1.73609,0.2859,0,5.28974,1.86,0.514266,5.53178,1.54349,0.64138,0,4.8238,1.86,0.448002,4.95139,1.68297,0.541917,0,5.00622,1.86,0.474256,5.16885,1.64168,0.576068,0,4.94762,1.86,0.171597,5.09792,1.70654,0.21855,0,5.04561,1.86,0.0222117,5.21405,1.69227,0.050002,0,4.50306,1.86,0.425692,4.58672,1.69407,0.508122,0,5.01803,1.86,0.275403,5.17533,1.70499,0.33198,0,5.28042,1.86,0.236679,5.50056,1.61311,0.29694,0,4.60831,1.86,0.29251,4.70215,1.66657,0.358825,0,4.92023,1.86,0.539923,5.06602,1.65842,0.650834,0,4.5122,1.86,0.0894788,4.60316,1.71113,0.129865,0,5.17605,1.86,0.17895,5.3636,1.68362,0.23426,0,4.71345,1.86,0.430552,4.82236,1.65414,0.522964,0,4.80837,1.86,0.118331,4.93614,1.72916,0.160605,0,5.14366,1.86,0.333533,5.33861,1.59618,0.411836,0,4.93877,1.86,0.364804,5.08619,1.61395,0.454438,0,5.13768,1.86,0.452904,5.32841,1.64534,0.547603,0,5.3021,1.86,0.61292,5.54278,1.55663,0.765415,0,4.62735,1.86,0.179017,4.72436,1.67612,0.232531,0,4.37375,1.86,0.0951022,4.44366,1.69622,0.131925,0,5.18531,1.86,0.0735908,5.37686,1.67049,0.109447,0,4.81271,1.86,0.345484,4.93729,1.624,0.427074,0,4.6735,1.86,0.070409,4.78763,1.70624,0.103798,0,5.05636,1.86,0.167151,5.22367,1.69311,0.212853,0,5.08474,1.86,0.541754,5.26667,1.59813,0.669994,0,
0.533345,4.72628,3.34518,0.233201,4.87317,3.40694,0.305633,4.1864,1.86,0.518136,4.21663,1.6754,0.617798,0,4.56523,1.86,0.664844,4.66057,1.69851,0.783516,0,4.82735,1.86,0.606906,4.95443,1.65378,0.730165,0,5.25762,1.86,0.346997,5.46349,1.66138,0.417431,0,5.17509,1.86,0.60388,5.37859,1.57521,0.743036,0,4.6291,1.86,0.502514,4.73575,1.72148,0.592393,0,4.79741,1.86,0.228751,4.92781,1.76323,0.287083,0,5.28974,1.86,0.514266,5.51777,1.59826,0.629349,0,4.8238,1.86,0.448002,4.95304,1.7367,0.533757,0,5.00622,1.86,0.474256,5.16495,1.68363,0.568287,0,4.94762,1.86,0.171597,5.09422,1.76887,0.219293,0,5.04561,1.86,0.0222117,5.20935,1.7322,0.0547504,0,4.50306,1.86,0.425692,4.59742,1.73731,0.503569,0,5.01803,1.86,0.275403,5.17186,1.74513,0.331436,0,5.28042,1.86,0.236679,5.48838,1.6578,0.294602,0,4.60831,1.86,0.29251,4.70588,1.69254,0.353998,0,4.92023,1.86,0.539923,5.06515,1.70863,0.639467,0,4.5122,1.86,0.0894788,4.61368,1.75473,0.132973,0,5.17605,1.86,0.17895,5.35596,1.72181,0.234019,0,4.71345,1.86,0.430552,4.82725,1.69882,0.516028,0,4.80837,1.86,0.118331,4.93761,1.76921,0.163526,0,5.14366,1.86,0.333533,5.33292,1.63583,0.406865,0,4.93877,1.86,0.364804,5.08442,1.66915,0.448413,0,5.13768,1.86,0.452904,5.321,1.68889,0.54125,0,5.3021,1.86,0.61292,5.5297,1.60744,0.750611,0,4.62735,1.86,0.179017,4.72932,1.70534,0.233684,0,4.37375,1.86,0.0951022,4.45368,1.72626,0.134907,0,5.18531,1.86,0.0735908,5.36884,1.70999,0.112211,0,4.81271,1.86,0.345484,4.94006,1.68099,0.421753,0,4.6735,1.86,0.070409,4.79318,1.74603,0.108935,0,5.05636,1.86,0.167151,5.21909,1.72937,0.21295,0,5.08474,1.86,0.541754,5.26056,1.64803,0.658448,0,
0.566679,4.72628,3.34518,0.233201,4.86107,3.4081,0.306084,4.1864,1.86,0.518136,4.23872,1.72681,0.609526,0,4.56523,1.86,0.664844,4.66469,1.71314,0.778123,0,4.82735,1.86,0.606906,4.95617,1.66577,0.725862,0,5.25762,1.86,0.346997,5.45664,1.68566,0.415154,0,5.17509,1.86,0.60388,5.37761,1.58925,0.738071,0,4.6291,1.86,0.502514,4.73518,1.71442,0.593777,0,4.79741,1.86,0.228751,4.93138,1.75544,0.283091,0,5.28974,1.86,0.514266,5.50874,1.6287,0.622424,0,4.8238,1.86,0.448002,4.95525,1.69223,0.537103,0,5.00622,1.86,0.474256,5.16368,1.70424,0.563729,0,4.94762,1.86,0.171597,5.09837,1.74859,0.217008,0,5.04561,1.86,0.0222117,5.21482,1.71595,0.0522763,0,4.50306,1.86,0.425692,4.59939,1.73418,0.503209,0,5.01803,1.86,0.275403,5.17434,1.73731,0.331269,0,5.28042,1.86,0.236679,5.48692,1.66608,0.293976,0,4.60831,1.86,0.29251,4.70935,1.7043,0.35235,0,4.92023,1.86,0.539923,5.06789,1.69432,0.641375,0,4.5122,1.86,0.0894788,4.61341,1.73708,0.129143,0,5.17605,1.86,0.17895,5.36392,1.69455,0.230099,0,4.71345,1.86,0.430552,4.82973,1.70152,0.514361,0,4.80837,1.86,0.118331,4.94177,1.71752,0.158312,0,5.14366,1.86,0.333533,5.33042,1.66578,0.402789,0,4.93877,1.86,0.364804,5.08578,1.66808,0.448321,0,5.13768,1.86,0.452904,5.32133,1.69751,0.538951,0,5.3021,1.86,0.61292,5.52323,1.63038,0.744613,0,4.62735,1.86,0.179017,4.73188,1.707,0.232441,0,4.37375,1.86,0.0951022,4.45734,1.72327,0.13324,0,5.18531,1.86,0.0735908,5.37041,1.70324,0.108561,0,4.81271,1.86,0.345484,4.9423,1.67109,0.420473,0,4.6735,1.86,0.070409,4.79658,1.74715,0.107921,0,5.05636,1.86,0.167151,5.22128,1.72455,0.21147,0,5.08474,1.86,0.541754,5.26537,1.64536,0.658253,0,
0.600013,4.70036,3.3466,0.233795,4.84593,3.40941,0.306646,4.1864,1.86,0.518136,4.26262,1.79463,0.595666,0,4.56523,1.86,0.664844,4.66826,1.75056,0.76749,0,4.82735,1.86,0.606906,4.95462,1.69974,0.717061,0,5.25762,1.86,0.346997,5.44508,1.71997,0.412386,0,5.17509,1.86,0.60388,5.36729,1.62839,0.728996,0,4.6291,1.86,0.502514,4.73949,1.75132,0.587058,0,4.79741,1.86,0.228751,4.92957,1.78537,0.283951,0,5.28974,1.86,0.514266,5.4948,1.66567,0.617403,0,4.8238,1.86,0.448002,4.95587,1.72992,0.531155,0,5.00622,1.86,0.474256,5.15767,1.74102,0.558088,0,4.94762,1.86,0.171597,5.0939,1.78567,0.220454,0,5.04561,1.86,0.0222117,5.21469,1.72442,0.053895,0,4.50306,1.86,0.425692,4.60631,1.77683,0.498408,0,5.01803,1.86,0.275403,5.16862,1.7734,0.327976,0,5.28042,1.86,0.236679,5.48806,1.67382,0.294436,0,4.60831,1.86,0.29251,4.71265,1.73824,0.350815,0,4.92023,1.86,0.539923,5.06408,1.72935,0.634439,0,4.5122,1.86,0.0894788,4.61993,1.77837,0.133651,0,5.17605,1.86,0.17895,5.35371,1.73524,0.233459,0,4.71345,1.86,0.430552,4.83063,1.73499,0.509667,0,4.80837,1.86,0.118331,4.94304,1.71925,0.157781,0,5.14366,1.86,0.333533,5.3306,1.67446,0.402397,0,4.93877,1.86,0.364804,5.08186,1.70526,0.445244,0,5.13768,1.86,0.452904,5.31159,1.73619,0.532436,0,5.3021,1.86,0.61292,5.50942,1.67131,0.735024,0,4.62735,1.86,0.179017,4.73471,1.74064,0.233285,0,4.37375,1.86,0.0951022,4.47111,1.78001,0.138635,0,5.18531,1.86,0.0735908,5.37159,1.71242,0.110061,0,4.81271,1.86,0.345484,4.93847,1.70102,0.417033,0,4.6735,1.86,0.070409,4.79806,1.77925,0.111602,0,5.05636,1.86,0.167151,5.21369,1.75879,0.213403,0,5.08474,1.86,0.541754,5.25651,1.69208,0.651331,0,
0.633347,4.69048,3.34719,0.233656,4.83504,3.41031,0.307049,4.1864,1.86,0.518136,4.28271,1.82672,0.591208,0,4.56523,1.86,0.664844,4.67657,1.77854,0.759985,0,4.82735,1.86,0.606906,4.95978,1.72917,0.71076,0,5.25762,1.86,0.346997,5.44272,1.7451,0.41295,0,5.17509,1.86,0.60388,5.37496,1.6269,0.728516,0,4.6291,1.86,0.502514,4.74763,1.78164,0.581895,0,4.79741,1.86,0.228751,4.93447,1.8096,0.285936,0,5.28974,1.86,0.514266,5.49107,1.69237,0.611686,0,4.8238,1.86,0.448002,4.95828,1.75716,0.52633,0,5.00622,1.86,0.474256,5.15876,1.76652,0.554177,0,4.94762,1.86,0.171597,5.09558,1.80844,0.220928,0,5.04561,1.86,0.0222117,5.2196,1.72259,0.0525441,0,4.50306,1.86,0.425692,4.61464,1.80476,0.496862,0,5.01803,1.86,0.275403,5.16882,1.79385,0.330118,0,5.28042,1.86,0.236679,5.49475,1.67744,0.292644,0,4.60831,1.86,0.29251,4.71874,1.76376,0.349548,0,4.92023,1.86,0.539923,5.06665,1.75437,0.62869,0,4.5122,1.86,0.0894788,4.62902,1.8073,0.135007,0,5.17605,1.86,0.17895,5.36056,1.7298,0.230415,0,4.71345,1.86,0.430552,4.83621,1.76277,0.507807,0,4.80837,1.86,0.118331,4.94597,1.71801,0.156315,0,5.14366,1.86,0.333533,5.3364,1.67576,0.401682,0,4.93877,1.86,0.364804,5.08352,1.73088,0.442328,0,5.13768,1.86,0.452904,5.30951,1.75699,0.527572,0,5.3021,1.86,0.61292,5.50373,1.69737,0.725022,0,4.62735,1.86,0.179017,4.73844,1.76429,0.23588,0,4.37375,1.86,0.0951022,4.48195,1.8091,0.143681,0,5.18531,1.86,0.0735908,5.37633,1.71311,0.109695,0,4.81271,1.86,0.345484,4.9436,1.72626,0.41572,0,4.6735,1.86,0.070409,4.80461,1.80612,0.115579,0,5.05636,1.86,0.167151,5.21414,1.77763,0.214317,0,5.08474,1.86,0.541754,5.25514,1.71929,0.644974,0,
0.666681,4.69048,3.34719,0.233656,4.82512,3.41113,0.307416,4.1864,1.86,0.518136,4.29434,1.86,0.585286,0,4.56523,1.86,0.664844,4.68361,1.8034,0.752385,0,4.82735,1.86,0.606906,4.95971,1.75363,0.703593,0,5.25762,1.86,0.346997,5.43472,1.76899,0.411236,0,5.17509,1.86,0.60388,5.37739,1.63111,0.725335,0,4.6291,1.86,0.502514,4.74959,1.80558,0.576677,0,4.79741,1.86,0.228751,4.93623,1.8316,0.283271,0,5.28974,1.86,0.514266,5.4808,1.71675,0.605312,0,4.8238,1.86,0.448002,4.95924,1.78111,0.523545,0,5.00622,1.86,0.474256,5.15607,1.7891,0.549125,0,4.94762,1.86,0.171597,5.093,1.82871,0.224163,0,5.04561,1.86,0.0222117,5.2248,1.72228,0.0519478,0,4.50306,1.86,0.425692,4.62108,1.82807,0.490142,0,5.01803,1.86,0.275403,5.16715,1.8134,0.32766,0,5.28042,1.86,0.236679,5.49838,1.679,0.290502,0,4.60831,1.86,0.29251,4.72323,1.78543,0.347703,0,4.92023,1.86,0.539923,5.06671,1.77841,0.623751,0,4.5122,1.86,0.0894788,4.63553,1.8318,0.138999,0,5.17605,1.86,0.17895,5.36364,1.73459,0.2319,0,4.71345,1.86,0.430552,4.83914,1.78624,0.503643,0,4.80837,1.86,0.118331,4.95007,1.71716,0.156132,0,5.14366,1.86,0.333533,5.3395,1.67477,0.399869,0,4.93877,1.86,0.364804,5.08191,1.75361,0.439234,0,5.13768,1.86,0.452904,5.30661,1.77984,0.525212,0,5.3021,1.86,0.61292,5.49489,1.72266,0.716954,0,4.62735,1.86,0.179017,4.74257,1.78416,0.235466,0,4.37375,1.86,0.0951022,4.48983,1.83415,0.148245,0,5.18531,1.86,0.0735908,5.37868,1.71173,0.108089,0,4.81271,1.86,0.345484,4.94593,1.74983,0.410055,0,4.6735,1.86,0.070409,4.80697,1.82857,0.117064,0,5.05636,1.86,0.167151,5.21057,1.79621,0.214218,0,5.08474,1.86,0.541754,5.25089,1.74593,0.637177,0,
0.700015,4.69048,3.34719,0.233656,4.81005,3.41237,0.307973,4.1864,1.86,0.518136,4.30042,1.87634,0.584237,0,4.56523,1.86,0.664844,4.68454,1.82215,0.747815,0,4.82735,1.86,0.606906,4.95761,1.77099,0.700068,0,5.25762,1.86,0.346997,5.42971,1.77938,0.409504,0,5.17509,1.86,0.60388,5.37851,1.62554,0.726854,0,4.6291,1.86,0.502514,4.74945,1.8223,0.573867,0,4.79741,1.86,0.228751,4.93446,1.84684,0.283251,0,5.28974,1.86,0.514266,5.47629,1.72963,0.602448,0,4.8238,1.86,0.448002,4.95541,1.79646,0.51885,0,5.00622,1.86,0.474256,5.1506,1.80169,0.547655,0,4.94762,1.86,0.171597,5.09017,1.84099,0.22556,0,5.04561,1.86,0.0222117,5.22475,1.71856,0.0507798,0,4.50306,1.86,0.425692,4.62111,1.84452,0.48883,0,5.01803,1.86,0.275403,5.16344,1.82534,0.327554,0,5.28042,1.86,0.236679,5.49953,1.67067,0.29065,0,4.60831,1.86,0.29251,4.72404,1.80112,0.346453,0,4.92023,1.86,0.539923,5.06193,1.7932,0.618811,0,4.5122,1.86,0.0894788,4.63717,1.84917,0.144387,0,5.17605,1.86,0.17895,5.36707,1.72983,0.231306,0,4.71345,1.86,0.430552,4.83884,1.80346,0.501574,0,4.80837,1.86,0.118331,4.95115,1.7145,0.15687,0,5.14366,1.86,0.333533,5.34249,1.66915,0.399786,0,4.93877,1.86,0.364804,5.07893,1.76862,0.438651,0,5.13768,1.86,0.452904,5.30217,1.79458,0.523252,0,5.3021,1.86,0.61292,5.48846,1.73719,0.711756,0,4.62735,1.86,0.179017,4.74316,1.79827,0.236093,0,4.37375,1.86,0.0951022,4.49152,1.85073,0.151685,0,5.18531,1.86,0.0735908,5.3789,1.70546,0.106122,0,4.81271,1.86,0.345484,4.94453,1.76727,0.408985,0,4.6735,1.86,0.070409,4.80643,1.84432,0.118411,0,5.05636,1.86,0.167151,5.20668,1.80553,0.215374,0,5.08474,1.86,0.541754,5.24575,1.76348,0.634316,0,
0.733349,4.64506,3.349,0.235008,4.77991,3.41439,0.309078,4.1864,1.86,0.518136,4.29163,1.87435,0.582228,0,4.56523,1.86,0.664844,4.67699,1.83638,0.744331,0,4.82735,1.86,0.606906,4.94904,1.78685,0.695797,0,5.25762,1.86,0.346997,5.41578,1.79759,0.407861,0,5.17509,1.86,0.60388,5.37188,1.62782,0.725568,0,4.6291,1.86,0.502514,4.73867,1.83431,0.573459,0,4.79741,1.86,0.228751,4.92478,1.86088,0.282681,0,5.28974,1.86,0.514266,5.46168,1.7509,0.598033,0,4.8238,1.86,0.448002,4.94581,1.81039,0.516451,0,5.00622,1.86,0.474256,5.13966,1.81542,0.544796,0,4.94762,1.86,0.171597,5.07779,1.854,0.224433,0,5.04561,1.86,0.0222117,5.21945,1.72043,0.0502357,0,4.50306,1.86,0.425692,4.61469,1.85626,0.487799,0,5.01803,1.86,0.275403,5.15096,1.83811,0.328872,0,5.28042,1.86,0.236679,5.49504,1.67209,0.288707,0,4.60831,1.86,0.29251,4.71559,1.81327,0.34594,0,4.92023,1.86,0.539923,5.05162,1.80802,0.616504,0,4.5122,1.86,0.0894788,4.62876,1.86213,0.146048,0,5.17605,1.86,0.17895,5.35931,1.73419,0.229928,0,4.71345,1.86,0.430552,4.83006,1.81786,0.499173,0,4.80837,1.86,0.118331,4.94166,1.71544,0.154753,0,5.14366,1.86,0.333533,5.3351,1.67228,0.399703,0,4.93877,1.86,0.364804,5.06842,1.78388,0.436808,0,5.13768,1.86,0.452904,5.28749,1.81028,0.5207,0,5.3021,1.86,0.61292,5.474,1.75877,0.708953,0,4.62735,1.86,0.179017,4.73567,1.80976,0.236672,0,4.37375,1.86,0.0951022,4.48392,1.86131,0.1531,0,5.18531,1.86,0.0735908,5.37246,1.70849,0.106403,0,4.81271,1.86,0.345484,4.93636,1.7836,0.406147,0,4.6735,1.86,0.070409,4.79767,1.85729,0.119706,0,5.05636,1.86,0.167151,5.19571,1.81847,0.215197,0,5.08474,1.86,0.541754,5.23266,1.78209,0.631024,0,
0.766683,4.64506,3.349,0.235008,4.76494,3.41534,0.309625,4.1864,1.86,0.518136,4.28984,1.87889,0.580024,0,4.56523,1.86,0.664844,4.67638,1.83905,0.742285,0,4.82735,1.86,0.606906,4.94479,1.80448,0.690618,0,5.25762,1.86,0.346997,5.4107,1.8036,0.40594,0,5.17509,1.86,0.60388,5.33845,1.72133,0.703328,0,4.6291,1.86,0.502514,4.73375,1.83771,0.57242,0,4.79741,1.86,0.228751,4.92227,1.86524,0.282328,0,5.28974,1.86,0.514266,5.45146,1.77016,0.593682,0,4.8238,1.86,0.448002,4.94234,1.82655,0.513892,0,5.00622,1.86,0.474256,5.13611,1.82083,0.543334,0,4.94762,1.86,0.171597,5.07447,1.86898,0.224478,0,5.04561,1.86,0.0222117,5.2152,1.72599,0.0493616,0,4.50306,1.86,0.425692,4.61389,1.87159,0.485044,0,5.01803,1.86,0.275403,5.14764,1.84297,0.327791,0,5.28042,1.86,0.236679,5.49032,1.67829,0.290272,0,4.60831,1.86,0.29251,4.71334,1.81676,0.343654,0,4.92023,1.86,0.539923,5.04697,1.82472,0.612222,0,4.5122,1.86,0.0894788,4.62903,1.87836,0.146671,0,5.17605,1.86,0.17895,5.32747,1.81934,0.234676,0,4.71345,1.86,0.430552,4.82713,1.83457,0.496174,0,4.80837,1.86,0.118331,4.94326,1.71958,0.155427,0,5.14366,1.86,0.333533,5.3344,1.67648,0.394796,0,4.93877,1.86,0.364804,5.06407,1.8013,0.434365,0,5.13768,1.86,0.452904,5.28093,1.81371,0.519038,0,5.3021,1.86,0.61292,5.46262,1.77792,0.704534,0,4.62735,1.86,0.179017,4.7336,1.82476,0.235139,0,4.37375,1.86,0.0951022,4.48424,1.87588,0.153503,0,5.18531,1.86,0.0735908,5.37156,1.71522,0.106473,0,4.81271,1.86,0.345484,4.93227,1.8025,0.40551,0,4.6735,1.86,0.070409,4.79757,1.8742,0.117166,0,5.05636,1.86,0.167151,5.18961,1.83315,0.215021,0,5.08474,1.86,0.541754,5.22507,1.80113,0.627401,0,
0.800017,4.6188,3.34976,0.235523,4.75332,3.41595,0.310047,4.1864,1.86,0.518136,4.29432,1.87764,0.580579,0,4.56523,1.86,0.664844,4.68172,1.83789,0.743436,0,4.82735,1.86,0.606906,4.94533,1.81093,0.686227,0,5.25762,1.86,0.346997,5.41075,1.8122,0.404724,0,5.17509,1.86,0.60388,5.3384,1.73832,0.698487,0,4.6291,1.86,0.502514,4.73863,1.84653,0.571291,0,4.79741,1.86,0.228751,4.92575,1.87652,0.28291,0,5.28974,1.86,0.514266,5.45397,1.77526,0.593132,0,4.8238,1.86,0.448002,4.94656,1.83326,0.512331,0,5.00622,1.86,0.474256,5.13919,1.82979,0.541777,0,4.94762,1.86,0.171597,5.07784,1.87396,0.226097,0,5.04561,1.86,0.0222117,5.22296,1.71939,0.0475869,0,4.50306,1.86,0.425692,4.61905,1.87991,0.484284,0,5.01803,1.86,0.275403,5.15039,1.85054,0.326978,0,5.28042,1.86,0.236679,5.49978,1.66865,0.289963,0,4.60831,1.86,0.29251,4.71844,1.82889,0.343788,0,4.92023,1.86,0.539923,5.05155,1.83186,0.611609,0,4.5122,1.86,0.0894788,4.63501,1.88742,0.147272,0,5.17605,1.86,0.17895,5.3278,1.83198,0.235188,0,4.71345,1.86,0.430552,4.8315,1.84288,0.495546,0,4.80837,1.86,0.118331,4.94855,1.71653,0.15537,0,5.14366,1.86,0.333533,5.34146,1.67222,0.396347,0,4.93877,1.86,0.364804,5.06802,1.80823,0.433608,0,5.13768,1.86,0.452904,5.28659,1.81002,0.516531,0,5.3021,1.86,0.61292,5.46569,1.78281,0.703066,0,4.62735,1.86,0.179017,4.73709,1.83165,0.235859,0,4.37375,1.86,0.0951022,4.4904,1.88337,0.1558,0,5.18531,1.86,0.0735908,5.38044,1.71136,0.104597,0,4.81271,1.86,0.345484,4.93777,1.79941,0.401015,0,4.6735,1.86,0.070409,4.801,1.88214,0.118605,0,5.05636,1.86,0.167151,5.1931,1.83553,0.215026,0,5.08474,1.86,0.541754,5.22774,1.80809,0.626353,0,
0.833351,4.6188,3.34976,0.235523,4.73855,3.41672,0.310583,4.1864,1.86,0.518136,4.29717,1.87746,0.582849,0,4.56523,1.86,0.664844,4.68713,1.85742,0.7376,0,4.82735,1.86,0.606906,4.94592,1.81958,0.684686,0,5.25762,1.86,0.346997,5.40641,1.82404,0.405664,0,5.17509,1.86,0.60388,5.33222,1.77082,0.69299,0,4.6291,1.86,0.502514,4.74036,1.85282,0.571843,0,4.79741,1.86,0.228751,4.92634,1.88762,0.284853,0,5.28974,1.86,0.514266,5.4487,1.79019,0.591445,0,4.8238,1.86,0.448002,4.94656,1.84207,0.512274,0,5.00622,1.86,0.474256,5.13661,1.84067,0.541471,0,4.94762,1.86,0.171597,5.07571,1.88242,0.224437,0,5.04561,1.86,0.0222117,5.22111,1.7243,0.0489073,0,4.50306,1.86,0.425692,4.6198,1.88614,0.484989,0,5.01803,1.86,0.275403,5.14882,1.86081,0.327924,0,5.28042,1.86,0.236679,5.5005,1.67797,0.28938,0,4.60831,1.86,0.29251,4.71972,1.83787,0.344692,0,4.92023,1.86,0.539923,5.04913,1.84187,0.610499,0,4.5122,1.86,0.0894788,4.63796,1.89453,0.150936,0,5.17605,1.86,0.17895,5.32071,1.86286,0.23672,0,4.71345,1.86,0.430552,4.83215,1.8513,0.495624,0,4.80837,1.86,0.118331,4.95235,1.71833,0.157749,0,5.14366,1.86,0.333533,5.3402,1.676,0.400748,0,4.93877,1.86,0.364804,5.06744,1.81932,0.433254,0,5.13768,1.86,0.452904,5.28424,1.82832,0.518923,0,5.3021,1.86,0.61292,5.45944,1.79819,0.699584,0,4.62735,1.86,0.179017,4.73852,1.83767,0.238462,0,4.37375,1.86,0.0951022,4.49236,1.88846,0.157392,0,5.18531,1.86,0.0735908,5.38,1.71881,0.106618,0,4.81271,1.86,0.345484,4.93902,1.81518,0.399867,0,4.6735,1.86,0.070409,4.8013,1.88964,0.121172,0,5.05636,1.86,0.167151,5.1916,1.84471,0.21665,0,5.08474,1.86,0.541754,5.22584,1.82166,0.624692,0,
0.866685,4.59193,3.35049,0.236029,4.72642,3.41746,0.311026,4.1864,1.86,0.518136,4.29638,1.87704,0.582503,0,4.56523,1.86,0.664844,4.69225,1.86988,0.733596,0,4.82735,1.86,0.606906,4.94426,1.8235,0.686663,0,5.25762,1.86,0.346997,5.40453,1.82902,0.40584,0,5.17509,1.86,0.60388,5.32831,1.78305,0.689467,0,4.6291,1.86,0.502514,4.742,1.85494,0.571977,0,4.79741,1.86,0.228751,4.92667,1.89352,0.284913,0,5.28974,1.86,0.514266,5.44557,1.79379,0.591525,0,4.8238,1.86,0.448002,4.9476,1.84596,0.511121,0,5.00622,1.86,0.474256,5.13657,1.84459,0.540781,0,4.94762,1.86,0.171597,5.075,1.88413,0.227065,0,5.04561,1.86,0.0222117,5.22518,1.72248,0.0501676,0,4.50306,1.86,0.425692,4.62331,1.88905,0.485368,0,5.01803,1.86,0.275403,5.14942,1.86514,0.327429,0,5.28042,1.86,0.236679,5.50143,1.67927,0.29044,0,4.60831,1.86,0.29251,4.72193,1.84241,0.344515,0,4.92023,1.86,0.539923,5.05134,1.8459,0.608808,0,4.5122,1.86,0.0894788,4.64038,1.89879,0.151764,0,5.17605,1.86,0.17895,5.31723,1.87421,0.23724,0,4.71345,1.86,0.430552,4.83054,1.85495,0.496485,0,4.80837,1.86,0.118331,4.95581,1.71811,0.158082,0,5.14366,1.86,0.333533,5.34368,1.67469,0.400633,0,4.93877,1.86,0.364804,5.06787,1.82441,0.432203,0,5.13768,1.86,0.452904,5.28541,1.8373,0.517735,0,5.3021,1.86,0.61292,5.45828,1.80233,0.699444,0,4.62735,1.86,0.179017,4.74074,1.84043,0.238412,0,4.37375,1.86,0.0951022,4.49606,1.89065,0.15552,0,5.18531,1.86,0.0735908,5.38117,1.71541,0.108081,0,4.81271,1.86,0.345484,4.93999,1.82396,0.399278,0,4.6735,1.86,0.070409,4.80127,1.89273,0.125532,0,5.05636,1.86,0.167151,5.19179,1.84724,0.216783,0,5.08474,1.86,0.541754,5.22577,1.82821,0.623188,0,
0.90002,4.56598,3.35107,0.236523,4.71144,3.41822,0.31157,4.1864,1.86,0.518136,4.29523,1.87183,0.584426,0,4.56523,1.86,0.664844,4.69176,1.87607,0.731402,0,4.82735,1.86,0.606906,4.94507,1.82205,0.687545,0,5.25762,1.86,0.346997,5.40471,1.82867,0.404757,0,5.17509,1.86,0.60388,5.32883,1.78611,0.688112,0,4.6291,1.86,0.502514,4.74206,1.85261,0.572373,0,4.79741,1.86,0.228751,4.92553,1.89325,0.284657,0,5.28974,1.86,0.514266,5.44923,1.79497,0.590092,0,4.8238,1.86,0.448002,4.94774,1.84522,0.51122,0,5.00622,1.86,0.474256,5.13884,1.8449,0.54039,0,4.94762,1.86,0.171597,5.07694,1.88225,0.226977,0,5.04561,1.86,0.0222117,5.2278,1.7202,0.0507663,0,4.50306,1.86,0.425692,4.6229,1.88804,0.485526,0,5.01803,1.86,0.275403,5.15001,1.86445,0.327606,0,5.28042,1.86,0.236679,5.5054,1.67314,0.289107,0,4.60831,1.86,0.29251,4.72569,1.84285,0.341157,0,4.92023,1.86,0.539923,5.05194,1.84692,0.609228,0,4.5122,1.86,0.0894788,4.64211,1.89908,0.152922,0,5.17605,1.86,0.17895,5.31609,1.87597,0.23788,0,4.71345,1.86,0.430552,4.82744,1.85281,0.495041,0,4.80837,1.86,0.118331,4.9561,1.71308,0.155565,0,5.14366,1.86,0.333533,5.34884,1.67232,0.398863,0,4.93877,1.86,0.364804,5.06891,1.82484,0.432126,0,5.13768,1.86,0.452904,5.28393,1.84008,0.515987,0,5.3021,1.86,0.61292,5.46069,1.80533,0.695975,0,4.62735,1.86,0.179017,4.74002,1.83878,0.237652,0,4.37375,1.86,0.0951022,4.49578,1.88962,0.153769,0,5.18531,1.86,0.0735908,5.38407,1.70897,0.106274,0,4.81271,1.86,0.345484,4.93971,1.82709,0.402242,0,4.6735,1.86,0.070409,4.80185,1.89197,0.124872,0,5.05636,1.86,0.167151,5.19254,1.84495,0.216643,0,5.08474,1.86,0.541754,5.22631,1.82895,0.619663,0,
0.933353,4.55598,3.35129,0.236299,4.70039,3.41882,0.311971,4.1864,1.86,0.518136,4.2963,1.87848,0.584362,0,4.56523,1.86,0.664844,4.69215,1.88993,0.727641,0,4.82735,1.86,0.606906,4.94734,1.82958,0.685636,0,5.25762,1.86,0.346997,5.40007,1.83385,0.404447,0,5.17509,1.86,0.60388,5.32596,1.79809,0.686058,0,4.6291,1.86,0.502514,4.74324,1.85946,0.571174,0,4.79741,1.86,0.228751,4.92621,1.90188,0.28528,0,5.28974,1.86,0.514266,5.44471,1.807,0.588955,0,4.8238,1.86,0.448002,4.94782,1.85318,0.510124,0,5.00622,1.86,0.474256,5.1374,1.85358,0.53981,0,4.94762,1.86,0.171597,5.07721,1.88986,0.227944,0,5.04561,1.86,0.0222117,5.22867,1.72402,0.0523047,0,4.50306,1.86,0.425692,4.62418,1.89666,0.485215,0,5.01803,1.86,0.275403,5.1509,1.87221,0.327482,0,5.28042,1.86,0.236679,5.50635,1.67655,0.289646,0,4.60831,1.86,0.29251,4.72744,1.85315,0.341457,0,4.92023,1.86,0.539923,5.051,1.85493,0.60871,0,4.5122,1.86,0.0894788,4.64394,1.90931,0.153644,0,5.17605,1.86,0.17895,5.31298,1.88426,0.239353,0,4.71345,1.86,0.430552,4.82924,1.86023,0.496137,0,4.80837,1.86,0.118331,4.96009,1.71762,0.15735,0,5.14366,1.86,0.333533,5.34881,1.67823,0.399826,0,4.93877,1.86,0.364804,5.0681,1.83393,0.432473,0,5.13768,1.86,0.452904,5.28237,1.84591,0.515524,0,5.3021,1.86,0.61292,5.45551,1.81611,0.693898,0,4.62735,1.86,0.179017,4.74367,1.84705,0.238673,0,4.37375,1.86,0.0951022,4.49831,1.89829,0.154604,0,5.18531,1.86,0.0735908,5.38589,1.71261,0.107473,0,4.81271,1.86,0.345484,4.93927,1.83855,0.402135,0,4.6735,1.86,0.070409,4.80347,1.90053,0.123805,0,5.05636,1.86,0.167151,5.1924,1.85109,0.217519,0,5.08474,1.86,0.541754,5.22518,1.83837,0.618478,0,
0.966688,4.53018,3.35175,0.236767,4.69067,3.41927,0.312323,4.1864,1.86,0.518136,4.30932,1.90497,0.57998,0,4.56523,1.86,0.664844,4.69625,1.8953,0.726515,0,4.82735,1.86,0.606906,4.95193,1.82869,0.686303,0,5.25762,1.86,0.346997,5.4071,1.82746,0.403471,0,5.17509,1.86,0.60388,5.33062,1.79725,0.685867,0,4.6291,1.86,0.502514,4.74789,1.85867,0.571084,0,4.79741,1.86,0.228751,4.9294,1.9014,0.28437,0,5.28974,1.86,0.514266,5.44953,1.79988,0.589643,0,4.8238,1.86,0.448002,4.95249,1.8524,0.509983,0,5.00622,1.86,0.474256,5.14176,1.85009,0.540086,0,4.94762,1.86,0.171597,5.0824,1.88717,0.224868,0,5.04561,1.86,0.0222117,5.23719,1.71795,0.0498063,0,4.50306,1.86,0.425692,4.62958,1.89755,0.483477,0,5.01803,1.86,0.275403,5.15541,1.87036,0.326636,0,5.28042,1.86,0.236679,5.51624,1.66883,0.290326,0,4.60831,1.86,0.29251,4.73201,1.85512,0.341246,0,4.92023,1.86,0.539923,5.05598,1.85327,0.606037,0,4.5122,1.86,0.0894788,4.64709,1.91176,0.152374,0,5.17605,1.86,0.17895,5.31777,1.8817,0.238569,0,4.71345,1.86,0.430552,4.83341,1.85907,0.496632,0,4.80837,1.86,0.118331,4.96675,1.71382,0.157029,0,5.14366,1.86,0.333533,5.36052,1.67002,0.398731,0,4.93877,1.86,0.364804,5.07283,1.83288,0.432328,0,5.13768,1.86,0.452904,5.28873,1.84411,0.514681,0,5.3021,1.86,0.61292,5.46271,1.80971,0.694996,0,4.62735,1.86,0.179017,4.746,1.84707,0.2383,0,4.37375,1.86,0.0951022,4.50466,1.89999,0.153012,0,5.18531,1.86,0.0735908,5.3952,1.70725,0.108466,0,4.81271,1.86,0.345484,4.94311,1.84039,0.404002,0,4.6735,1.86,0.070409,4.80643,1.8999,0.125909,0,5.05636,1.86,0.167151,5.19699,1.84714,0.217182,0,5.08474,1.86,0.541754,5.23142,1.83705,0.617458,0,
1.00002,4.53018,3.35175,0.236767,4.66461,3.42054,0.313267,4.1864,1.86,0.518136,4.29889,1.89987,0.581962,0,4.56523,1.86,0.664844,4.68685,1.89269,0.729985,0,4.82735,1.86,0.606906,4.94332,1.82844,0.688626,0,5.25762,1.86,0.346997,5.39659,1.83218,0.405788,0,5.17509,1.86,0.60388,5.31998,1.80356,0.68684,0,4.6291,1.86,0.502514,4.73915,1.85624,0.573602,0,4.79741,1.86,0.228751,4.92021,1.90108,0.286555,0,5.28974,1.86,0.514266,5.43935,1.80359,0.590834,0,4.8238,1.86,0.448002,4.94421,1.85335,0.514148,0,5.00622,1.86,0.474256,5.13231,1.85166,0.541529,0,4.94762,1.86,0.171597,5.07142,1.88721,0.228278,0,5.04561,1.86,0.0222117,5.22896,1.71893,0.051485,0,4.50306,1.86,0.425692,4.62012,1.89533,0.485078,0,5.01803,1.86,0.275403,5.1445,1.87098,0.328458,0,5.28042,1.86,0.236679,5.51048,1.67409,0.289131,0,4.60831,1.86,0.29251,4.72416,1.85511,0.343108,0,4.92023,1.86,0.539923,5.04661,1.85592,0.609593,0,4.5122,1.86,0.0894788,4.63755,1.91064,0.15363,0,5.17605,1.86,0.17895,5.30793,1.88692,0.240148,0,4.71345,1.86,0.430552,4.82451,1.8566,0.495975,0,4.80837,1.86,0.118331,4.9582,1.7114,0.156708,0,5.14366,1.86,0.333533,5.35016,1.67371,0.399697,0,4.93877,1.86,0.364804,5.06315,1.8353,0.433723,0,5.13768,1.86,0.452904,5.2774,1.84952,0.517015,0,5.3021,1.86,0.61292,5.45273,1.81714,0.694334,0,4.62735,1.86,0.179017,4.73739,1.84517,0.238789,0,4.37375,1.86,0.0951022,4.49363,1.8972,0.156426,0,5.18531,1.86,0.0735908,5.38768,1.71151,0.10769,0,4.81271,1.86,0.345484,4.93407,1.84301,0.407491,0,4.6735,1.86,0.070409,4.79946,1.89894,0.125112,0,5.05636,1.86,0.167151,5.18787,1.84785,0.218607,0,5.08474,1.86,0.541754,5.22163,1.84278,0.618071,0,
1.03336,4.51974,3.35193,0.236537,4.65424,3.421,0.313642,4.1864,1.86,0.518136,4.30006,1.89837,0.581911,0,4.56523,1.86,0.664844,4.68985,1.89172,0.728469,0,4.82735,1.86,0.606906,4.9462,1.82868,0.686112,0,5.25762,1.86,0.346997,5.3992,1.83114,0.405218,0,5.17509,1.86,0.60388,5.32009,1.80535,0.685053,0,4.6291,1.86,0.502514,4.74211,1.85567,0.571883,0,4.79741,1.86,0.228751,4.92199,1.90202,0.287082,0,5.28974,1.86,0.514266,5.44211,1.80532,0.589889,0,4.8238,1.86,0.448002,4.94966,1.85567,0.511972,0,5.00622,1.86,0.474256,5.13392,1.85212,0.539673,0,4.94762,1.86,0.171597,5.07488,1.88651,0.22739,0,5.04561,1.86,0.0222117,5.23382,1.71718,0.0495283,0,4.50306,1.86,0.425692,4.62251,1.89539,0.48348,0,5.01803,1.86,0.275403,5.14953,1.87177,0.327541,0,5.28042,1.86,0.236679,5.51175,1.67312,0.29103,0,4.60831,1.86,0.29251,4.72754,1.85755,0.34181,0,4.92023,1.86,0.539923,5.04915,1.85752,0.608944,0,4.5122,1.86,0.0894788,4.63947,1.91207,0.152085,0,5.17605,1.86,0.17895,5.30847,1.88856,0.240189,0,4.71345,1.86,0.430552,4.82697,1.85599,0.494816,0,4.80837,1.86,0.118331,4.96385,1.71065,0.156673,0,5.14366,1.86,0.333533,5.35767,1.66813,0.400154,0,4.93877,1.86,0.364804,5.0645,1.83681,0.43183,0,5.13768,1.86,0.452904,5.28021,1.84976,0.515474,0,5.3021,1.86,0.61292,5.45321,1.8182,0.692765,0,4.62735,1.86,0.179017,4.74092,1.8459,0.238691,0,4.37375,1.86,0.0951022,4.49657,1.89705,0.154648,0,5.18531,1.86,0.0735908,5.39063,1.70843,0.108002,0,4.81271,1.86,0.345484,4.93597,1.8463,0.406807,0,4.6735,1.86,0.070409,4.80137,1.89986,0.125801,0,5.05636,1.86,0.167151,5.18918,1.84755,0.218558,0,5.08474,1.86,0.541754,5.22149,1.84313,0.61533,0,
1.06669,4.49304,3.35213,0.237043,4.63919,3.42165,0.314185,4.1864,1.86,0.518136,4.29944,1.90287,0.582849,0,4.56523,1.86,0.664844,4.68737,1.89529,0.729681,0,4.82735,1.86,0.606906,4.9462,1.8323,0.686952,0,5.25762,1.86,0.346997,5.39825,1.83256,0.40713,0,5.17509,1.86,0.60388,5.31821,1.80881,0.68514,0,4.6291,1.86,0.502514,4.74084,1.85894,0.572512,0,4.79741,1.86,0.228751,4.9218,1.90534,0.286588,0,5.28974,1.86,0.514266,5.43956,1.80915,0.590372,0,4.8238,1.86,0.448002,4.94773,1.86024,0.512549,0,5.00622,1.86,0.474256,5.13218,1.85448,0.540484,0,4.94762,1.86,0.171597,5.07485,1.88987,0.229483,0,5.04561,1.86,0.0222117,5.23336,1.7187,0.0509666,0,4.50306,1.86,0.425692,4.62164,1.9001,0.485356,0,5.01803,1.86,0.275403,5.14696,1.8766,0.328627,0,5.28042,1.86,0.236679,5.51696,1.67004,0.290143,0,4.60831,1.86,0.29251,4.72658,1.86349,0.344086,0,4.92023,1.86,0.539923,5.04691,1.86107,0.609421,0,4.5122,1.86,0.0894788,4.6366,1.91702,0.153218,0,5.17605,1.86,0.17895,5.30683,1.89022,0.240061,0,4.71345,1.86,0.430552,4.82616,1.85843,0.495117,0,4.80837,1.86,0.118331,4.96119,1.71321,0.156521,0,5.14366,1.86,0.333533,5.35603,1.67085,0.40134,0,4.93877,1.86,0.364804,5.06252,1.84038,0.432726,0,5.13768,1.86,0.452904,5.27614,1.85282,0.516232,0,5.3021,1.86,0.61292,5.45167,1.82018,0.69388,0,4.62735,1.86,0.179017,4.741,1.85007,0.240796,0,4.37375,1.86,0.0951022,4.49501,1.90208,0.155186,0,5.18531,1.86,0.0735908,5.392,1.70695,0.108164,0,4.81271,1.86,0.345484,4.93406,1.85097,0.407691,0,4.6735,1.86,0.070409,4.80029,1.90335,0.126788,0,5.05636,1.86,0.167151,5.18787,1.84845,0.219757,0,5.08474,1.86,0.541754,5.21903,1.84568,0.616574,0,
1.10002,4.49304,3.35213,0.237043,4.62729,3.42207,0.314613,4.1864,1.86,0.518136,4.29964,1.9036,0.581091,0,4.56523,1.86,0.664844,4.6862,1.89466,0.72827,0,4.82735,1.86,0.606906,4.94743,1.83224,0.686281,0,5.25762,1.86,0.346997,5.40039,1.83123,0.407548,0,5.17509,1.86,0.60388,5.31847,1.81033,0.684282,0,4.6291,1.86,0.502514,4.74209,1.85837,0.572003,0,4.79741,1.86,0.228751,4.92221,1.90525,0.286829,0,5.28974,1.86,0.514266,5.44264,1.80912,0.589279,0,4.8238,1.86,0.448002,4.94903,1.85974,0.510904,0,5.00622,1.86,0.474256,5.13264,1.85343,0.538976,0,4.94762,1.86,0.171597,5.07609,1.88993,0.2289,0,5.04561,1.86,0.0222117,5.23542,1.71589,0.0498998,0,4.50306,1.86,0.425692,4.62278,1.90071,0.486224,0,5.01803,1.86,0.275403,5.14777,1.87476,0.32809,0,5.28042,1.86,0.236679,5.51759,1.67111,0.290009,0,4.60831,1.86,0.29251,4.728,1.86551,0.343809,0,4.92023,1.86,0.539923,5.04835,1.86105,0.608406,0,4.5122,1.86,0.0894788,4.639,1.9182,0.151276,0,5.17605,1.86,0.17895,5.30603,1.88948,0.239799,0,4.71345,1.86,0.430552,4.82751,1.85713,0.493553,0,4.80837,1.86,0.118331,4.96645,1.71141,0.158202,0,5.14366,1.86,0.333533,5.36012,1.66614,0.400478,0,4.93877,1.86,0.364804,5.06309,1.84077,0.432669,0,5.13768,1.86,0.452904,5.27666,1.85058,0.516205,0,5.3021,1.86,0.61292,5.45257,1.82065,0.692465,0,4.62735,1.86,0.179017,4.7413,1.85046,0.239539,0,4.37375,1.86,0.0951022,4.49603,1.90323,0.152233,0,5.18531,1.86,0.0735908,5.39522,1.70567,0.107644,0,4.81271,1.86,0.345484,4.93617,1.85242,0.404255,0,4.6735,1.86,0.070409,4.80152,1.9036,0.126233,0,5.05636,1.86,0.167151,5.18843,1.84726,0.219125,0,5.08474,1.86,0.541754,5.21649,1.84475,0.614998,0,
1.13336,4.46635,3.35204,0.237516,4.60034,3.42285,0.315577,4.1864,1.86,0.518136,4.29435,1.90336,0.580498,0,4.56523,1.86,0.664844,4.67856,1.89686,0.728105,0,4.82735,1.86,0.606906,4.93945,1.83617,0.686585,0,5.25762,1.86,0.346997,5.39245,1.83609,0.406822,0,5.17509,1.86,0.60388,5.31151,1.81545,0.683565,0,4.6291,1.86,0.502514,4.73665,1.86124,0.571853,0,4.79741,1.86,0.228751,4.91433,1.90864,0.286254,0,5.28974,1.86,0.514266,5.43302,1.81741,0.588069,0,4.8238,1.86,0.448002,4.94026,1.8644,0.510147,0,5.00622,1.86,0.474256,5.12554,1.85751,0.537815,0,4.94762,1.86,0.171597,5.06654,1.89307,0.228883,0,5.04561,1.86,0.0222117,5.22947,1.72008,0.0498452,0,4.50306,1.86,0.425692,4.61499,1.9032,0.485303,0,5.01803,1.86,0.275403,5.14054,1.87872,0.328363,0,5.28042,1.86,0.236679,5.51482,1.67299,0.28943,0,4.60831,1.86,0.29251,4.72042,1.86801,0.344054,0,4.92023,1.86,0.539923,5.04043,1.86482,0.607401,0,4.5122,1.86,0.0894788,4.62925,1.92009,0.153509,0,5.17605,1.86,0.17895,5.29596,1.89298,0.23956,0,4.71345,1.86,0.430552,4.82095,1.86016,0.497124,0,4.80837,1.86,0.118331,4.96025,1.71639,0.15747,0,5.14366,1.86,0.333533,5.35527,1.67238,0.398365,0,4.93877,1.86,0.364804,5.0557,1.84635,0.432631,0,5.13768,1.86,0.452904,5.26919,1.85583,0.514406,0,5.3021,1.86,0.61292,5.44415,1.82554,0.692283,0,4.62735,1.86,0.179017,4.73376,1.85385,0.239555,0,4.37375,1.86,0.0951022,4.48923,1.90555,0.150501,0,5.18531,1.86,0.0735908,5.38806,1.70997,0.109307,0,4.81271,1.86,0.345484,4.92871,1.85624,0.40122,0,4.6735,1.86,0.070409,4.79575,1.90784,0.124789,0,5.05636,1.86,0.167151,5.18081,1.85146,0.218986,0,5.08474,1.86,0.541754,5.20942,1.84878,0.613788,0,
1.16669,4.46635,3.35204,0.237516,4.58531,3.42318,0.316112,4.1864,1.86,0.518136,4.29574,1.91162,0.581526,0,4.56523,1.86,0.664844,4.6793,1.9032,0.727431,0,4.82735,1.86,0.606906,4.93955,1.84428,0.68451,0,5.25762,1.86,0.346997,5.39007,1.84193,0.405184,0,5.17509,1.86,0.60388,5.30769,1.82207,0.680783,0,4.6291,1.86,0.502514,4.73699,1.86916,0.570517,0,4.79741,1.86,0.228751,4.91293,1.91507,0.287135,0,5.28974,1.86,0.514266,5.43256,1.82271,0.585504,0,4.8238,1.86,0.448002,4.94241,1.87097,0.50817,0,5.00622,1.86,0.474256,5.12632,1.86796,0.538259,0,4.94762,1.86,0.171597,5.06537,1.8999,0.229232,0,5.04561,1.86,0.0222117,5.23171,1.72871,0.0528345,0,4.50306,1.86,0.425692,4.61665,1.90963,0.483335,0,5.01803,1.86,0.275403,5.13798,1.8855,0.328407,0,5.28042,1.86,0.236679,5.51191,1.68309,0.288368,0,4.60831,1.86,0.29251,4.7223,1.87472,0.343777,0,4.92023,1.86,0.539923,5.03972,1.87142,0.607982,0,4.5122,1.86,0.0894788,4.63018,1.92652,0.155247,0,5.17605,1.86,0.17895,5.29419,1.89916,0.239831,0,4.71345,1.86,0.430552,4.82042,1.86726,0.495048,0,4.80837,1.86,0.118331,4.96232,1.72325,0.159325,0,5.14366,1.86,0.333533,5.35455,1.68177,0.399429,0,4.93877,1.86,0.364804,5.0547,1.85351,0.432062,0,5.13768,1.86,0.452904,5.26819,1.86461,0.514578,0,5.3021,1.86,0.61292,5.4421,1.83164,0.691478,0,4.62735,1.86,0.179017,4.73451,1.86249,0.240157,0,4.37375,1.86,0.0951022,4.49084,1.91406,0.151392,0,5.18531,1.86,0.0735908,5.38845,1.7168,0.108586,0,4.81271,1.86,0.345484,4.92926,1.86319,0.402552,0,4.6735,1.86,0.070409,4.79316,1.91588,0.127869,0,5.05636,1.86,0.167151,5.18018,1.86061,0.216506,0,5.08474,1.86,0.541754,5.20734,1.85686,0.612217,0,
1.20003,4.43934,3.35182,0.237971,4.57307,3.4235,0.31655,4.1864,1.86,0.518136,4.29978,1.90912,0.579603,0,4.56523,1.86,0.664844,4.67937,1.89747,0.727985,0,4.82735,1.86,0.606906,4.9434,1.83693,0.685487,0,5.25762,1.86,0.346997,5.39715,1.83158,0.403958,0,5.17509,1.86,0.60388,5.31465,1.81088,0.682532,0,4.6291,1.86,0.502514,4.74115,1.86273,0.570774,0,4.79741,1.86,0.228751,4.91671,1.90703,0.285451,0,5.28974,1.86,0.514266,5.44062,1.81595,0.586754,0,4.8238,1.86,0.448002,4.94376,1.86392,0.509174,0,5.00622,1.86,0.474256,5.12975,1.86098,0.539121,0,4.94762,1.86,0.171597,5.06878,1.89165,0.227092,0,5.04561,1.86,0.0222117,5.23608,1.7214,0.0509317,0,4.50306,1.86,0.425692,4.61924,1.90429,0.482985,0,5.01803,1.86,0.275403,5.14493,1.87607,0.326589,0,5.28042,1.86,0.236679,5.51985,1.66788,0.290034,0,4.60831,1.86,0.29251,4.72449,1.86829,0.343832,0,4.92023,1.86,0.539923,5.04445,1.86308,0.607789,0,4.5122,1.86,0.0894788,4.63144,1.92109,0.15408,0,5.17605,1.86,0.17895,5.29959,1.89179,0.239032,0,4.71345,1.86,0.430552,4.8237,1.85986,0.495815,0,4.80837,1.86,0.118331,4.96818,1.71508,0.15811,0,5.14366,1.86,0.333533,5.3621,1.67021,0.397507,0,4.93877,1.86,0.364804,5.05834,1.84448,0.430981,0,5.13768,1.86,0.452904,5.27291,1.85619,0.513018,0,5.3021,1.86,0.61292,5.44806,1.82187,0.693005,0,4.62735,1.86,0.179017,4.7364,1.85922,0.239945,0,4.37375,1.86,0.0951022,4.49149,1.9098,0.153418,0,5.18531,1.86,0.0735908,5.3954,1.7081,0.107057,0,4.81271,1.86,0.345484,4.93227,1.85477,0.402652,0,4.6735,1.86,0.070409,4.79804,1.90865,0.125035,0,5.05636,1.86,0.167151,5.18445,1.85319,0.215996,0,5.08474,1.86,0.541754,5.21231,1.84795,0.612631,0,
1.23336,4.41257,3.35139,0.238431,4.55789,3.42377,0.317089,4.1864,1.86,0.518136,4.30049,1.90543,0.579464,0,4.56523,1.86,0.664844,4.67906,1.89411,0.727302,0,4.82735,1.86,0.606906,4.945,1.83429,0.683168,0,5.25762,1.86,0.346997,5.39678,1.83134,0.403434,0,5.17509,1.86,0.60388,5.31634,1.81208,0.681904,0,4.6291,1.86,0.502514,4.74295,1.85985,0.570202,0,4.79741,1.86,0.228751,4.91694,1.90508,0.285725,0,5.28974,1.86,0.514266,5.4405,1.81623,0.585588,0,4.8238,1.86,0.448002,4.94386,1.85961,0.509636,0,5.00622,1.86,0.474256,5.13013,1.85648,0.539453,0,4.94762,1.86,0.171597,5.06847,1.88953,0.227001,0,5.04561,1.86,0.0222117,5.23919,1.7166,0.0489222,0,4.50306,1.86,0.425692,4.61775,1.90077,0.482392,0,5.01803,1.86,0.275403,5.14473,1.87672,0.326584,0,5.28042,1.86,0.236679,5.52468,1.66622,0.286997,0,4.60831,1.86,0.29251,4.72321,1.86484,0.343395,0,4.92023,1.86,0.539923,5.04337,1.86071,0.606847,0,4.5122,1.86,0.0894788,4.63311,1.91797,0.153147,0,5.17605,1.86,0.17895,5.29963,1.89217,0.237984,0,4.71345,1.86,0.430552,4.8257,1.85753,0.496294,0,4.80837,1.86,0.118331,4.96983,1.71228,0.157662,0,5.14366,1.86,0.333533,5.36483,1.66829,0.398023,0,4.93877,1.86,0.364804,5.05858,1.84206,0.430619,0,5.13768,1.86,0.452904,5.27206,1.85307,0.513718,0,5.3021,1.86,0.61292,5.44817,1.82038,0.692649,0,4.62735,1.86,0.179017,4.73828,1.85647,0.239242,0,4.37375,1.86,0.0951022,4.49129,1.90629,0.151937,0,5.18531,1.86,0.0735908,5.39779,1.70673,0.105328,0,4.81271,1.86,0.345484,4.93297,1.85185,0.40597,0,4.6735,1.86,0.070409,4.79715,1.9065,0.124768,0,5.05636,1.86,0.167151,5.18772,1.85137,0.213412,0,5.08474,1.86,0.541754,5.21232,1.84664,0.611247,0,
1.26669,4.41257,3.35139,0.238431,4.54603,3.42394,0.317509,4.1864,1.86,0.518136,4.3031,1.89324,0.579172,0,4.56523,1.86,0.664844,4.6822,1.88449,0.728695,0,4.82735,1.86,0.606906,4.95067,1.82575,0.682552,0,5.25762,1.86,0.346997,5.40279,1.82191,0.402741,0,5.17509,1.86,0.60388,5.32172,1.80575,0.68211,0,4.6291,1.86,0.502514,4.74635,1.84979,0.570679,0,4.79741,1.86,0.228751,4.92143,1.89578,0.284019,0,5.28974,1.86,0.514266,5.44839,1.80568,0.584912,0,4.8238,1.86,0.448002,4.94789,1.85042,0.509003,0,5.00622,1.86,0.474256,5.13531,1.84713,0.539341,0,4.94762,1.86,0.171597,5.07464,1.88118,0.22721,0,5.04561,1.86,0.0222117,5.2444,1.70747,0.0468631,0,4.50306,1.86,0.425692,4.61988,1.89039,0.484611,0,5.01803,1.86,0.275403,5.15074,1.86691,0.325447,0,5.28042,1.86,0.236679,5.52846,1.65997,0.286255,0,4.60831,1.86,0.29251,4.72617,1.85446,0.344065,0,4.92023,1.86,0.539923,5.04872,1.85101,0.606984,0,4.5122,1.86,0.0894788,4.63499,1.90764,0.151877,0,5.17605,1.86,0.17895,5.30542,1.88499,0.236387,0,4.71345,1.86,0.430552,4.83018,1.84828,0.496358,0,4.80837,1.86,0.118331,4.97546,1.70134,0.155229,0,5.14366,1.86,0.333533,5.37258,1.65891,0.396183,0,4.93877,1.86,0.364804,5.06363,1.83332,0.430011,0,5.13768,1.86,0.452904,5.27849,1.8429,0.512121,0,5.3021,1.86,0.61292,5.45586,1.81344,0.691197,0,4.62735,1.86,0.179017,4.74109,1.84985,0.237865,0,4.37375,1.86,0.0951022,4.49157,1.89537,0.15016,0,5.18531,1.86,0.0735908,5.40476,1.6982,0.104021,0,4.81271,1.86,0.345484,4.93641,1.84254,0.405315,0,4.6735,1.86,0.070409,4.80177,1.89639,0.122837,0,5.05636,1.86,0.167151,5.19145,1.84507,0.212806,0,5.08474,1.86,0.541754,5.21652,1.83791,0.611117,0,
1.30003,4.38666,3.35078,0.238797,4.53101,3.42409,0.31804,4.1864,1.86,0.518136,4.30193,1.89931,0.57971,1,4.56523,1.86,0.664844,4.67946,1.89484,0.728936,1,4.82735,1.86,0.606906,4.94842,1.83867,0.679567,1,5.25762,1.86,0.346997,5.39538,1.83744,0.401701,1,5.17509,1.86,0.60388,5.31656,1.81995,0.677716,1,4.6291,1.86,0.502514,4.7455,1.86051,0.568668,1,4.79741,1.86,0.228751,4.9176,1.90887,0.28487,1,5.28974,1.86,0.514266,5.43984,1.82062,0.583754,1,4.8238,1.86,0.448002,4.94492,1.86392,0.507902,1,5.00622,1.86,0.474256,5.1295,1.86096,0.536875,1,4.94762,1.86,0.171597,5.06872,1.8965,0.227621,1,5.04561,1.86,0.0222117,5.24176,1.72262,0.0489243,1,4.50306,1.86,0.425692,4.62124,1.90038,0.484477,1,5.01803,1.86,0.275403,5.14497,1.88154,0.325377,1,5.28042,1.86,0.236679,5.52425,1.67345,0.283961,1,4.60831,1.86,0.29251,4.72715,1.86619,0.341497,1,4.92023,1.86,0.539923,5.04508,1.86549,0.604284,1,4.5122,1.86,0.0894788,4.63349,1.91774,0.15162,1,5.17605,1.86,0.17895,5.29733,1.90013,0.236666,1,4.71345,1.86,0.430552,4.82542,1.85955,0.494634,1,4.80837,1.86,0.118331,4.9729,1.71579,0.155799,1,5.14366,1.86,0.333533,5.36601,1.67553,0.396428,1,4.93877,1.86,0.364804,5.05936,1.84789,0.429526,1,5.13768,1.86,0.452904,5.27259,1.8601,0.511373,1,5.3021,1.86,0.61292,5.44579,1.83128,0.687523,1,4.62735,1.86,0.179017,4.7366,1.86309,0.23809,1,4.37375,1.86,0.0951022,4.49224,1.90377,0.150489,1,5.18531,1.86,0.0735908,5.39773,1.71356,0.104661,1,4.81271,1.86,0.345484,4.9341,1.85533,0.403296,1,4.6735,1.86,0.070409,4.79825,1.90858,0.123482,1,5.05636,1.86,0.167151,5.18779,1.85731,0.210544,1,5.08474,1.86,0.541754,5.21019,1.8514,0.608102,1,
1.33336,4.37596,3.35051,0.238527,4.51995,3.42415,0.31843,4.1864,1.86,0.518136,4.30549,1.90046,0.582964,1,4.56523,1.86,0.664844,4.68573,1.89373,0.727308,1,4.82735,1.86,0.606906,4.95169,1.83549,0.682063,1,5.25762,1.86,0.346997,5.40155,1.83361,0.402253,1,5.17509,1.86,0.60388,5.32107,1.81608,0.679304,1,4.6291,1.86,0.502514,4.74882,1.85906,0.56996,1,4.79741,1.86,0.228751,4.92262,1.90608,0.283265,1,5.28974,1.86,0.514266,5.44617,1.81203,0.58445,1,4.8238,1.86,0.448002,4.95105,1.86213,0.508208,1,5.00622,1.86,0.474256,5.13615,1.85778,0.538045,1,4.94762,1.86,0.171597,5.07284,1.8918,0.22545,1,5.04561,1.86,0.0222117,5.24731,1.72122,0.0481832,1,4.50306,1.86,0.425692,4.6246,1.8997,0.483814,1,5.01803,1.86,0.275403,5.15101,1.8771,0.325777,1,5.28042,1.86,0.236679,5.5304,1.67322,0.285118,1,4.60831,1.86,0.29251,4.73055,1.8652,0.340832,1,4.92023,1.86,0.539923,5.04971,1.86271,0.605039,1,4.5122,1.86,0.0894788,4.63633,1.91686,0.151429,1,5.17605,1.86,0.17895,5.30216,1.89371,0.235652,1,4.71345,1.86,0.430552,4.82989,1.85895,0.493956,1,4.80837,1.86,0.118331,4.98065,1.71311,0.157162,1,5.14366,1.86,0.333533,5.37379,1.66944,0.396698,1,4.93877,1.86,0.364804,5.06519,1.84499,0.429513,1,5.13768,1.86,0.452904,5.27729,1.85662,0.510662,1,5.3021,1.86,0.61292,5.4525,1.82362,0.689619,1,4.62735,1.86,0.179017,4.74064,1.86348,0.236867,1,4.37375,1.86,0.0951022,4.49724,1.90594,0.153471,1,5.18531,1.86,0.0735908,5.40634,1.70828,0.105565,1,4.81271,1.86,0.345484,4.93891,1.8535,0.402655,1,4.6735,1.86,0.070409,4.80202,1.90609,0.123611,1,5.05636,1.86,0.167151,5.192,1.85476,0.210834,1,5.08474,1.86,0.541754,5.21592,1.84791,0.609029,1,
1.3667,4.37596,3.35051,0.238527,4.51005,3.42421,0.318779,4.1864,1.86,0.518136,4.30971,1.89556,0.580665,1,4.56523,1.86,0.664844,4.69049,1.88837,0.728539,1,4.82735,1.86,0.606906,4.95687,1.83341,0.682222,1,5.25762,1.86,0.346997,5.40532,1.83401,0.401415,1,5.17509,1.86,0.60388,5.32803,1.81053,0.680682,1,4.6291,1.86,0.502514,4.75576,1.85671,0.569916,1,4.79741,1.86,0.228751,4.92708,1.90301,0.284559,1,5.28974,1.86,0.514266,5.45293,1.80915,0.585045,1,4.8238,1.86,0.448002,4.95712,1.8633,0.50699,1,5.00622,1.86,0.474256,5.14089,1.85898,0.536716,1,4.94762,1.86,0.171597,5.07904,1.88933,0.226172,1,5.04561,1.86,0.0222117,5.25672,1.71733,0.0475984,1,4.50306,1.86,0.425692,4.62948,1.8961,0.481744,1,5.01803,1.86,0.275403,5.15666,1.87392,0.325051,1,5.28042,1.86,0.236679,5.53699,1.6703,0.284862,1,4.60831,1.86,0.29251,4.73554,1.85863,0.340643,1,4.92023,1.86,0.539923,5.05593,1.8577,0.604673,1,4.5122,1.86,0.0894788,4.64031,1.91308,0.149052,1,5.17605,1.86,0.17895,5.30665,1.89203,0.235449,1,4.71345,1.86,0.430552,4.83466,1.85514,0.494474,1,4.80837,1.86,0.118331,4.98832,1.70915,0.155896,1,5.14366,1.86,0.333533,5.38001,1.6663,0.396573,1,4.93877,1.86,0.364804,5.06953,1.84519,0.428704,1,5.13768,1.86,0.452904,5.28339,1.85258,0.510771,1,5.3021,1.86,0.61292,5.45641,1.81994,0.689511,1,4.62735,1.86,0.179017,4.7483,1.85972,0.237625,1,4.37375,1.86,0.0951022,4.50136,1.90167,0.152857,1,5.18531,1.86,0.0735908,5.41163,1.70761,0.103252,1,4.81271,1.86,0.345484,4.94504,1.84848,0.405953,1,4.6735,1.86,0.070409,4.80619,1.90287,0.122561,1,5.05636,1.86,0.167151,5.19695,1.85071,0.209911,1,5.08474,1.86,0.541754,5.22129,1.84551,0.609667,1,
1.40003,4.34889,3.34977,0.238931,4.4848,3.4244,0.319671,4.1864,1.86,0.518136,4.30607,1.89695,0.578475,1,4.56523,1.86,0.664844,4.68168,1.89145,0.726192,1,4.82735,1.86,0.606906,4.94786,1.83846,0.679955,1,5.25762,1.86,0.346997,5.39789,1.84036,0.400014,1,5.17509,1.86,0.60388,5.3191,1.81626,0.676346,1,4.6291,1.86,0.502514,4.74827,1.86148,0.566569,1,4.79741,1.86,0.228751,4.91921,1.90796,0.282193,1,5.28974,1.86,0.514266,5.44387,1.8172,0.580636,1,4.8238,1.86,0.448002,4.94854,1.86898,0.504496,1,5.00622,1.86,0.474256,5.13163,1.86396,0.532649,1,4.94762,1.86,0.171597,5.06902,1.8972,0.224891,1,5.04561,1.86,0.0222117,5.24898,1.72725,0.0480841,1,4.50306,1.86,0.425692,4.622,1.89977,0.477668,1,5.01803,1.86,0.275403,5.14537,1.87824,0.322921,1,5.28042,1.86,0.236679,5.53038,1.67765,0.280671,1,4.60831,1.86,0.29251,4.73013,1.86344,0.339699,1,4.92023,1.86,0.539923,5.04827,1.86319,0.600813,1,4.5122,1.86,0.0894788,4.6336,1.91762,0.147796,1,5.17605,1.86,0.17895,5.29641,1.89828,0.233599,1,4.71345,1.86,0.430552,4.8281,1.86098,0.492302,1,4.80837,1.86,0.118331,4.98118,1.71505,0.154194,1,5.14366,1.86,0.333533,5.37481,1.67342,0.391893,1,4.93877,1.86,0.364804,5.06154,1.85023,0.4259,1,5.13768,1.86,0.452904,5.27511,1.85892,0.507777,1,5.3021,1.86,0.61292,5.44698,1.82259,0.685949,1,4.62735,1.86,0.179017,4.74052,1.86634,0.236109,1,4.37375,1.86,0.0951022,4.49555,1.90605,0.150078,1,5.18531,1.86,0.0735908,5.40526,1.71417,0.101116,1,4.81271,1.86,0.345484,4.93761,1.85401,0.400342,1,4.6735,1.86,0.070409,4.79745,1.90806,0.120691,1,5.05636,1.86,0.167151,5.18854,1.8563,0.208778,1,5.08474,1.86,0.541754,5.21235,1.85086,0.605915,1,
1.43336,4.34889,3.34977,0.238931,4.46971,3.42439,0.320201,4.1864,1.86,0.518136,4.30373,1.90107,0.580498,1,4.56523,1.86,0.664844,4.68138,1.89379,0.725582,1,4.82735,1.86,0.606906,4.94849,1.84007,0.679758,1,5.25762,1.86,0.346997,5.3964,1.84205,0.399388,1,5.17509,1.86,0.60388,5.3196,1.81646,0.675718,1,4.6291,1.86,0.502514,4.74773,1.86347,0.566222,1,4.79741,1.86,0.228751,4.9185,1.91049,0.282256,1,5.28974,1.86,0.514266,5.44206,1.8175,0.580523,1,4.8238,1.86,0.448002,4.94853,1.86917,0.504477,1,5.00622,1.86,0.474256,5.13134,1.86418,0.534305,1,4.94762,1.86,0.171597,5.06831,1.89747,0.222909,1,5.04561,1.86,0.0222117,5.2486,1.72474,0.045271,1,4.50306,1.86,0.425692,4.62083,1.904,0.480473,1,5.01803,1.86,0.275403,5.14592,1.8764,0.322834,1,5.28042,1.86,0.236679,5.5307,1.67909,0.2809,1,4.60831,1.86,0.29251,4.72968,1.86627,0.339664,1,4.92023,1.86,0.539923,5.04748,1.86465,0.601282,1,4.5122,1.86,0.0894788,4.63106,1.9206,0.146414,1,5.17605,1.86,0.17895,5.29561,1.89894,0.233883,1,4.71345,1.86,0.430552,4.82612,1.86345,0.489991,1,4.80837,1.86,0.118331,4.9835,1.71564,0.154674,1,5.14366,1.86,0.333533,5.37494,1.67817,0.390699,1,4.93877,1.86,0.364804,5.06107,1.8516,0.425809,1,5.13768,1.86,0.452904,5.275,1.85996,0.507961,1,5.3021,1.86,0.61292,5.44741,1.82449,0.686321,1,4.62735,1.86,0.179017,4.73716,1.86831,0.234385,1,4.37375,1.86,0.0951022,4.49493,1.90941,0.149921,1,5.18531,1.86,0.0735908,5.40466,1.71507,0.102059,1,4.81271,1.86,0.345484,4.9376,1.85585,0.396866,1,4.6735,1.86,0.070409,4.79726,1.91166,0.121687,1,5.05636,1.86,0.167151,5.18852,1.85764,0.208291,1,5.08474,1.86,0.541754,5.21172,1.85112,0.605338,1,
1.4667,4.3218,3.34889,0.239291,4.45934,3.42448,0.320567,4.1864,1.86,0.518136,4.30679,1.91154,0.574084,1,4.56523,1.86,0.664844,4.67919,1.8974,0.723391,1,4.82735,1.86,0.606906,4.94987,1.84388,0.676295,1,5.25762,1.86,0.346997,5.39857,1.84178,0.397568,1,5.17509,1.86,0.60388,5.31838,1.81714,0.67327,1,4.6291,1.86,0.502514,4.75042,1.86913,0.563457,1,4.79741,1.86,0.228751,4.92003,1.91364,0.281704,1,5.28974,1.86,0.514266,5.44506,1.8167,0.579251,1,4.8238,1.86,0.448002,4.95,1.87212,0.502337,1,5.00622,1.86,0.474256,5.1338,1.86738,0.531103,1,4.94762,1.86,0.171597,5.07098,1.90137,0.223075,1,5.04561,1.86,0.0222117,5.25345,1.72552,0.0451679,1,4.50306,1.86,0.425692,4.6234,1.90875,0.478785,1,5.01803,1.86,0.275403,5.14634,1.88059,0.321033,1,5.28042,1.86,0.236679,5.5307,1.67909,0.2809,1,4.60831,1.86,0.29251,4.73206,1.87034,0.337451,1,4.92023,1.86,0.539923,5.05064,1.86706,0.600716,1,4.5122,1.86,0.0894788,4.63507,1.92438,0.146552,1,5.17605,1.86,0.17895,5.29705,1.90129,0.232842,1,4.71345,1.86,0.430552,4.82966,1.86693,0.489625,1,4.80837,1.86,0.118331,4.98689,1.72067,0.153133,1,5.14366,1.86,0.333533,5.37987,1.68049,0.391599,1,4.93877,1.86,0.364804,5.0619,1.85555,0.424858,1,5.13768,1.86,0.452904,5.27752,1.86213,0.506829,1,5.3021,1.86,0.61292,5.44741,1.82449,0.686321,1,4.62735,1.86,0.179017,4.73945,1.87243,0.233393,1,4.37375,1.86,0.0951022,4.49732,1.91439,0.148741,1,5.18531,1.86,0.0735908,5.40812,1.71472,0.0992587,1,4.81271,1.86,0.345484,4.93917,1.85952,0.396875,1,4.6735,1.86,0.070409,4.7992,1.91662,0.121161,1,5.05636,1.86,0.167151,5.19102,1.86177,0.20776,1,5.08474,1.86,0.541754,5.2122,1.85244,0.603263,1,
1.50003,4.29442,3.34783,0.239595,4.44426,3.42438,0.321094,4.1864,1.86,0.518136,4.30678,1.91431,0.576764,1,4.56523,1.86,0.664844,4.67959,1.8983,0.722603,1,4.82735,1.86,0.606906,4.95175,1.84607,0.67587,1,5.25762,1.86,0.346997,5.39785,1.84488,0.396254,1,5.17509,1.86,0.60388,5.31957,1.81709,0.672108,1,4.6291,1.86,0.502514,4.75017,1.87257,0.563706,1,4.79741,1.86,0.228751,4.91959,1.91491,0.280481,1,5.28974,1.86,0.514266,5.44506,1.8167,0.579251,1,4.8238,1.86,0.448002,4.94894,1.87333,0.503492,1,5.00622,1.86,0.474256,5.13027,1.87084,0.533222,1,4.94762,1.86,0.171597,5.06867,1.90336,0.222141,1,5.04561,1.86,0.0222117,5.25254,1.72947,0.0445552,1,4.50306,1.86,0.425692,4.62397,1.9101,0.479554,1,5.01803,1.86,0.275403,5.14581,1.88304,0.320462,1,5.28042,1.86,0.236679,5.5307,1.67909,0.2809,1,4.60831,1.86,0.29251,4.73347,1.87189,0.337933,1,4.92023,1.86,0.539923,5.05034,1.86951,0.598259,1,4.5122,1.86,0.0894788,4.63665,1.92438,0.150702,1,5.17605,1.86,0.17895,5.29824,1.90558,0.232841,1,4.71345,1.86,0.430552,4.83316,1.86998,0.490065,1,4.80837,1.86,0.118331,4.9882,1.72281,0.152964,1,5.14366,1.86,0.333533,5.37848,1.68347,0.386828,1,4.93877,1.86,0.364804,5.06131,1.85862,0.425196,1,5.13768,1.86,0.452904,5.27486,1.86356,0.504442,1,5.3021,1.86,0.61292,5.44741,1.82449,0.686321,1,4.62735,1.86,0.179017,4.7411,1.87471,0.233727,1,4.37375,1.86,0.0951022,4.49972,1.9149,0.148956,1,5.18531,1.86,0.0735908,5.40823,1.71872,0.0995868,1,4.81271,1.86,0.345484,4.94044,1.86034,0.39522,1,4.6735,1.86,0.070409,4.7983,1.91825,0.120847,1,5.05636,1.86,0.167151,5.1904,1.86548,0.207988,1,5.08474,1.86,0.541754,5.21225,1.85464,0.601718,1,
1.53337,4.29442,3.34783,0.239595,4.43413,3.42433,0.321449,4.1864,1.86,0.518136,4.31297,1.91376,0.576684,1,4.56523,1.86,0.664844,4.68637,1.89304,0.725367,1,4.82735,1.86,0.606906,4.95714,1.84431,0.679758,1,5.25762,1.86,0.346997,5.40672,1.83817,0.39631,1,5.17509,1.86,0.60388,5.32762,1.81239,0.673272,1,4.6291,1.86,0.502514,4.75814,1.86962,0.563724,1,4.79741,1.86,0.228751,4.92622,1.90838,0.280769,1,5.28974,1.86,0.514266,5.44506,1.8167,0.579251,1,4.8238,1.86,0.448002,4.95674,1.86992,0.503505,1,5.00622,1.86,0.474256,5.13913,1.86246,0.535175,1,4.94762,1.86,0.171597,5.07784,1.89481,0.221864,1,5.04561,1.86,0.0222117,5.26329,1.72047,0.043505,1,4.50306,1.86,0.425692,4.62997,1.90616,0.480649,1,5.01803,1.86,0.275403,5.1534,1.87707,0.321269,1,5.28042,1.86,0.236679,5.5307,1.67909,0.2809,1,4.60831,1.86,0.29251,4.74031,1.86702,0.338327,1,4.92023,1.86,0.539923,5.05635,1.8654,0.599479,1,4.5122,1.86,0.0894788,4.64274,1.91906,0.151006,1,5.17605,1.86,0.17895,5.30428,1.90073,0.234096,1,4.71345,1.86,0.430552,4.83626,1.86476,0.490105,1,4.80837,1.86,0.118331,4.99849,1.71615,0.152816,1,5.14366,1.86,0.333533,5.38961,1.67168,0.383328,1,4.93877,1.86,0.364804,5.06798,1.85345,0.425876,1,5.13768,1.86,0.452904,5.28469,1.85731,0.507023,1,5.3021,1.86,0.61292,5.44741,1.82449,0.686321,1,4.62735,1.86,0.179017,4.74957,1.87069,0.23553,1,4.37375,1.86,0.0951022,4.50526,1.91124,0.149439,1,5.18531,1.86,0.0735908,5.4198,1.71172,0.0993871,1,4.81271,1.86,0.345484,4.94697,1.85475,0.396966,1,4.6735,1.86,0.070409,4.80395,1.91231,0.119938,1,5.05636,1.86,0.167151,5.19776,1.85874,0.208534,1,5.08474,1.86,0.541754,5.21984,1.84948,0.60341,1,
1.5667,4.26694,3.34676,0.239929,4.41906,3.42413,0.321974,4.1864,1.86,0.518136,4.31035,1.91135,0.576414,1,4.56523,1.86,0.664844,4.68362,1.89149,0.724393,1,4.82735,1.86,0.606906,4.95741,1.8452,0.675982,1,5.25762,1.86,0.346997,5.40605,1.8402,0.394498,1,5.17509,1.86,0.60388,5.32728,1.81405,0.671183,1,4.6291,1.86,0.502514,4.75922,1.87162,0.561841,1,4.79741,1.86,0.228751,4.92662,1.908,0.280548,1,5.28974,1.86,0.514266,5.44506,1.8167,0.579251,1,4.8238,1.86,0.448002,4.95594,1.87424,0.502128,1,5.00622,1.86,0.474256,5.13831,1.86599,0.533233,1,4.94762,1.86,0.171597,5.07688,1.89703,0.21981,1,5.04561,1.86,0.0222117,5.26437,1.72429,0.043003,1,4.50306,1.86,0.425692,4.6312,1.90492,0.479658,1,5.01803,1.86,0.275403,5.15466,1.87961,0.319956,1,5.28042,1.86,0.236679,5.5307,1.67909,0.2809,1,4.60831,1.86,0.29251,4.74154,1.86639,0.337177,1,4.92023,1.86,0.539923,5.05657,1.86755,0.598753,1,4.5122,1.86,0.0894788,4.64413,1.91681,0.149621,1,5.17605,1.86,0.17895,5.30488,1.89738,0.230966,1,4.71345,1.86,0.430552,4.8374,1.86124,0.489712,1,4.80837,1.86,0.118331,4.99972,1.71812,0.15147,1,5.14366,1.86,0.333533,5.39105,1.67449,0.382001,1,4.93877,1.86,0.364804,5.06828,1.85545,0.424584,1,5.13768,1.86,0.452904,5.28306,1.86386,0.505043,1,5.3021,1.86,0.61292,5.44741,1.82449,0.686321,1,4.62735,1.86,0.179017,4.75143,1.87151,0.234418,1,4.37375,1.86,0.0951022,4.50485,1.90921,0.148863,1,5.18531,1.86,0.0735908,5.42002,1.71764,0.0996942,1,4.81271,1.86,0.345484,4.94777,1.85402,0.395296,1,4.6735,1.86,0.070409,4.80505,1.91211,0.117685,1,5.05636,1.86,0.167151,5.19801,1.86052,0.207497,1,5.08474,1.86,0.541754,5.22034,1.85073,0.602032,1,
1.60003,4.26694,3.34676,0.239929,4.40879,3.42385,0.322328,4.1864,1.86,0.518136,4.31389,1.90204,0.578215,1,4.56523,1.86,0.664844,4.68873,1.87904,0.727487,1,4.82735,1.86,0.606906,4.96319,1.83884,0.677259,1,5.25762,1.86,0.346997,5.40605,1.8402,0.394498,1,5.17509,1.86,0.60388,5.33328,1.80376,0.673618,1,4.6291,1.86,0.502514,4.76253,1.86407,0.563432,1,4.79741,1.86,0.228751,4.93204,1.89801,0.280539,1,5.28974,1.86,0.514266,5.44506,1.8167,0.579251,1,4.8238,1.86,0.448002,4.96061,1.8662,0.502306,1,5.00622,1.86,0.474256,5.1433,1.85644,0.534868,1,4.94762,1.86,0.171597,5.0843,1.88609,0.221618,1,5.04561,1.86,0.0222117,5.27316,1.7142,0.0412923,1,4.50306,1.86,0.425692,4.63359,1.8957,0.478964,1,5.01803,1.86,0.275403,5.15876,1.87082,0.319895,1,5.28042,1.86,0.236679,5.5307,1.67909,0.2809,1,4.60831,1.86,0.29251,4.74355,1.85643,0.336576,1,4.92023,1.86,0.539923,5.06003,1.86027,0.601254,1,4.5122,1.86,0.0894788,4.64683,1.9064,0.148977,1,5.17605,1.86,0.17895,5.31258,1.88505,0.230644,1,4.71345,1.86,0.430552,4.84291,1.8529,0.48999,1,4.80837,1.86,0.118331,5.0078,1.70607,0.151645,1,5.14366,1.86,0.333533,5.40075,1.66344,0.384478,1,4.93877,1.86,0.364804,5.07249,1.84682,0.425583,1,5.13768,1.86,0.452904,5.28758,1.85448,0.505916,1,5.3021,1.86,0.61292,5.44741,1.82449,0.686321,1,4.62735,1.86,0.179017,4.75519,1.86192,0.23392,1,4.37375,1.86,0.0951022,4.50757,1.90017,0.147224,1,5.18531,1.86,0.0735908,5.42814,1.70554,0.0977821,1,4.81271,1.86,0.345484,4.95466,1.84496,0.394822,1,4.6735,1.86,0.070409,4.80834,1.90308,0.11595,1,5.05636,1.86,0.167151,5.20344,1.8517,0.207988,1,5.08474,1.86,0.541754,5.22668,1.84134,0.603937,1,
1.63337,4.24034,3.34555,0.240193,4.38392,3.4235,0.323194,4.1864,1.86,0.518136,4.30796,1.91555,0.577138,1,4.56523,1.86,0.664844,4.68042,1.89464,0.724209,1,4.82735,1.86,0.606906,4.95002,1.85436,0.674593,1,5.25762,1.86,0.346997,5.40605,1.8402,0.394498,1,5.17509,1.86,0.60388,5.32274,1.81945,0.671975,1,4.6291,1.86,0.502514,4.75377,1.87956,0.561807,1,4.79741,1.86,0.228751,4.91936,1.91332,0.281641,1,5.28974,1.86,0.514266,5.44506,1.8167,0.579251,1,4.8238,1.86,0.448002,4.95057,1.8829,0.500836,1,5.00622,1.86,0.474256,5.13058,1.87221,0.533758,1,4.94762,1.86,0.171597,5.07176,1.903,0.222903,1,5.04561,1.86,0.0222117,5.26055,1.73118,0.0450444,1,4.50306,1.86,0.425692,4.62704,1.91199,0.479102,1,5.01803,1.86,0.275403,5.14831,1.88411,0.320141,1,5.28042,1.86,0.236679,5.5307,1.67909,0.2809,1,4.60831,1.86,0.29251,4.73478,1.87223,0.336083,1,4.92023,1.86,0.539923,5.05049,1.87596,0.598944,1,4.5122,1.86,0.0894788,4.63847,1.92109,0.151926,1,5.17605,1.86,0.17895,5.29775,1.89782,0.229826,1,4.71345,1.86,0.430552,4.83314,1.87019,0.489708,1,4.80837,1.86,0.118331,4.99799,1.72447,0.15292,1,5.14366,1.86,0.333533,5.3879,1.68053,0.381598,1,4.93877,1.86,0.364804,5.06035,1.86251,0.42486,1,5.13768,1.86,0.452904,5.27724,1.86878,0.504449,1,5.3021,1.86,0.61292,5.44741,1.82449,0.686321,1,4.62735,1.86,0.179017,4.74542,1.87767,0.235182,1,4.37375,1.86,0.0951022,4.50046,1.91564,0.1503,1,5.18531,1.86,0.0735908,5.41648,1.71915,0.0995994,1,4.81271,1.86,0.345484,4.94255,1.86189,0.394894,1,4.6735,1.86,0.070409,4.8002,1.91853,0.120588,1,5.05636,1.86,0.167151,5.19064,1.86651,0.20921,1,5.08474,1.86,0.541754,5.21361,1.85532,0.601384,1,
1.6667,4.22907,3.34504,0.239927,4.36881,3.42323,0.323719,4.1864,1.86,0.518136,4.30857,1.91504,0.575741,1,4.56523,1.86,0.664844,4.68221,1.89136,0.723514,1,4.82735,1.86,0.606906,4.95379,1.84828,0.673061,1,5.25762,1.86,0.346997,5.40605,1.8402,0.394498,1,5.17509,1.86,0.60388,5.32898,1.82053,0.670887,1,4.6291,1.86,0.502514,4.75675,1.87647,0.561108,1,4.79741,1.86,0.228751,4.92385,1.90845,0.279772,1,5.28974,1.86,0.514266,5.44506,1.8167,0.579251,1,4.8238,1.86,0.448002,4.95449,1.88336,0.503081,1,5.00622,1.86,0.474256,5.1344,1.869,0.533008,1,4.94762,1.86,0.171597,5.0743,1.89744,0.220082,1,5.04561,1.86,0.0222117,5.2676,1.72501,0.0421312,1,4.50306,1.86,0.425692,4.62661,1.90945,0.478451,1,5.01803,1.86,0.275403,5.15153,1.88174,0.317889,1,5.28042,1.86,0.236679,5.5307,1.67909,0.2809,1,4.60831,1.86,0.29251,4.73816,1.86961,0.33433,1,4.92023,1.86,0.539923,5.05387,1.87767,0.599757,1,4.5122,1.86,0.0894788,4.64168,1.9181,0.149852,1,5.17605,1.86,0.17895,5.30478,1.89102,0.230176,1,4.71345,1.86,0.430552,4.83527,1.86678,0.488821,1,4.80837,1.86,0.118331,5.00737,1.72146,0.152298,1,5.14366,1.86,0.333533,5.39436,1.67378,0.378067,1,4.93877,1.86,0.364804,5.06345,1.85937,0.424445,1,5.13768,1.86,0.452904,5.27999,1.86795,0.503357,1,5.3021,1.86,0.61292,5.44741,1.82449,0.686321,1,4.62735,1.86,0.179017,4.75031,1.87542,0.233784,1,4.37375,1.86,0.0951022,4.50382,1.91402,0.148904,1,5.18531,1.86,0.0735908,5.42583,1.7155,0.0966037,1,4.81271,1.86,0.345484,4.94679,1.85649,0.393938,1,4.6735,1.86,0.070409,4.80345,1.91661,0.118593,1,5.05636,1.86,0.167151,5.19592,1.86292,0.207698,1,5.08474,1.86,0.541754,5.21876,1.84998,0.601133,1,
1.70004,4.20081,3.34417,0.240286,4.37361,3.42325,0.32355,4.1864,1.86,0.518136,4.33007,1.90752,0.575603,1,4.56523,1.86,0.664844,4.70577,1.88632,0.723192,1,4.82735,1.86,0.606906,4.97516,1.85129,0.672713,1,5.25762,1.86,0.346997,5.40605,1.8402,0.394498,1,5.17509,1.86,0.60388,5.34695,1.82887,0.668427,1,4.6291,1.86,0.502514,4.77682,1.87479,0.558975,1,4.79741,1.86,0.228751,4.94356,1.90805,0.279062,1,5.28974,1.86,0.514266,5.44506,1.8167,0.579251,1,4.8238,1.86,0.448002,4.97253,1.88489,0.502783,1,5.00622,1.86,0.474256,5.15255,1.87107,0.531689,1,4.94762,1.86,0.171597,5.09502,1.89645,0.219367,1,5.04561,1.86,0.0222117,5.28912,1.72872,0.0431594,1,4.50306,1.86,0.425692,4.6483,1.90338,0.477993,1,5.01803,1.86,0.275403,5.17358,1.8839,0.317799,1,5.28042,1.86,0.236679,5.5307,1.67909,0.2809,1,4.60831,1.86,0.29251,4.76017,1.86557,0.332459,1,4.92023,1.86,0.539923,5.07294,1.88049,0.598085,1,4.5122,1.86,0.0894788,4.66382,1.91278,0.148553,1,5.17605,1.86,0.17895,5.32209,1.8965,0.229914,1,4.71345,1.86,0.430552,4.85658,1.86355,0.487704,1,4.80837,1.86,0.118331,5.03029,1.72599,0.149548,1,5.14366,1.86,0.333533,5.41622,1.67881,0.379549,1,4.93877,1.86,0.364804,5.08325,1.86055,0.423433,1,5.13768,1.86,0.452904,5.29994,1.86906,0.502655,1,5.3021,1.86,0.61292,5.44741,1.82449,0.686321,1,4.62735,1.86,0.179017,4.77425,1.87446,0.232325,1,4.37375,1.86,0.0951022,4.52461,1.9075,0.147455,1,5.18531,1.86,0.0735908,5.44149,1.7241,0.0967021,1,4.81271,1.86,0.345484,4.96738,1.85513,0.392589,1,4.6735,1.86,0.070409,4.82462,1.9127,0.120792,1,5.05636,1.86,0.167151,5.21399,1.86629,0.207339,1,5.08474,1.86,0.541754,5.23715,1.85266,0.600497,1,
1.73337,4.20081,3.34417,0.240286,4.3474,3.42323,0.324471,4.1864,1.86,0.518136,4.31827,1.89626,0.576969,1,4.56523,1.86,0.664844,4.69278,1.87376,0.727744,1,4.82735,1.86,0.606906,4.96389,1.84626,0.674811,1,5.25762,1.86,0.346997,5.40605,1.8402,0.394498,1,5.17509,1.86,0.60388,5.33555,1.82653,0.669268,1,4.6291,1.86,0.502514,4.76634,1.86539,0.561994,1,4.79741,1.86,0.228751,4.93318,1.89939,0.279285,1,5.28974,1.86,0.514266,5.44506,1.8167,0.579251,1,4.8238,1.86,0.448002,4.96199,1.8768,0.504159,1,5.00622,1.86,0.474256,5.14381,1.86628,0.532033,1,4.94762,1.86,0.171597,5.08373,1.89162,0.219346,1,5.04561,1.86,0.0222117,5.27643,1.72666,0.0419576,1,4.50306,1.86,0.425692,4.63862,1.89404,0.478304,1,5.01803,1.86,0.275403,5.15854,1.88285,0.318349,1,5.28042,1.86,0.236679,5.5307,1.67909,0.2809,1,4.60831,1.86,0.29251,4.74997,1.85622,0.334072,1,4.92023,1.86,0.539923,5.06194,1.87562,0.59879,1,4.5122,1.86,0.0894788,4.65285,1.90237,0.14947,1,5.17605,1.86,0.17895,5.31135,1.89351,0.231014,1,4.71345,1.86,0.430552,4.8467,1.85634,0.487669,1,4.80837,1.86,0.118331,5.01959,1.71903,0.149944,1,5.14366,1.86,0.333533,5.40286,1.68003,0.379113,1,4.93877,1.86,0.364804,5.07207,1.85599,0.423592,1,5.13768,1.86,0.452904,5.28711,1.86499,0.501224,1,5.3021,1.86,0.61292,5.44741,1.82449,0.686321,1,4.62735,1.86,0.179017,4.76329,1.86834,0.233535,1,4.37375,1.86,0.0951022,4.51329,1.89639,0.147719,1,5.18531,1.86,0.0735908,5.44149,1.7241,0.0967021,1,4.81271,1.86,0.345484,4.95874,1.84777,0.393764,1,4.6735,1.86,0.070409,4.81294,1.9034,0.120545,1,5.05636,1.86,0.167151,5.20325,1.85999,0.206931,1,5.08474,1.86,0.541754,5.22718,1.84763,0.601743,1,
1.7667,4.17398,3.34304,0.240597,4.33207,3.42329,0.32501,4.1864,1.86,0.518136,4.31409,1.90015,0.576221,1,4.56523,1.86,0.664844,4.6919,1.87084,0.728639,1,4.82735,1.86,0.606906,4.96157,1.84229,0.676053,1,5.25762,1.86,0.346997,5.40605,1.8402,0.394498,1,5.17509,1.86,0.60388,5.33907,1.81148,0.672905,1,4.6291,1.86,0.502514,4.76415,1.86647,0.561022,1,4.79741,1.86,0.228751,4.93169,1.89738,0.279555,1,5.28974,1.86,0.514266,5.44506,1.8167,0.579251,1,4.8238,1.86,0.448002,4.9595,1.87492,0.504491,1,5.00622,1.86,0.474256,5.14085,1.86465,0.532939,1,4.94762,1.86,0.171597,5.0841,1.88763,0.219301,1,5.04561,1.86,0.0222117,5.28103,1.71405,0.0415436,1,4.50306,1.86,0.425692,4.63457,1.89725,0.480012,1,5.01803,1.86,0.275403,5.16232,1.86973,0.318407,1,5.28042,1.86,0.236679,5.5307,1.67909,0.2809,1,4.60831,1.86,0.29251,4.74825,1.85648,0.333564,1,4.92023,1.86,0.539923,5.06114,1.87042,0.599823,1,4.5122,1.86,0.0894788,4.64939,1.90342,0.149706,1,5.17605,1.86,0.17895,5.31135,1.89351,0.231014,1,4.71345,1.86,0.430552,4.8416,1.85638,0.488848,1,4.80837,1.86,0.118331,5.01864,1.70589,0.15019,1,5.14366,1.86,0.333533,5.41012,1.66607,0.381974,1,4.93877,1.86,0.364804,5.07003,1.85216,0.424531,1,5.13768,1.86,0.452904,5.28961,1.85566,0.504524,1,5.3021,1.86,0.61292,5.44741,1.82449,0.686321,1,4.62735,1.86,0.179017,4.75736,1.86568,0.233202,1,4.37375,1.86,0.0951022,4.51014,1.90027,0.148816,1,5.18531,1.86,0.0735908,5.44149,1.7241,0.0967021,1,4.81271,1.86,0.345484,4.95667,1.84601,0.393372,1,4.6735,1.86,0.070409,4.81124,1.90204,0.120437,1,5.05636,1.86,0.167151,5.20129,1.85169,0.207599,1,5.08474,1.86,0.541754,5.22602,1.84289,0.603275,1,
1.80004,4.16279,3.3426,0.240333,4.32252,3.42323,0.325344,4.1864,1.86,0.518136,4.32099,1.91,0.573878,1,4.56523,1.86,0.664844,4.69902,1.87493,0.727977,1,4.82735,1.86,0.606906,4.96786,1.84578,0.674505,1,5.25762,1.86,0.346997,5.40605,1.8402,0.394498,1,5.17509,1.86,0.60388,5.34646,1.81036,0.673242,1,4.6291,1.86,0.502514,4.77188,1.87278,0.560147,1,4.79741,1.86,0.228751,4.9376,1.90212,0.277845,1,5.28974,1.86,0.514266,5.44506,1.8167,0.579251,1,4.8238,1.86,0.448002,4.96572,1.87888,0.501963,1,5.00622,1.86,0.474256,5.14827,1.86671,0.531975,1,4.94762,1.86,0.171597,5.0912,1.89341,0.219723,1,5.04561,1.86,0.0222117,5.29007,1.71954,0.0419337,1,4.50306,1.86,0.425692,4.64128,1.90446,0.479354,1,5.01803,1.86,0.275403,5.16732,1.87406,0.318172,1,5.28042,1.86,0.236679,5.5307,1.67909,0.2809,1,4.60831,1.86,0.29251,4.75413,1.86225,0.335902,1,4.92023,1.86,0.539923,5.06626,1.87251,0.597386,1,4.5122,1.86,0.0894788,4.65548,1.90989,0.150154,1,5.17605,1.86,0.17895,5.31135,1.89351,0.231014,1,4.71345,1.86,0.430552,4.84923,1.86208,0.488329,1,4.80837,1.86,0.118331,5.0276,1.70923,0.151752,1,5.14366,1.86,0.333533,5.41739,1.67059,0.382846,1,4.93877,1.86,0.364804,5.07693,1.85656,0.424028,1,5.13768,1.86,0.452904,5.29676,1.85932,0.505307,1,5.3021,1.86,0.61292,5.44741,1.82449,0.686321,1,4.62735,1.86,0.179017,4.76287,1.87148,0.233151,1,4.37375,1.86,0.0951022,4.51787,1.90915,0.148286,1,5.18531,1.86,0.0735908,5.44149,1.7241,0.0967021,1,4.81271,1.86,0.345484,4.9637,1.84929,0.393563,1,4.6735,1.86,0.070409,4.81574,1.90735,0.121731,1,5.05636,1.86,0.167151,5.20814,1.85317,0.208013,1,5.08474,1.86,0.541754,5.23369,1.84555,0.60271,1,
1.83337,4.16279,3.3426,0.240333,4.31268,3.42321,0.32569,4.1864,1.86,0.518136,4.32965,1.89316,0.576368,1,4.56523,1.86,0.664844,4.70958,1.86033,0.73263,1,4.82735,1.86,0.606906,4.97887,1.8365,0.678857,1,5.25762,1.86,0.346997,5.40605,1.8402,0.394498,1,5.17509,1.86,0.60388,5.34646,1.81036,0.673242,1,4.6291,1.86,0.502514,4.78439,1.86312,0.561805,1,4.79741,1.86,0.228751,4.94968,1.88937,0.278309,1,5.28974,1.86,0.514266,5.44506,1.8167,0.579251,1,4.8238,1.86,0.448002,4.97847,1.86953,0.501735,1,5.00622,1.86,0.474256,5.16025,1.85808,0.534492,1,4.94762,1.86,0.171597,5.10358,1.88427,0.219472,1,5.04561,1.86,0.0222117,5.30393,1.70913,0.0387793,1,4.50306,1.86,0.425692,4.65142,1.88951,0.481722,1,5.01803,1.86,0.275403,5.18077,1.85996,0.316675,1,5.28042,1.86,0.236679,5.5307,1.67909,0.2809,1,4.60831,1.86,0.29251,4.76648,1.84711,0.336851,1,4.92023,1.86,0.539923,5.08006,1.86301,0.600656,1,4.5122,1.86,0.0894788,4.66597,1.89407,0.149186,1,5.17605,1.86,0.17895,5.31135,1.89351,0.231014,1,4.71345,1.86,0.430552,4.86154,1.85139,0.489564,1,4.80837,1.86,0.118331,5.04158,1.69536,0.150071,1,5.14366,1.86,0.333533,5.43553,1.65767,0.383518,1,4.93877,1.86,0.364804,5.08904,1.84691,0.426046,1,5.13768,1.86,0.452904,5.31043,1.85006,0.506603,1,5.3021,1.86,0.61292,5.44741,1.82449,0.686321,1,4.62735,1.86,0.179017,4.77254,1.85757,0.231702,1,4.37375,1.86,0.0951022,4.52643,1.89286,0.146704,1,5.18531,1.86,0.0735908,5.44149,1.7241,0.0967021,1,4.81271,1.86,0.345484,4.97633,1.83673,0.394399,1,4.6735,1.86,0.070409,4.82707,1.89235,0.121166,1,5.05636,1.86,0.167151,5.2225,1.84349,0.204806,1,5.08474,1.86,0.541754,5.24642,1.8373,0.606075,1,
1.86671,4.13472,3.34151,0.240653,4.28636,3.42357,0.326622,4.1864,1.86,0.518136,4.31856,1.89406,0.579201,1,4.56523,1.86,0.664844,4.69726,1.86755,0.730504,1,4.82735,1.86,0.606906,4.96327,1.85099,0.676052,1,5.25762,1.86,0.346997,5.40605,1.8402,0.394498,1,5.17509,1.86,0.60388,5.34646,1.81036,0.673242,1,4.6291,1.86,0.502514,4.77267,1.87458,0.561091,1,4.79741,1.86,0.228751,4.93274,1.90039,0.280223,1,5.28974,1.86,0.514266,5.44506,1.8167,0.579251,1,4.8238,1.86,0.448002,4.96305,1.88633,0.500388,1,5.00622,1.86,0.474256,5.14233,1.87237,0.5341,1,4.94762,1.86,0.171597,5.08857,1.89941,0.224825,1,5.04561,1.86,0.0222117,5.28732,1.72363,0.0424344,1,4.50306,1.86,0.425692,4.64007,1.89704,0.481892,1,5.01803,1.86,0.275403,5.16203,1.87414,0.318379,1,5.28042,1.86,0.236679,5.5307,1.67909,0.2809,1,4.60831,1.86,0.29251,4.75143,1.85672,0.336683,1,4.92023,1.86,0.539923,5.06206,1.8812,0.599705,1,4.5122,1.86,0.0894788,4.65296,1.90109,0.153536,1,5.17605,1.86,0.17895,5.31135,1.89351,0.231014,1,4.71345,1.86,0.430552,4.84888,1.86505,0.490216,1,4.80837,1.86,0.118331,5.0278,1.70989,0.153039,1,5.14366,1.86,0.333533,5.43553,1.65767,0.383518,1,4.93877,1.86,0.364804,5.07267,1.86172,0.426572,1,5.13768,1.86,0.452904,5.31043,1.85006,0.506603,1,5.3021,1.86,0.61292,5.44741,1.82449,0.686321,1,4.62735,1.86,0.179017,4.76142,1.86893,0.234054,1,4.37375,1.86,0.0951022,4.51846,1.89793,0.152133,1,5.18531,1.86,0.0735908,5.44149,1.7241,0.0967021,1,4.81271,1.86,0.345484,4.96183,1.84975,0.395309,1,4.6735,1.86,0.070409,4.81583,1.90426,0.123926,1,5.05636,1.86,0.167151,5.20251,1.86235,0.206562,1,5.08474,1.86,0.541754,5.22827,1.85273,0.604842,1,
1.90004,4.10672,3.34046,0.240983,4.2711,3.42351,0.327157,4.1864,1.86,0.518136,4.31785,1.89537,0.579527,1,4.56523,1.86,0.664844,4.69822,1.86689,0.732374,1,4.82735,1.86,0.606906,4.96451,1.85058,0.681321,1,5.25762,1.86,0.346997,5.40605,1.8402,0.394498,1,5.17509,1.86,0.60388,5.34646,1.81036,0.673242,1,4.6291,1.86,0.502514,4.77495,1.87539,0.562256,1,4.79741,1.86,0.228751,4.93467,1.89362,0.281154,1,5.28974,1.86,0.514266,5.44506,1.8167,0.579251,1,4.8238,1.86,0.448002,4.96342,1.88331,0.502973,1,5.00622,1.86,0.474256,5.14603,1.86697,0.537583,1,4.94762,1.86,0.171597,5.09048,1.89707,0.2263,1,5.04561,1.86,0.0222117,5.29418,1.71756,0.0446881,1,4.50306,1.86,0.425692,4.6403,1.89638,0.483052,1,5.01803,1.86,0.275403,5.16765,1.87054,0.321793,1,5.28042,1.86,0.236679,5.5307,1.67909,0.2809,1,4.60831,1.86,0.29251,4.75213,1.85278,0.337291,1,4.92023,1.86,0.539923,5.06277,1.87656,0.60333,1,4.5122,1.86,0.0894788,4.65398,1.89942,0.153877,1,5.17605,1.86,0.17895,5.31135,1.89351,0.231014,1,4.71345,1.86,0.430552,4.85,1.86368,0.49213,1,4.80837,1.86,0.118331,5.03393,1.7083,0.152858,1,5.14366,1.86,0.333533,5.43553,1.65767,0.383518,1,4.93877,1.86,0.364804,5.07596,1.85771,0.429035,1,5.13768,1.86,0.452904,5.31043,1.85006,0.506603,1,5.3021,1.86,0.61292,5.44741,1.82449,0.686321,1,4.62735,1.86,0.179017,4.76185,1.86997,0.23556,1,4.37375,1.86,0.0951022,4.51767,1.89953,0.150128,1,5.18531,1.86,0.0735908,5.44149,1.7241,0.0967021,1,4.81271,1.86,0.345484,4.96455,1.84636,0.397681,1,4.6735,1.86,0.070409,4.81627,1.90403,0.1217,1,5.05636,1.86,0.167151,5.20694,1.85709,0.209246,1,5.08474,1.86,0.541754,5.2322,1.84646,0.608202,1,
1.93338,4.10672,3.34046,0.240983,4.26044,3.42429,0.327549,4.1864,1.86,0.518136,4.3217,1.89992,0.579367,1,4.56523,1.86,0.664844,4.69997,1.87271,0.730763,1,4.82735,1.86,0.606906,4.96378,1.85908,0.679325,1,5.25762,1.86,0.346997,5.40605,1.8402,0.394498,1,5.17509,1.86,0.60388,5.34646,1.81036,0.673242,1,4.6291,1.86,0.502514,4.77444,1.88307,0.561071,1,4.79741,1.86,0.228751,4.93355,1.8995,0.280731,1,5.28974,1.86,0.514266,5.44506,1.8167,0.579251,1,4.8238,1.86,0.448002,4.96194,1.88688,0.502333,1,5.00622,1.86,0.474256,5.14381,1.87396,0.533842,1,4.94762,1.86,0.171597,5.09069,1.90019,0.22522,1,5.04561,1.86,0.0222117,5.2911,1.72693,0.0451011,1,4.50306,1.86,0.425692,4.63917,1.90069,0.481452,1,5.01803,1.86,0.275403,5.16241,1.88334,0.320369,1,5.28042,1.86,0.236679,5.5307,1.67909,0.2809,1,4.60831,1.86,0.29251,4.75315,1.85948,0.337151,1,4.92023,1.86,0.539923,5.06192,1.88199,0.602288,1,4.5122,1.86,0.0894788,4.65469,1.90469,0.154372,1,5.17605,1.86,0.17895,5.31135,1.89351,0.231014,1,4.71345,1.86,0.430552,4.85114,1.86893,0.491495,1,4.80837,1.86,0.118331,5.03223,1.71824,0.15307,1,5.14366,1.86,0.333533,5.43553,1.65767,0.383518,1,4.93877,1.86,0.364804,5.0747,1.86444,0.42738,1,5.13768,1.86,0.452904,5.31043,1.85006,0.506603,1,5.3021,1.86,0.61292,5.44741,1.82449,0.686321,1,4.62735,1.86,0.179017,4.76515,1.87691,0.23602,1,4.37375,1.86,0.0951022,4.51948,1.90411,0.149973,1,5.18531,1.86,0.0735908,5.44149,1.7241,0.0967021,1,4.81271,1.86,0.345484,4.96461,1.8531,0.39728,1,4.6735,1.86,0.070409,4.81713,1.90754,0.123304,1,5.05636,1.86,0.167151,5.20338,1.86636,0.211772,1,5.08474,1.86,0.541754,5.23144,1.85245,0.60699,1,
1.96671,4.08021,3.3395,0.241276,4.24515,3.42428,0.328086,4.1864,1.86,0.518136,4.3219,1.89523,0.579572,1,4.56523,1.86,0.664844,4.70087,1.86804,0.73365,1,4.82735,1.86,0.606906,4.96604,1.85264,0.680038,1,5.25762,1.86,0.346997,5.40605,1.8402,0.394498,1,5.17509,1.86,0.60388,5.34646,1.81036,0.673242,1,4.6291,1.86,0.502514,4.7766,1.87534,0.56281,1,4.79741,1.86,0.228751,4.93598,1.89188,0.281635,1,5.28974,1.86,0.514266,5.44506,1.8167,0.579251,1,4.8238,1.86,0.448002,4.9652,1.88006,0.504209,1,5.00622,1.86,0.474256,5.14913,1.8658,0.535757,1,4.94762,1.86,0.171597,5.09556,1.89057,0.225141,1,5.04561,1.86,0.0222117,5.30045,1.71451,0.0441799,1,4.50306,1.86,0.425692,4.64174,1.89502,0.481919,1,5.01803,1.86,0.275403,5.1702,1.8742,0.321424,1,5.28042,1.86,0.236679,5.5307,1.67909,0.2809,1,4.60831,1.86,0.29251,4.7558,1.85468,0.340208,1,4.92023,1.86,0.539923,5.06457,1.87613,0.605004,1,4.5122,1.86,0.0894788,4.6559,1.8985,0.155338,1,5.17605,1.86,0.17895,5.31135,1.89351,0.231014,1,4.71345,1.86,0.430552,4.85349,1.86309,0.493224,1,4.80837,1.86,0.118331,5.03906,1.70627,0.15304,1,5.14366,1.86,0.333533,5.43553,1.65767,0.383518,1,4.93877,1.86,0.364804,5.07901,1.85544,0.428534,1,5.13768,1.86,0.452904,5.31043,1.85006,0.506603,1,5.3021,1.86,0.61292,5.44741,1.82449,0.686321,1,4.62735,1.86,0.179017,4.76459,1.87234,0.238496,1,4.37375,1.86,0.0951022,4.51987,1.89931,0.151084,1,5.18531,1.86,0.0735908,5.44149,1.7241,0.0967021,1,4.81271,1.86,0.345484,4.96388,1.8495,0.401667,1,4.6735,1.86,0.070409,4.81896,1.89999,0.123425,1,5.05636,1.86,0.167151,5.20688,1.85602,0.213339,1,5.08474,1.86,0.541754,5.2365,1.84452,0.609522,1,
2.00004,4.06969,3.33919,0.241005,4.23577,3.42495,0.328431,4.1864,1.86,0.518136,4.32604,1.88789,0.579676,1,4.56523,1.86,0.664844,4.71045,1.86134,0.73406,1,4.82735,1.86,0.606906,4.97371,1.84599,0.681001,1,5.25762,1.86,0.346997,5.40605,1.8402,0.394498,1,5.17509,1.86,0.60388,5.34646,1.81036,0.673242,1,4.6291,1.86,0.502514,4.78442,1.87069,0.563361,1,4.79741,1.86,0.228751,4.94471,1.88519,0.281788,1,5.28974,1.86,0.514266,5.44506,1.8167,0.579251,1,4.8238,1.86,0.448002,4.97227,1.87483,0.505153,1,5.00622,1.86,0.474256,5.15838,1.86147,0.53556,1,4.94762,1.86,0.171597,5.10461,1.88346,0.223367,1,5.04561,1.86,0.0222117,5.31058,1.71006,0.0429677,1,4.50306,1.86,0.425692,4.64937,1.88895,0.48249,1,5.01803,1.86,0.275403,5.17781,1.87263,0.31951,1,5.28042,1.86,0.236679,5.5307,1.67909,0.2809,1,4.60831,1.86,0.29251,4.76422,1.84878,0.337904,1,4.92023,1.86,0.539923,5.07338,1.87118,0.604602,1,4.5122,1.86,0.0894788,4.66302,1.89115,0.154292,1,5.17605,1.86,0.17895,5.31135,1.89351,0.231014,1,4.71345,1.86,0.430552,4.86515,1.85795,0.493488,1,4.80837,1.86,0.118331,5.0502,1.69994,0.151124,1,5.14366,1.86,0.333533,5.43553,1.65767,0.383518,1,4.93877,1.86,0.364804,5.08854,1.84916,0.427604,1,5.13768,1.86,0.452904,5.31043,1.85006,0.506603,1,5.3021,1.86,0.61292,5.44741,1.82449,0.686321,1,4.62735,1.86,0.179017,4.77326,1.86342,0.237209,1,4.37375,1.86,0.0951022,4.52695,1.89223,0.152527,1,5.18531,1.86,0.0735908,5.44149,1.7241,0.0967021,1,4.81271,1.86,0.345484,4.97143,1.84531,0.401118,1,4.6735,1.86,0.070409,4.82562,1.89124,0.12198,1,5.05636,1.86,0.167151,5.21637,1.84979,0.213675,1,5.08474,1.86,0.541754,5.24712,1.83921,0.609097,1,
2.03338,4.06969,3.33919,0.241005,4.22606,3.42509,0.328775,4.1864,1.86,0.518136,4.32735,1.89614,0.578829,1,4.56523,1.86,0.664844,4.71105,1.87349,0.731808,1,4.82735,1.86,0.606906,4.97187,1.85716,0.677668,1,5.25762,1.86,0.346997,5.40605,1.8402,0.394498,1,5.17509,1.86,0.60388,5.34646,1.81036,0.673242,1,4.6291,1.86,0.502514,4.78146,1.88421,0.561838,1,4.79741,1.86,0.228751,4.94153,1.89621,0.282608,1,5.28974,1.86,0.514266,5.44506,1.8167,0.579251,1,4.8238,1.86,0.448002,4.9677,1.88526,0.507357,1,5.00622,1.86,0.474256,5.15191,1.87017,0.532467,1,4.94762,1.86,0.171597,5.09892,1.89162,0.22577,1,5.04561,1.86,0.0222117,5.31058,1.71006,0.0429677,1,4.50306,1.86,0.425692,4.64832,1.89969,0.481915,1,5.01803,1.86,0.275403,5.17507,1.88041,0.321163,1,5.28042,1.86,0.236679,5.5307,1.67909,0.2809,1,4.60831,1.86,0.29251,4.76303,1.86012,0.337979,1,4.92023,1.86,0.539923,5.06778,1.88227,0.600999,1,4.5122,1.86,0.0894788,4.66337,1.90228,0.155421,1,5.17605,1.86,0.17895,5.31135,1.89351,0.231014,1,4.71345,1.86,0.430552,4.86097,1.87282,0.492442,1,4.80837,1.86,0.118331,5.04766,1.71191,0.153159,1,5.14366,1.86,0.333533,5.43553,1.65767,0.383518,1,4.93877,1.86,0.364804,5.08445,1.8602,0.428553,1,5.13768,1.86,0.452904,5.31043,1.85006,0.506603,1,5.3021,1.86,0.61292,5.44741,1.82449,0.686321,1,4.62735,1.86,0.179017,4.77024,1.87552,0.235829,1,4.37375,1.86,0.0951022,4.52814,1.90407,0.150901,1,5.18531,1.86,0.0735908,5.44149,1.7241,0.0967021,1,4.81271,1.86,0.345484,4.96571,1.86054,0.404825,1,4.6735,1.86,0.070409,4.82653,1.90193,0.124665,1,5.05636,1.86,0.167151,5.21082,1.86069,0.215831,1,5.08474,1.86,0.541754,5.24712,1.83921,0.609097,1,
