time,pcwx,pcwy,pcwz,pcwHatx,pcwHaty,pcwHatz,p0wx,p0wy,p0wz,p0wHatx,p0wHaty,p0wHatz,converged0,p1wx,p1wy,p1wz,p1wHatx,p1wHaty,p1wHatz,converged1,p2wx,p2wy,p2wz,p2wHatx,p2wHaty,p2wHatz,converged2,p3wx,p3wy,p3wz,p3wHatx,p3wHaty,p3wHatz,converged3,p4wx,p4wy,p4wz,p4wHatx,p4wHaty,p4wHatz,converged4,p5wx,p5wy,p5wz,p5wHatx,p5wHaty,p5wHatz,converged5,p6wx,p6wy,p6wz,p6wHatx,p6wHaty,p6wHatz,converged6,p7wx,p7wy,p7wz,p7wHatx,p7wHaty,p7wHatz,converged7,p8wx,p8wy,p8wz,p8wHatx,p8wHaty,p8wHatz,converged8,p9wx,p9wy,p9wz,p9wHatx,p9wHaty,p9wHatz,converged9,p10wx,p10wy,p10wz,p10wHatx,p10wHaty,p10wHatz,converged10,p11wx,p11wy,p11wz,p11wHatx,p11wHaty,p11wHatz,converged11,p12wx,p12wy,p12wz,p12wHatx,p12wHaty,p12wHatz,converged12,p13wx,p13wy,p13wz,p13wHatx,p13wHaty,p13wHatz,converged13,p14wx,p14wy,p14wz,p14wHatx,p14wHaty,p14wHatz,converged14,p15wx,p15wy,p15wz,p15wHatx,p15wHaty,p15wHatz,converged15,p16wx,p16wy,p16wz,p16wHatx,p16wHaty,p16wHatz,converged16,p17wx,p17wy,p17wz,p17wHatx,p17wHaty,p17wHatz,converged17,p18wx,p18wy,p18wz,p18wHatx,p18wHaty,p18wHatz,converged18,p19wx,p19wy,p19wz,p19wHatx,p19wHaty,p19wHatz,converged19,p20wx,p20wy,p20wz,p20wHatx,p20wHaty,p20wHatz,converged20,p21wx,p21wy,p21wz,p21wHatx,p21wHaty,p21wHatz,converged21,p22wx,p22wy,p22wz,p22wHatx,p22wHaty,p22wHatz,converged22,p23wx,p23wy,p23wz,p23wHatx,p23wHaty,p23wHatz,converged23,p24wx,p24wy,p24wz,p24wHatx,p24wHaty,p24wHatz,converged24,p25wx,p25wy,p25wz,p25wHatx,p25wHaty,p25wHatz,converged25,p26wx,p26wy,p26wz,p26wHatx,p26wHaty,p26wHatz,converged26,p27wx,p27wy,p27wz,p27wHatx,p27wHaty,p27wHatz,converged27,p28wx,p28wy,p28wz,p28wHatx,p28wHaty,p28wHatz,converged28,p29wx,p29wy,p29wz,p29wHatx,p29wHaty,p29wHatz,converged29,p30wx,p30wy,p30wz,p30wHatx,p30wHaty,p30wHatz,converged30,p31wx,p31wy,p31wz,p31wHatx,p31wHaty,p31wHatz,converged31,p32wx,p32wy,p32wz,p32wHatx,p32wHaty,p32wHatz,converged32,p33wx,p33wy,p33wz,p33wHatx,p33wHaty,p33wHatz,converged33,p34wx,p34wy,p34wz,p34wHatx,p34wHaty,p34wHatz,converged34,p35wx,p35wy,p35wz,p35wHatx,p35wHaty,p35wHatz,converged35,p36wx,p36wy,p36wz,p36wHatx,p36wHaty,p36wHatz,converged36,p37wx,p37wy,p37wz,p37wHatx,p37wHaty,p37wHatz,converged37,p38wx,p38wy,p38wz,p38wHatx,p38wHaty,p38wHatz,converged38,p39wx,p39wy,p39wz,p39wHatx,p39wHaty,p39wHatz,converged39,p40wx,p40wy,p40wz,p40wHatx,p40wHaty,p40wHatz,converged40,p41wx,p41wy,p41wz,p41wHatx,p41wHaty,p41wHatz,converged41,p42wx,p42wy,p42wz,p42wHatx,p42wHaty,p42wHatz,converged42,p43wx,p43wy,p43wz,p43wHatx,p43wHaty,p43wHatz,converged43,
0,3.50987,-3.30071,0.230029,4.31144,-3.62412,0.092816,3.84076,-1.86,0.628481,4.85585,-1.25372,0.748388,0,3.31293,-1.86,0.473727,3.98326,-1.22336,0.498908,0,3.30481,-1.86,0.126484,3.96388,-1.18216,-0.0826898,0,3.564,-1.86,0.354778,4.40236,-1.2044,0.302335,0,3.29481,-1.86,0.662945,3.95755,-1.25342,0.805182,0,3.98855,-1.86,0.518348,5.0912,-1.27722,0.562483,0,4.16298,-1.86,0.601687,5.34048,-1.35414,0.678399,0,3.68368,-1.86,0.667084,4.59843,-1.24519,0.814488,0,3.31012,-1.86,0.233238,3.9901,-1.30641,0.0979775,0,3.54607,-1.86,0.208163,4.37164,-1.22811,0.0564506,0,3.64414,-1.86,0.52794,4.52848,-1.29533,0.574364,0,3.53207,-1.86,0.510529,4.34819,-1.23906,0.557177,0,3.84882,-1.86,0.181049,4.87145,-1.24382,0.0118927,0,4.08734,-1.86,0.281718,5.25077,-1.28061,0.176894,0,3.93923,-1.86,0.702076,5.00869,-1.28448,0.859395,0,3.75941,-1.86,0.396605,4.73268,-1.19208,0.374008,0,3.20169,-1.86,0.581944,3.79138,-1.19291,0.686676,0,3.67172,-1.86,0.100592,4.57078,-1.31558,-0.114588,0,3.5257,-1.86,0.700909,4.33773,-1.23113,0.874936,0,4.15399,-1.86,0.44449,5.31962,-1.36909,0.428495,0,3.43834,-1.86,0.605126,4.19053,-1.1887,0.726889,0,3.29456,-1.86,0.337844,3.94405,-1.16585,0.27678,0,4.13251,-1.86,0.127765,5.27994,-1.38315,-0.0662511,0,3.96382,-1.86,0.268945,5.0547,-1.26522,0.156534,0,3.43589,-1.86,0.156659,4.18786,-1.21742,-0.0297488,0,3.45607,-1.86,0.43805,4.22091,-1.19969,0.442874,0,3.66608,-1.86,0.306397,4.57594,-1.18467,0.222124,0,4.01348,-1.86,0.171083,5.11453,-1.32666,-0.00118347,0,4.0467,-1.86,0.608542,5.16388,-1.33637,0.693869,0,3.4065,-1.86,0.732588,4.13993,-1.23376,0.926638,0,4.14282,-1.86,0.706015,5.31173,-1.34726,0.84505,0,3.93911,-1.86,0.431463,4.9917,-1.3409,0.412046,0,3.76064,-1.86,0.542795,4.71165,-1.32483,0.591971,0,3.74501,-1.86,0.238049,4.69359,-1.28266,0.10585,0,3.88126,-1.86,0.341061,4.92999,-1.22464,0.277737,0,3.44503,-1.86,0.285245,4.20227,-1.19848,0.185779,0,3.2053,-1.86,0.729451,3.80778,-1.24161,0.918712,0,3.87245,-1.86,0.509452,4.89834,-1.29208,0.54511,0,4.06301,-1.86,0.385146,5.21078,-1.28171,0.345015,0,3.78216,-1.86,0.093768,4.7625,-1.2375,-0.132908,0,3.92521,-1.86,0.0977778,4.99591,-1.24989,-0.125128,0,3.77185,-1.86,0.715182,4.74116,-1.26099,0.888589,0,3.55682,-1.86,0.104993,4.38875,-1.25167,-0.113084,0,3.65008,-1.86,0.417595,4.54773,-1.19618,0.408908,0,
0.033334,3.5372,-3.29999,0.229518,4.32693,-3.62382,0.0925013,3.84076,-1.86,0.628481,4.81698,-1.37778,0.715976,0,3.31293,-1.86,0.473727,3.99476,-1.37724,0.473918,0,3.30481,-1.86,0.126484,3.97427,-1.30856,-0.0763441,0,3.564,-1.86,0.354778,4.38602,-1.36668,0.29014,0,3.29481,-1.86,0.662945,3.96649,-1.36036,0.77372,0,3.98855,-1.86,0.518348,5.04478,-1.38816,0.54132,0,4.16298,-1.86,0.601687,5.2883,-1.44709,0.657833,0,3.68368,-1.86,0.667084,4.57178,-1.38029,0.775411,0,3.31012,-1.86,0.233238,4.00238,-1.45172,0.103049,0,3.54607,-1.86,0.208163,4.35845,-1.37732,0.0597129,0,3.64414,-1.86,0.52794,4.50638,-1.4427,0.545677,0,3.53207,-1.86,0.510529,4.3366,-1.38607,0.530771,0,3.84882,-1.86,0.181049,4.83072,-1.37677,0.0174042,0,4.08734,-1.86,0.281718,5.20084,-1.38128,0.174288,0,3.93923,-1.86,0.702076,4.95521,-1.42443,0.821448,0,3.75941,-1.86,0.396605,4.69747,-1.33496,0.359379,0,3.20169,-1.86,0.581944,3.80902,-1.32592,0.656133,0,3.67172,-1.86,0.100592,4.54325,-1.47304,-0.0991102,0,3.5257,-1.86,0.700909,4.32399,-1.38292,0.827942,0,4.15399,-1.86,0.44449,5.26256,-1.47664,0.416563,0,3.43834,-1.86,0.605126,4.18651,-1.33772,0.689212,0,3.29456,-1.86,0.337844,3.95725,-1.32965,0.264314,0,4.13251,-1.86,0.127765,5.23137,-1.47625,-0.0579531,0,3.96382,-1.86,0.268945,5.00271,-1.39698,0.156017,0,3.43589,-1.86,0.156659,4.18622,-1.39514,-0.0180873,0,3.45607,-1.86,0.43805,4.21659,-1.36061,0.421519,0,3.66608,-1.86,0.306397,4.54853,-1.34202,0.215649,0,4.01348,-1.86,0.171083,5.04605,-1.48596,0.0082676,0,4.0467,-1.86,0.608542,5.11733,-1.43624,0.67025,0,3.4065,-1.86,0.732588,4.13997,-1.32968,0.898508,0,4.14282,-1.86,0.706015,5.26151,-1.43852,0.818353,0,3.93911,-1.86,0.431463,4.96306,-1.42096,0.402184,0,3.76064,-1.86,0.542795,4.67914,-1.45916,0.563816,0,3.74501,-1.86,0.238049,4.65828,-1.444,0.105919,0,3.88126,-1.86,0.341061,4.88483,-1.35979,0.269177,0,3.44503,-1.86,0.285245,4.19941,-1.36298,0.181323,0,3.2053,-1.86,0.729451,3.8221,-1.35645,0.881672,0,3.87245,-1.86,0.509452,4.86263,-1.40148,0.524547,0,4.06301,-1.86,0.385146,5.17236,-1.36209,0.338919,0,3.78216,-1.86,0.093768,4.73171,-1.35838,-0.116843,0,3.92521,-1.86,0.0977778,4.94745,-1.38279,-0.11114,0,3.77185,-1.86,0.715182,4.70813,-1.38544,0.846637,0,3.55682,-1.86,0.104993,4.37215,-1.41856,-0.0955963,0,3.65008,-1.86,0.417595,4.52266,-1.3471,0.391145,0,
0.0666681,3.5372,-3.29999,0.229518,4.33904,-3.62371,0.0922517,3.84076,-1.86,0.628481,4.78463,-1.47902,0.68979,0,3.31293,-1.86,0.473727,4.00166,-1.49377,0.454356,0,3.30481,-1.86,0.126484,3.98105,-1.42736,-0.0682388,0,3.564,-1.86,0.354778,4.37352,-1.47977,0.281229,0,3.29481,-1.86,0.662945,3.97311,-1.47822,0.740176,0,3.98855,-1.86,0.518348,5.00555,-1.47847,0.523526,0,4.16298,-1.86,0.601687,5.24526,-1.52187,0.638819,0,3.68368,-1.86,0.667084,4.54977,-1.48722,0.743187,0,3.31012,-1.86,0.233238,4.00948,-1.56765,0.101988,0,3.54607,-1.86,0.208163,4.34738,-1.48679,0.0622669,0,3.64414,-1.86,0.52794,4.48973,-1.53938,0.525831,0,3.53207,-1.86,0.510529,4.32653,-1.49279,0.509334,0,3.84882,-1.86,0.181049,4.79949,-1.47377,0.0215823,0,4.08734,-1.86,0.281718,5.15814,-1.46484,0.173014,0,3.93923,-1.86,0.702076,4.91744,-1.52128,0.789754,0,3.75941,-1.86,0.396605,4.66856,-1.44827,0.34421,0,3.20169,-1.86,0.581944,3.82351,-1.44055,0.629044,0,3.67172,-1.86,0.100592,4.5135,-1.63919,-0.0823823,0,3.5257,-1.86,0.700909,4.31526,-1.47892,0.797012,0,4.15399,-1.86,0.44449,5.22343,-1.54717,0.407699,0,3.43834,-1.86,0.605126,4.18296,-1.4619,0.657863,0,3.29456,-1.86,0.337844,3.96631,-1.45073,0.256736,0,4.13251,-1.86,0.127765,5.19228,-1.5475,-0.0506248,0,3.96382,-1.86,0.268945,4.9654,-1.489,0.154359,0,3.43589,-1.86,0.156659,4.18413,-1.51173,-0.0128753,0,3.45607,-1.86,0.43805,4.21239,-1.47265,0.404672,0,3.66608,-1.86,0.306397,4.52511,-1.47024,0.209746,0,4.01348,-1.86,0.171083,5.00767,-1.5754,0.0133878,0,4.0467,-1.86,0.608542,5.06991,-1.53699,0.648082,0,3.4065,-1.86,0.732588,4.13682,-1.42835,0.863462,0,4.14282,-1.86,0.706015,5.21863,-1.51538,0.794826,0,3.93911,-1.86,0.431463,4.94297,-1.47041,0.398915,0,3.76064,-1.86,0.542795,4.65382,-1.55766,0.5434,0,3.74501,-1.86,0.238049,4.62732,-1.57532,0.105781,0,3.88126,-1.86,0.341061,4.85837,-1.43626,0.262648,0,3.44503,-1.86,0.285245,4.19628,-1.47726,0.17781,0,3.2053,-1.86,0.729451,3.83317,-1.45396,0.847937,0,3.87245,-1.86,0.509452,4.82197,-1.51927,0.499324,0,4.06301,-1.86,0.385146,5.13588,-1.43392,0.332149,0,3.78216,-1.86,0.093768,4.70505,-1.45386,-0.107103,0,3.92521,-1.86,0.0977778,4.90945,-1.48345,-0.101854,0,3.77185,-1.86,0.715182,4.67868,-1.49324,0.808994,0,3.55682,-1.86,0.104993,4.35645,-1.57758,-0.0803912,0,3.65008,-1.86,0.417595,4.50368,-1.45567,0.377927,0,
0.100002,3.56405,-3.29937,0.229004,4.35442,-3.62348,0.0919372,3.84076,-1.86,0.628481,4.76032,-1.56331,0.66497,0,3.31293,-1.86,0.473727,4.00919,-1.57507,0.440658,0,3.30481,-1.86,0.126484,3.99444,-1.57145,-0.0544092,0,3.564,-1.86,0.354778,4.36608,-1.56952,0.272705,0,3.29481,-1.86,0.662945,3.98072,-1.55061,0.719197,0,3.98855,-1.86,0.518348,4.96964,-1.56871,0.500036,0,4.16298,-1.86,0.601687,5.2137,-1.58093,0.62287,0,3.68368,-1.86,0.667084,4.53689,-1.56331,0.720141,0,3.31012,-1.86,0.233238,4.01579,-1.62154,0.103866,0,3.54607,-1.86,0.208163,4.34108,-1.57587,0.062901,0,3.64414,-1.86,0.52794,4.48026,-1.60706,0.511127,0,3.53207,-1.86,0.510529,4.32045,-1.58735,0.490981,0,3.84882,-1.86,0.181049,4.77617,-1.55429,0.0221276,0,4.08734,-1.86,0.281718,5.12371,-1.53746,0.168946,0,3.93923,-1.86,0.702076,4.89159,-1.59339,0.765241,0,3.75941,-1.86,0.396605,4.64369,-1.55916,0.329811,0,3.20169,-1.86,0.581944,3.8384,-1.53303,0.606472,0,3.67172,-1.86,0.100592,4.50095,-1.73034,-0.0750913,0,3.5257,-1.86,0.700909,4.311,-1.54953,0.775186,0,4.15399,-1.86,0.44449,5.18999,-1.60998,0.396857,0,3.43834,-1.86,0.605126,4.18336,-1.5681,0.631825,0,3.29456,-1.86,0.337844,3.97651,-1.54969,0.249391,0,4.13251,-1.86,0.127765,5.15546,-1.61939,-0.0476778,0,3.96382,-1.86,0.268945,4.94776,-1.53816,0.15292,0,3.43589,-1.86,0.156659,4.18496,-1.60254,-0.00751443,0,3.45607,-1.86,0.43805,4.21129,-1.57828,0.390239,0,3.66608,-1.86,0.306397,4.50972,-1.57158,0.202878,0,4.01348,-1.86,0.171083,4.97337,-1.6589,0.0146368,0,4.0467,-1.86,0.608542,5.03953,-1.60674,0.628916,0,3.4065,-1.86,0.732588,4.13815,-1.49611,0.840566,0,4.14282,-1.86,0.706015,5.19331,-1.56463,0.777785,0,3.93911,-1.86,0.431463,4.92139,-1.52572,0.38769,0,3.76064,-1.86,0.542795,4.63585,-1.63725,0.523994,0,3.74501,-1.86,0.238049,4.61046,-1.65972,0.103915,0,3.88126,-1.86,0.341061,4.83263,-1.51537,0.255117,0,3.44503,-1.86,0.285245,4.1962,-1.57593,0.174017,0,3.2053,-1.86,0.729451,3.84419,-1.52532,0.823227,0,3.87245,-1.86,0.509452,4.79673,-1.6035,0.48097,0,4.06301,-1.86,0.385146,5.08348,-1.54773,0.322858,0,3.78216,-1.86,0.093768,4.6854,-1.53462,-0.098123,0,3.92521,-1.86,0.0977778,4.88002,-1.56933,-0.0970942,0,3.77185,-1.86,0.715182,4.65972,-1.57456,0.78257,0,3.55682,-1.86,0.104993,4.35344,-1.64434,-0.0784953,0,3.65008,-1.86,0.417595,4.49222,-1.5355,0.367529,0,
0.133336,3.57431,-3.29915,0.228462,4.36619,-3.6234,0.0916937,3.84076,-1.86,0.628481,4.74514,-1.60839,0.654835,0,3.31293,-1.86,0.473727,4.01042,-1.6204,0.435266,0,3.30481,-1.86,0.126484,3.99941,-1.63917,-0.0480116,0,3.564,-1.86,0.354778,4.35947,-1.61828,0.27073,0,3.29481,-1.86,0.662945,3.98284,-1.61054,0.699573,0,3.98855,-1.86,0.518348,4.95064,-1.61134,0.493948,0,4.16298,-1.86,0.601687,5.19116,-1.61808,0.614918,0,3.68368,-1.86,0.667084,4.52214,-1.62854,0.700498,0,3.31012,-1.86,0.233238,4.0161,-1.66506,0.105167,0,3.54607,-1.86,0.208163,4.33507,-1.62419,0.0658699,0,3.64414,-1.86,0.52794,4.46449,-1.69045,0.492799,0,3.53207,-1.86,0.510529,4.31404,-1.65051,0.482231,0,3.84882,-1.86,0.181049,4.75747,-1.6086,0.0262672,0,4.08734,-1.86,0.281718,5.10805,-1.56677,0.170795,0,3.93923,-1.86,0.702076,4.87754,-1.62568,0.754975,0,3.75941,-1.86,0.396605,4.6278,-1.62037,0.322487,0,3.20169,-1.86,0.581944,3.84482,-1.59092,0.593127,0,3.67172,-1.86,0.100592,4.49685,-1.74752,-0.0741484,0,3.5257,-1.86,0.700909,4.30175,-1.63367,0.746079,0,4.15399,-1.86,0.44449,5.16213,-1.65748,0.39131,0,3.43834,-1.86,0.605126,4.18121,-1.61906,0.61932,0,3.29456,-1.86,0.337844,3.97996,-1.61008,0.245785,0,4.13251,-1.86,0.127765,5.13277,-1.65917,-0.0434021,0,3.96382,-1.86,0.268945,4.92112,-1.59736,0.151696,0,3.43589,-1.86,0.156659,4.18264,-1.65046,-0.00432096,0,3.45607,-1.86,0.43805,4.20855,-1.62996,0.383567,0,3.66608,-1.86,0.306397,4.49958,-1.62256,0.202422,0,4.01348,-1.86,0.171083,4.95789,-1.69185,0.0176934,0,4.0467,-1.86,0.608542,5.01614,-1.6533,0.617487,0,3.4065,-1.86,0.732588,4.1353,-1.56046,0.818907,0,4.14282,-1.86,0.706015,5.18185,-1.58535,0.776088,0,3.93911,-1.86,0.431463,4.89035,-1.59992,0.379094,0,3.76064,-1.86,0.542795,4.62201,-1.68629,0.514922,0,3.74501,-1.86,0.238049,4.5934,-1.72684,0.105968,0,3.88126,-1.86,0.341061,4.81255,-1.56983,0.2533,0,3.44503,-1.86,0.285245,4.19325,-1.68479,0.170655,0,3.2053,-1.86,0.729451,3.8479,-1.57044,0.809154,0,3.87245,-1.86,0.509452,4.77532,-1.66385,0.470991,0,4.06301,-1.86,0.385146,5.04407,-1.6313,0.315372,0,3.78216,-1.86,0.093768,4.66886,-1.59025,-0.0922052,0,3.92521,-1.86,0.0977778,4.85676,-1.62807,-0.0901322,0,3.77185,-1.86,0.715182,4.6384,-1.65291,0.760032,0,3.55682,-1.86,0.104993,4.34767,-1.67965,-0.0733621,0,3.65008,-1.86,0.417595,4.48282,-1.58027,0.362513,0,
0.16667,3.57431,-3.29915,0.228462,4.37677,-3.62324,0.0914771,3.84076,-1.86,0.628481,4.73071,-1.64538,0.641791,0,3.31293,-1.86,0.473727,4.01061,-1.66807,0.425624,0,3.30481,-1.86,0.126484,4.00091,-1.68646,-0.0479092,0,3.564,-1.86,0.354778,4.35158,-1.66695,0.264436,0,3.29481,-1.86,0.662945,3.9828,-1.6391,0.692586,0,3.98855,-1.86,0.518348,4.93046,-1.6528,0.482273,0,4.16298,-1.86,0.601687,5.16641,-1.6567,0.600762,0,3.68368,-1.86,0.667084,4.51118,-1.67443,0.683819,0,3.31012,-1.86,0.233238,4.01672,-1.71591,0.102132,0,3.54607,-1.86,0.208163,4.32728,-1.67923,0.0653576,0,3.64414,-1.86,0.52794,4.45188,-1.76173,0.478573,0,3.53207,-1.86,0.510529,4.30698,-1.70814,0.469628,0,3.84882,-1.86,0.181049,4.73806,-1.66393,0.0254307,0,4.08734,-1.86,0.281718,5.07997,-1.61624,0.166227,0,3.93923,-1.86,0.702076,4.8659,-1.6475,0.746132,0,3.75941,-1.86,0.396605,4.60639,-1.70207,0.310969,0,3.20169,-1.86,0.581944,3.85086,-1.65143,0.577706,0,3.67172,-1.86,0.100592,4.48785,-1.77648,-0.07283,0,3.5257,-1.86,0.700909,4.2973,-1.67032,0.733815,0,4.15399,-1.86,0.44449,5.14958,-1.67688,0.384297,0,3.43834,-1.86,0.605126,4.17747,-1.67304,0.603895,0,3.29456,-1.86,0.337844,3.98191,-1.66234,0.239827,0,4.13251,-1.86,0.127765,5.11256,-1.69234,-0.0423765,0,3.96382,-1.86,0.268945,4.89288,-1.66404,0.147115,0,3.43589,-1.86,0.156659,4.17925,-1.69294,-0.00349642,0,3.45607,-1.86,0.43805,4.20444,-1.6793,0.375818,0,3.66608,-1.86,0.306397,4.48719,-1.67858,0.1967,0,4.01348,-1.86,0.171083,4.94027,-1.72598,0.0154179,0,4.0467,-1.86,0.608542,5.00319,-1.67614,0.611046,0,3.4065,-1.86,0.732588,4.13284,-1.60559,0.801706,0,4.14282,-1.86,0.706015,5.16624,-1.60511,0.765221,0,3.93911,-1.86,0.431463,4.86849,-1.65331,0.368129,0,3.76064,-1.86,0.542795,4.61058,-1.72238,0.507956,0,3.74501,-1.86,0.238049,4.57786,-1.78682,0.103048,0,3.88126,-1.86,0.341061,4.7938,-1.61866,0.246019,0,3.44503,-1.86,0.285245,4.19161,-1.74661,0.170313,0,3.2053,-1.86,0.729451,3.84925,-1.6031,0.797175,0,3.87245,-1.86,0.509452,4.75533,-1.71856,0.457834,0,4.06301,-1.86,0.385146,5.01597,-1.68864,0.306332,0,3.78216,-1.86,0.093768,4.65743,-1.6255,-0.0921889,0,3.92521,-1.86,0.0977778,4.8381,-1.67541,-0.0909686,0,3.77185,-1.86,0.715182,4.6252,-1.69819,0.73783,0,3.55682,-1.86,0.104993,4.33957,-1.73265,-0.072171,0,3.65008,-1.86,0.417595,4.47084,-1.63881,0.348628,0,
0.200004,3.60187,-3.29834,0.227971,4.40469,-3.62277,0.0909077,3.84076,-1.86,0.628481,4.73269,-1.68286,0.630414,0,3.31293,-1.86,0.473727,4.02808,-1.71758,0.416985,0,3.30481,-1.86,0.126484,4.01826,-1.73006,-0.0456305,0,3.564,-1.86,0.354778,4.36104,-1.71205,0.260945,0,3.29481,-1.86,0.662945,4.00282,-1.71958,0.666085,0,3.98855,-1.86,0.518348,4.93355,-1.67891,0.473916,0,4.16298,-1.86,0.601687,5.15708,-1.69816,0.589095,0,3.68368,-1.86,0.667084,4.51515,-1.72727,0.667223,0,3.31012,-1.86,0.233238,4.03417,-1.76089,0.101024,0,3.54607,-1.86,0.208163,4.33608,-1.74632,0.0659097,0,3.64414,-1.86,0.52794,4.45902,-1.81182,0.467743,0,3.53207,-1.86,0.510529,4.31766,-1.75542,0.459402,0,3.84882,-1.86,0.181049,4.73154,-1.73563,0.0236613,0,4.08734,-1.86,0.281718,5.07021,-1.66514,0.164949,0,3.93923,-1.86,0.702076,4.86713,-1.67725,0.735298,0,3.75941,-1.86,0.396605,4.60594,-1.77001,0.302788,0,3.20169,-1.86,0.581944,3.87275,-1.70295,0.564829,0,3.67172,-1.86,0.100592,4.49052,-1.84034,-0.0670926,0,3.5257,-1.86,0.700909,4.30721,-1.71577,0.71732,0,4.15399,-1.86,0.44449,5.14894,-1.70091,0.379577,0,3.43834,-1.86,0.605126,4.1911,-1.70722,0.595375,0,3.29456,-1.86,0.337844,3.99985,-1.70751,0.236918,0,4.13251,-1.86,0.127765,5.11138,-1.72,-0.0406224,0,3.96382,-1.86,0.268945,4.87832,-1.74105,0.144822,0,3.43589,-1.86,0.156659,4.19256,-1.74186,-0.00125476,0,3.45607,-1.86,0.43805,4.21731,-1.72444,0.368326,0,3.66608,-1.86,0.306397,4.49341,-1.72578,0.193271,0,4.01348,-1.86,0.171083,4.93885,-1.76054,0.0159719,0,4.0467,-1.86,0.608542,5.00082,-1.70849,0.600278,0,3.4065,-1.86,0.732588,4.14665,-1.65889,0.783493,0,4.14282,-1.86,0.706015,5.16659,-1.62751,0.757439,0,3.93911,-1.86,0.431463,4.87554,-1.67252,0.364448,0,3.76064,-1.86,0.542795,4.6148,-1.76036,0.49873,0,3.74501,-1.86,0.238049,4.57919,-1.84724,0.101545,0,3.88126,-1.86,0.341061,4.79014,-1.67208,0.242436,0,3.44503,-1.86,0.285245,4.20593,-1.77186,0.170931,0,3.2053,-1.86,0.729451,3.86872,-1.64998,0.77992,0,3.87245,-1.86,0.509452,4.75968,-1.75002,0.454197,0,4.06301,-1.86,0.385146,5.00248,-1.74988,0.301428,0,3.78216,-1.86,0.093768,4.65935,-1.66939,-0.0882967,0,3.92521,-1.86,0.0977778,4.8299,-1.73694,-0.0852495,0,3.77185,-1.86,0.715182,4.6218,-1.76895,0.711351,0,3.55682,-1.86,0.104993,4.34998,-1.77211,-0.0689377,0,3.65008,-1.86,0.417595,4.47963,-1.6766,0.339383,0,
0.233338,3.62818,-3.29751,0.227482,4.42018,-3.6225,0.0905921,3.84076,-1.86,0.628481,4.72373,-1.71732,0.620213,0,3.31293,-1.86,0.473727,4.03387,-1.76558,0.406148,0,3.30481,-1.86,0.126484,4.02464,-1.78375,-0.042336,0,3.564,-1.86,0.354778,4.35845,-1.75861,0.255533,0,3.29481,-1.86,0.662945,4.0111,-1.77593,0.646434,0,3.98855,-1.86,0.518348,4.9226,-1.70749,0.467666,0,4.16298,-1.86,0.601687,5.14185,-1.72919,0.580451,0,3.68368,-1.86,0.667084,4.50971,-1.76831,0.652787,0,3.31012,-1.86,0.233238,4.04242,-1.83144,0.098277,0,3.54607,-1.86,0.208163,4.33493,-1.79446,0.0646364,0,3.64414,-1.86,0.52794,4.45675,-1.84003,0.459277,0,3.53207,-1.86,0.510529,4.31649,-1.79973,0.447978,0,3.84882,-1.86,0.181049,4.72033,-1.78361,0.0234522,0,4.08734,-1.86,0.281718,5.05007,-1.71145,0.161232,0,3.93923,-1.86,0.702076,4.8437,-1.74406,0.710765,0,3.75941,-1.86,0.396605,4.59717,-1.8207,0.295218,0,3.20169,-1.86,0.581944,3.88195,-1.74975,0.550622,0,3.67172,-1.86,0.100592,4.48569,-1.88544,-0.0644981,0,3.5257,-1.86,0.700909,4.30515,-1.77694,0.693877,0,4.15399,-1.86,0.44449,5.13353,-1.7309,0.373794,0,3.43834,-1.86,0.605126,4.19196,-1.7432,0.583915,0,3.29456,-1.86,0.337844,4.00599,-1.75417,0.23073,0,4.13251,-1.86,0.127765,5.09996,-1.74415,-0.0402446,0,3.96382,-1.86,0.268945,4.86382,-1.78726,0.142898,0,3.43589,-1.86,0.156659,4.19435,-1.78953,-0.000166774,0,3.45607,-1.86,0.43805,4.21892,-1.75579,0.359149,0,3.66608,-1.86,0.306397,4.48751,-1.77456,0.188049,0,4.01348,-1.86,0.171083,4.92775,-1.79013,0.0165048,0,4.0467,-1.86,0.608542,4.99653,-1.72109,0.59668,0,3.4065,-1.86,0.732588,4.14904,-1.70357,0.764463,0,4.14282,-1.86,0.706015,5.14961,-1.65984,0.746043,0,3.93911,-1.86,0.431463,4.86186,-1.71057,0.357138,0,3.76064,-1.86,0.542795,4.60895,-1.79096,0.490753,0,3.74501,-1.86,0.238049,4.57872,-1.86057,0.0993761,0,3.88126,-1.86,0.341061,4.77148,-1.73803,0.235062,0,3.44503,-1.86,0.285245,4.20661,-1.78478,0.169299,0,3.2053,-1.86,0.729451,3.87547,-1.68443,0.765101,0,3.87245,-1.86,0.509452,4.75775,-1.75977,0.450481,0,4.06301,-1.86,0.385146,4.98955,-1.78341,0.296361,0,3.78216,-1.86,0.093768,4.65394,-1.69728,-0.0868627,0,3.92521,-1.86,0.0977778,4.82289,-1.76428,-0.0850174,0,3.77185,-1.86,0.715182,4.61242,-1.81924,0.69329,0,3.55682,-1.86,0.104993,4.34988,-1.78992,-0.0679429,0,3.65008,-1.86,0.417595,4.47615,-1.70679,0.334084,0,
0.266672,3.63793,-3.29723,0.226977,4.43148,-3.62227,0.090363,3.84076,-1.86,0.628481,4.7137,-1.74252,0.612669,0,3.31293,-1.86,0.473727,4.03608,-1.81478,0.397576,0,3.30481,-1.86,0.126484,4.02682,-1.82697,-0.0397221,0,3.564,-1.86,0.354778,4.35312,-1.7951,0.252447,0,3.29481,-1.86,0.662945,4.01271,-1.81286,0.635488,0,3.98855,-1.86,0.518348,4.90888,-1.73442,0.462483,0,4.16298,-1.86,0.601687,5.12772,-1.7504,0.573067,0,3.68368,-1.86,0.667084,4.50158,-1.80126,0.642963,0,3.31012,-1.86,0.233238,4.04482,-1.87305,0.0994271,0,3.54607,-1.86,0.208163,4.32865,-1.86674,0.0655049,0,3.64414,-1.86,0.52794,4.45055,-1.86337,0.453308,0,3.53207,-1.86,0.510529,4.31198,-1.83463,0.44129,0,3.84882,-1.86,0.181049,4.708,-1.81955,0.0236018,0,4.08734,-1.86,0.281718,5.03886,-1.731,0.161173,0,3.93923,-1.86,0.702076,4.8302,-1.77778,0.699107,0,3.75941,-1.86,0.396605,4.58145,-1.88751,0.286209,0,3.20169,-1.86,0.581944,3.88415,-1.77836,0.544421,0,3.67172,-1.86,0.100592,4.479,-1.91395,-0.0622393,0,3.5257,-1.86,0.700909,4.30083,-1.82071,0.68128,0,4.15399,-1.86,0.44449,5.11946,-1.75235,0.370043,0,3.43834,-1.86,0.605126,4.18921,-1.77523,0.575672,0,3.29456,-1.86,0.337844,4.00673,-1.78458,0.227914,0,4.13251,-1.86,0.127765,5.08016,-1.77722,-0.0391029,0,3.96382,-1.86,0.268945,4.84305,-1.83881,0.13921,0,3.43589,-1.86,0.156659,4.19263,-1.83767,0.00236613,0,3.45607,-1.86,0.43805,4.21555,-1.786,0.354955,0,3.66608,-1.86,0.306397,4.47887,-1.81725,0.185297,0,4.01348,-1.86,0.171083,4.91135,-1.82364,0.0160726,0,4.0467,-1.86,0.608542,4.98001,-1.74939,0.589101,0,3.4065,-1.86,0.732588,4.14723,-1.74253,0.751668,0,4.14282,-1.86,0.706015,5.13134,-1.68894,0.734393,0,3.93911,-1.86,0.431463,4.85517,-1.72299,0.353305,0,3.76064,-1.86,0.542795,4.60158,-1.81086,0.486534,0,3.74501,-1.86,0.238049,4.57418,-1.86541,0.10008,0,3.88126,-1.86,0.341061,4.75579,-1.78414,0.231018,0,3.44503,-1.86,0.285245,4.20295,-1.81523,0.1688,0,3.2053,-1.86,0.729451,3.87617,-1.70876,0.758916,0,3.87245,-1.86,0.509452,4.74049,-1.8041,0.443481,0,4.06301,-1.86,0.385146,4.96395,-1.8357,0.288846,0,3.78216,-1.86,0.093768,4.64227,-1.73288,-0.0842833,0,3.92521,-1.86,0.0977778,4.80786,-1.79923,-0.0822512,0,3.77185,-1.86,0.715182,4.6045,-1.84419,0.685087,0,3.55682,-1.86,0.104993,4.34395,-1.82216,-0.0656634,0,3.65008,-1.86,0.417595,4.46861,-1.73699,0.330396,0,
0.300007,3.63793,-3.29723,0.226977,4.44168,-3.62206,0.0901562,3.84076,-1.86,0.628481,4.69531,-1.79705,0.597135,0,3.31293,-1.86,0.473727,4.04054,-1.88063,0.38597,0,3.30481,-1.86,0.126484,4.03055,-1.88497,-0.0365835,0,3.564,-1.86,0.354778,4.34596,-1.8607,0.244934,0,3.29481,-1.86,0.662945,4.01373,-1.85188,0.624478,0,3.98855,-1.86,0.518348,4.88331,-1.79293,0.449907,0,4.16298,-1.86,0.601687,5.09139,-1.81434,0.55497,0,3.68368,-1.86,0.667084,4.49153,-1.84404,0.629351,0,3.31012,-1.86,0.233238,4.04623,-1.91432,0.0996083,0,3.54607,-1.86,0.208163,4.3237,-1.93798,0.0654434,0,3.64414,-1.86,0.52794,4.44069,-1.91468,0.441706,0,3.53207,-1.86,0.510529,4.30707,-1.87133,0.432188,0,3.84882,-1.86,0.181049,4.68723,-1.88726,0.0250651,0,4.08734,-1.86,0.281718,5.00206,-1.80569,0.155374,0,3.93923,-1.86,0.702076,4.80102,-1.85563,0.671638,0,3.75941,-1.86,0.396605,4.56329,-1.97492,0.276133,0,3.20169,-1.86,0.581944,3.89022,-1.83322,0.530483,0,3.67172,-1.86,0.100592,4.4694,-1.95988,-0.0596411,0,3.5257,-1.86,0.700909,4.29548,-1.88293,0.659731,0,4.15399,-1.86,0.44449,5.08763,-1.80806,0.360032,0,3.43834,-1.86,0.605126,4.18695,-1.83528,0.559485,0,3.29456,-1.86,0.337844,4.01036,-1.84399,0.223036,0,4.13251,-1.86,0.127765,5.05467,-1.82372,-0.0379314,0,3.96382,-1.86,0.268945,4.81832,-1.90385,0.135781,0,3.43589,-1.86,0.156659,4.19163,-1.8994,0.00435337,0,3.45607,-1.86,0.43805,4.21431,-1.88791,0.339993,0,3.66608,-1.86,0.306397,4.46617,-1.89766,0.177654,0,4.01348,-1.86,0.171083,4.88453,-1.88528,0.0175716,0,4.0467,-1.86,0.608542,4.95069,-1.8109,0.572385,0,3.4065,-1.86,0.732588,4.1458,-1.79568,0.7317,0,4.14282,-1.86,0.706015,5.09674,-1.75083,0.712076,0,3.93911,-1.86,0.431463,4.83023,-1.78334,0.343232,0,3.76064,-1.86,0.542795,4.58533,-1.87141,0.472284,0,3.74501,-1.86,0.238049,4.56201,-1.90499,0.0993091,0,3.88126,-1.86,0.341061,4.73736,-1.83847,0.224584,0,3.44503,-1.86,0.285245,4.20021,-1.86064,0.165599,0,3.2053,-1.86,0.729451,3.88177,-1.76631,0.737696,0,3.87245,-1.86,0.509452,4.71841,-1.87249,0.429193,0,4.06301,-1.86,0.385146,4.94323,-1.8789,0.282839,0,3.78216,-1.86,0.093768,4.6246,-1.79882,-0.079768,0,3.92521,-1.86,0.0977778,4.78395,-1.86445,-0.0771484,0,3.77185,-1.86,0.715182,4.59045,-1.89229,0.667998,0,3.55682,-1.86,0.104993,4.33608,-1.92578,-0.0558008,0,3.65008,-1.86,0.417595,4.4558,-1.8125,0.320386,0,
0.33334,3.66536,-3.29647,0.226525,4.46959,-3.62165,0.089585,3.84076,-1.86,0.628481,4.70098,-1.827,0.586624,0,3.31293,-1.86,0.473727,4.05771,-1.90899,0.380896,0,3.30481,-1.86,0.126484,4.04871,-1.92148,-0.0340935,0,3.564,-1.86,0.354778,4.35763,-1.90094,0.24119,0,3.29481,-1.86,0.662945,4.02929,-1.87265,0.616891,0,3.98855,-1.86,0.518348,4.88771,-1.81803,0.443436,0,4.16298,-1.86,0.601687,5.09094,-1.8431,0.545431,0,3.68368,-1.86,0.667084,4.50207,-1.86207,0.621678,0,3.31012,-1.86,0.233238,4.06026,-1.92014,0.0995963,0,3.54607,-1.86,0.208163,4.33656,-1.96833,0.0656733,0,3.64414,-1.86,0.52794,4.45167,-1.93649,0.437775,0,3.53207,-1.86,0.510529,4.31908,-1.89579,0.426651,0,3.84882,-1.86,0.181049,4.69112,-1.92718,0.0251547,0,4.08734,-1.86,0.281718,5.00182,-1.83876,0.153338,0,3.93923,-1.86,0.702076,4.80496,-1.8875,0.6615,0,3.75941,-1.86,0.396605,4.57156,-2.00901,0.27088,0,3.20169,-1.86,0.581944,3.90768,-1.85369,0.524501,0,3.67172,-1.86,0.100592,4.48056,-1.97655,-0.0590637,0,3.5257,-1.86,0.700909,4.30946,-1.88826,0.658746,0,4.15399,-1.86,0.44449,5.08582,-1.83926,0.353911,0,3.43834,-1.86,0.605126,4.20129,-1.85775,0.552652,0,3.29456,-1.86,0.337844,4.02836,-1.8776,0.22175,0,4.13251,-1.86,0.127765,5.05394,-1.85324,-0.0372867,0,3.96382,-1.86,0.268945,4.82964,-1.91227,0.133829,0,3.43589,-1.86,0.156659,4.20633,-1.92726,0.00553607,0,3.45607,-1.86,0.43805,4.23037,-1.93574,0.332006,0,3.66608,-1.86,0.306397,4.4764,-1.92962,0.175806,0,4.01348,-1.86,0.171083,4.89285,-1.89981,0.0186815,0,4.0467,-1.86,0.608542,4.95293,-1.83889,0.56136,0,3.4065,-1.86,0.732588,4.16057,-1.82648,0.720061,0,4.14282,-1.86,0.706015,5.09647,-1.77938,0.699027,0,3.93911,-1.86,0.431463,4.82406,-1.8447,0.33688,0,3.76064,-1.86,0.542795,4.59467,-1.89351,0.466574,0,3.74501,-1.86,0.238049,4.57008,-1.93271,0.0971326,0,3.88126,-1.86,0.341061,4.74084,-1.87401,0.220446,0,3.44503,-1.86,0.285245,4.21429,-1.89372,0.163807,0,3.2053,-1.86,0.729451,3.89989,-1.792,0.729568,0,3.87245,-1.86,0.509452,4.72586,-1.89603,0.423755,0,4.06301,-1.86,0.385146,4.94526,-1.90571,0.277774,0,3.78216,-1.86,0.093768,4.63266,-1.82551,-0.0775393,0,3.92521,-1.86,0.0977778,4.79074,-1.88686,-0.0739057,0,3.77185,-1.86,0.715182,4.59901,-1.91546,0.658751,0,3.55682,-1.86,0.104993,4.34923,-1.96483,-0.0535364,0,3.65008,-1.86,0.417595,4.46422,-1.86266,0.311894,0,
0.366675,3.69254,-3.29568,0.226103,4.48511,-3.62143,0.0892672,3.84076,-1.86,0.628481,4.68574,-1.89565,0.569054,0,3.31293,-1.86,0.473727,4.06205,-1.93626,0.376308,0,3.30481,-1.86,0.126484,4.05086,-1.92629,-0.0339438,0,3.564,-1.86,0.354778,4.35742,-1.9389,0.238513,0,3.29481,-1.86,0.662945,4.03532,-1.91308,0.603287,0,3.98855,-1.86,0.518348,4.87805,-1.84714,0.437148,0,4.16298,-1.86,0.601687,5.0785,-1.87064,0.539077,0,3.68368,-1.86,0.667084,4.49946,-1.88517,0.615957,0,3.31012,-1.86,0.233238,4.06758,-1.97501,0.0991064,0,3.54607,-1.86,0.208163,4.33723,-1.98253,0.0652982,0,3.64414,-1.86,0.52794,4.44768,-1.98669,0.426116,0,3.53207,-1.86,0.510529,4.31933,-1.92875,0.417444,0,3.84882,-1.86,0.181049,4.6855,-1.95597,0.0259468,0,4.08734,-1.86,0.281718,5.00388,-1.83826,0.153241,0,3.93923,-1.86,0.702076,4.79031,-1.93769,0.643412,0,3.75941,-1.86,0.396605,4.56855,-2.03344,0.267592,0,3.20169,-1.86,0.581944,3.91192,-1.8726,0.520531,0,3.67172,-1.86,0.100592,4.47886,-1.99579,-0.0578766,0,3.5257,-1.86,0.700909,4.30901,-1.90248,0.65349,0,4.15399,-1.86,0.44449,5.0708,-1.87309,0.350632,0,3.43834,-1.86,0.605126,4.20252,-1.86562,0.552043,0,3.29456,-1.86,0.337844,4.03279,-1.90177,0.219331,0,4.13251,-1.86,0.127765,5.04332,-1.87861,-0.0366657,0,3.96382,-1.86,0.268945,4.82572,-1.92517,0.136963,0,3.43589,-1.86,0.156659,4.20854,-1.95533,0.00697074,0,3.45607,-1.86,0.43805,4.23274,-1.9595,0.328612,0,3.66608,-1.86,0.306397,4.47075,-1.99718,0.171421,0,4.01348,-1.86,0.171083,4.88225,-1.92955,0.0199717,0,4.0467,-1.86,0.608542,4.93862,-1.87696,0.552016,0,3.4065,-1.86,0.732588,4.16296,-1.85402,0.710448,0,4.14282,-1.86,0.706015,5.08439,-1.80632,0.69088,0,3.93911,-1.86,0.431463,4.81137,-1.89196,0.330377,0,3.76064,-1.86,0.542795,4.59245,-1.90918,0.463181,0,3.74501,-1.86,0.238049,4.56537,-1.96625,0.0969716,0,3.88126,-1.86,0.341061,4.73542,-1.8985,0.218026,0,3.44503,-1.86,0.285245,4.2162,-1.91545,0.162574,0,3.2053,-1.86,0.729451,3.90479,-1.81455,0.723354,0,3.87245,-1.86,0.509452,4.71995,-1.92105,0.41896,0,4.06301,-1.86,0.385146,4.94276,-1.91506,0.274572,0,3.78216,-1.86,0.093768,4.6289,-1.84818,-0.0763338,0,3.92521,-1.86,0.0977778,4.78255,-1.91625,-0.0716916,0,3.77185,-1.86,0.715182,4.59849,-1.92285,0.655036,0,3.55682,-1.86,0.104993,4.34946,-1.99815,-0.0509354,0,3.65008,-1.86,0.417595,4.46273,-1.89222,0.308821,0,
0.400009,3.69254,-3.29568,0.226103,4.49739,-3.62122,0.089017,3.84076,-1.86,0.628481,4.67638,-1.93186,0.556012,0,3.31293,-1.86,0.473727,4.06639,-1.98207,0.365058,0,3.30481,-1.86,0.126484,4.05071,-1.94872,-0.0344454,0,3.564,-1.86,0.354778,4.35482,-1.96533,0.232671,0,3.29481,-1.86,0.662945,4.03731,-1.9384,0.593329,0,3.98855,-1.86,0.518348,4.8602,-1.89411,0.422779,0,4.16298,-1.86,0.601687,5.05534,-1.91483,0.522896,0,3.68368,-1.86,0.667084,4.49335,-1.91452,0.603444,0,3.31012,-1.86,0.233238,4.07149,-2.00698,0.0936274,0,3.54607,-1.86,0.208163,4.33404,-2.00433,0.0639742,0,3.64414,-1.86,0.52794,4.4434,-2.01915,0.417791,0,3.53207,-1.86,0.510529,4.31706,-1.96954,0.406673,0,3.84882,-1.86,0.181049,4.67575,-1.99012,0.023855,0,4.08734,-1.86,0.281718,4.99007,-1.86296,0.148073,0,3.93923,-1.86,0.702076,4.77699,-1.97692,0.628821,0,3.75941,-1.86,0.396605,4.56138,-2.06528,0.260676,0,3.20169,-1.86,0.581944,3.91405,-1.89559,0.51185,0,3.67172,-1.86,0.100592,4.47235,-2.0377,-0.0569134,0,3.5257,-1.86,0.700909,4.3064,-1.94186,0.63471,0,4.15399,-1.86,0.44449,5.04885,-1.91598,0.34006,0,3.43834,-1.86,0.605126,4.20026,-1.88871,0.543572,0,3.29456,-1.86,0.337844,4.03387,-1.92605,0.215766,0,4.13251,-1.86,0.127765,5.02216,-1.92126,-0.0364544,0,3.96382,-1.86,0.268945,4.82022,-1.93294,0.135597,0,3.43589,-1.86,0.156659,4.20751,-1.97701,0.00576389,0,3.45607,-1.86,0.43805,4.23121,-1.98002,0.323377,0,3.66608,-1.86,0.306397,4.46616,-2.03699,0.166652,0,4.01348,-1.86,0.171083,4.86279,-1.98134,0.0169658,0,4.0467,-1.86,0.608542,4.91892,-1.9238,0.534778,0,3.4065,-1.86,0.732588,4.16271,-1.88839,0.696637,0,4.14282,-1.86,0.706015,5.06964,-1.83247,0.677087,0,3.93911,-1.86,0.431463,4.80036,-1.92276,0.323116,0,3.76064,-1.86,0.542795,4.58191,-1.95357,0.452968,0,3.74501,-1.86,0.238049,4.55644,-2.01347,0.093419,0,3.88126,-1.86,0.341061,4.71968,-1.95218,0.210569,0,3.44503,-1.86,0.285245,4.21478,-1.93972,0.159818,0,3.2053,-1.86,0.729451,3.90566,-1.83248,0.714582,0,3.87245,-1.86,0.509452,4.70497,-1.97228,0.405605,0,4.06301,-1.86,0.385146,4.92838,-1.94478,0.267242,0,3.78216,-1.86,0.093768,4.61835,-1.89216,-0.0757946,0,3.92521,-1.86,0.0977778,4.7679,-1.96162,-0.0716023,0,3.77185,-1.86,0.715182,4.58769,-1.96452,0.638917,0,3.55682,-1.86,0.104993,4.34671,-2.03196,-0.0501887,0,3.65008,-1.86,0.417595,4.45689,-1.93104,0.300965,0,
0.433343,3.71849,-3.29492,0.225705,4.51285,-3.62098,0.0887011,3.84076,-1.86,0.628481,4.67402,-1.94825,0.550791,0,3.31293,-1.86,0.473727,4.06893,-1.98714,0.364176,0,3.30481,-1.86,0.126484,4.05246,-1.95448,-0.0342131,0,3.564,-1.86,0.354778,4.35555,-1.97307,0.231998,0,3.29481,-1.86,0.662945,4.0384,-1.93661,0.594088,0,3.98855,-1.86,0.518348,4.85613,-1.9114,0.418828,0,4.16298,-1.86,0.601687,5.05973,-1.91103,0.524624,0,3.68368,-1.86,0.667084,4.49457,-1.9161,0.601687,0,3.31012,-1.86,0.233238,4.0748,-2.02309,0.0941477,0,3.54607,-1.86,0.208163,4.33472,-2.01583,0.0635841,0,3.64414,-1.86,0.52794,4.44464,-2.02084,0.416227,0,3.53207,-1.86,0.510529,4.31841,-1.98675,0.402916,0,3.84882,-1.86,0.181049,4.67523,-1.99837,0.0231085,0,4.08734,-1.86,0.281718,4.98648,-1.87395,0.147087,0,3.93923,-1.86,0.702076,4.77725,-1.98252,0.623586,0,3.75941,-1.86,0.396605,4.56315,-2.06221,0.260414,0,3.20169,-1.86,0.581944,3.91657,-1.90296,0.510044,0,3.67172,-1.86,0.100592,4.47266,-2.05061,-0.0568496,0,3.5257,-1.86,0.700909,4.30776,-1.94726,0.634519,0,4.15399,-1.86,0.44449,5.04534,-1.92768,0.339869,0,3.43834,-1.86,0.605126,4.20146,-1.89196,0.543336,0,3.29456,-1.86,0.337844,4.03722,-1.94231,0.214574,0,4.13251,-1.86,0.127765,5.01815,-1.93467,-0.03667,0,3.96382,-1.86,0.268945,4.81385,-1.95476,0.131588,0,3.43589,-1.86,0.156659,4.20893,-1.98789,0.00691228,0,3.45607,-1.86,0.43805,4.2321,-1.97838,0.323585,0,3.66608,-1.86,0.306397,4.46669,-2.04603,0.166137,0,4.01348,-1.86,0.171083,4.85626,-2.0059,0.0171436,0,4.0467,-1.86,0.608542,4.91941,-1.92911,0.530257,0,3.4065,-1.86,0.732588,4.1647,-1.89532,0.693552,0,4.14282,-1.86,0.706015,5.07039,-1.83415,0.675196,0,3.93911,-1.86,0.431463,4.79987,-1.9291,0.32039,0,3.76064,-1.86,0.542795,4.58368,-1.95403,0.452217,0,3.74501,-1.86,0.238049,4.55337,-2.04598,0.0931107,0,3.88126,-1.86,0.341061,4.71894,-1.96295,0.209171,0,3.44503,-1.86,0.285245,4.2161,-1.94546,0.158735,0,3.2053,-1.86,0.729451,3.9073,-1.83552,0.712841,0,3.87245,-1.86,0.509452,4.70376,-1.98735,0.398843,0,4.06301,-1.86,0.385146,4.92484,-1.9571,0.264605,0,3.78216,-1.86,0.093768,4.613,-1.93082,-0.073458,0,3.92521,-1.86,0.0977778,4.76716,-1.9758,-0.0753177,0,3.77185,-1.86,0.715182,4.58902,-1.96768,0.639795,0,3.55682,-1.86,0.104993,4.34778,-2.04789,-0.0502947,0,3.65008,-1.86,0.417595,4.45727,-1.94335,0.298203,0,
0.466677,3.72818,-3.2947,0.225261,4.524,-3.62079,0.0884738,3.84076,-1.86,0.628481,4.66358,-1.98334,0.545575,0,3.31293,-1.86,0.473727,4.07031,-2.02302,0.358276,0,3.30481,-1.86,0.126484,4.053,-1.98435,-0.0318673,0,3.564,-1.86,0.354778,4.35111,-2.00605,0.229295,0,3.29481,-1.86,0.662945,4.03894,-1.96983,0.586168,0,3.98855,-1.86,0.518348,4.83452,-1.96855,0.407707,0,4.16298,-1.86,0.601687,5.0441,-1.93441,0.520058,0,3.68368,-1.86,0.667084,4.48518,-1.9656,0.587039,0,3.31012,-1.86,0.233238,4.07733,-2.06099,0.0930969,0,3.54607,-1.86,0.208163,4.33152,-2.06677,0.0634105,0,3.64414,-1.86,0.52794,4.43862,-2.04665,0.410505,0,3.53207,-1.86,0.510529,4.31559,-2.03905,0.39365,0,3.84882,-1.86,0.181049,4.6647,-2.02927,0.0256486,0,4.08734,-1.86,0.281718,4.96135,-1.928,0.146108,0,3.93923,-1.86,0.702076,4.76015,-2.0289,0.609846,0,3.75941,-1.86,0.396605,4.55357,-2.10009,0.256424,0,3.20169,-1.86,0.581944,3.91941,-1.9356,0.50362,0,3.67172,-1.86,0.100592,4.46517,-2.10234,-0.0506393,0,3.5257,-1.86,0.700909,4.30373,-1.98179,0.623536,0,4.15399,-1.86,0.44449,5.0212,-1.97551,0.337072,0,3.43834,-1.86,0.605126,4.20102,-1.9484,0.528149,0,3.29456,-1.86,0.337844,4.04011,-1.98163,0.21121,0,4.13251,-1.86,0.127765,4.99816,-1.97254,-0.0344234,0,3.96382,-1.86,0.268945,4.78967,-2.02837,0.129884,0,3.43589,-1.86,0.156659,4.20762,-2.02145,0.00873866,0,3.45607,-1.86,0.43805,4.22925,-2.00654,0.319733,0,3.66608,-1.86,0.306397,4.4603,-2.07942,0.164652,0,4.01348,-1.86,0.171083,4.83255,-2.07035,0.0201844,0,4.0467,-1.86,0.608542,4.89481,-1.9853,0.516199,0,3.4065,-1.86,0.732588,4.16466,-1.94509,0.676379,0,4.14282,-1.86,0.706015,5.04361,-1.88356,0.660517,0,3.93911,-1.86,0.431463,4.78589,-1.96341,0.317669,0,3.76064,-1.86,0.542795,4.57333,-1.99354,0.444988,0,3.74501,-1.86,0.238049,4.54569,-2.08197,0.0937025,0,3.88126,-1.86,0.341061,4.70505,-2.00589,0.207399,0,3.44503,-1.86,0.285245,4.21442,-1.98231,0.15796,0,3.2053,-1.86,0.729451,3.91061,-1.87441,0.700166,0,3.87245,-1.86,0.509452,4.6869,-2.04627,0.389601,0,4.06301,-1.86,0.385146,4.90662,-1.996,0.261851,0,3.78216,-1.86,0.093768,4.60214,-1.97927,-0.0668946,0,3.92521,-1.86,0.0977778,4.75424,-2.00745,-0.0702762,0,3.77185,-1.86,0.715182,4.57628,-2.02361,0.623163,0,3.55682,-1.86,0.104993,4.34413,-2.08322,-0.0470347,0,3.65008,-1.86,0.417595,4.44981,-1.9949,0.29256,0,
0.500011,3.72818,-3.2947,0.225261,4.5343,-3.62063,0.0882635,3.84076,-1.86,0.628481,4.65388,-2.01034,0.539397,0,3.31293,-1.86,0.473727,4.06969,-2.04523,0.356412,0,3.30481,-1.86,0.126484,4.05266,-2.0087,-0.0283222,0,3.564,-1.86,0.354778,4.34665,-2.03349,0.228214,0,3.29481,-1.86,0.662945,4.04002,-2.00096,0.579968,0,3.98855,-1.86,0.518348,4.82237,-1.99724,0.404088,0,4.16298,-1.86,0.601687,5.0287,-1.95814,0.513574,0,3.68368,-1.86,0.667084,4.47681,-2.02287,0.572099,0,3.31012,-1.86,0.233238,4.07782,-2.08471,0.098058,0,3.54607,-1.86,0.208163,4.32814,-2.0939,0.0656338,0,3.64414,-1.86,0.52794,4.43229,-2.07866,0.405698,0,3.53207,-1.86,0.510529,4.31248,-2.06697,0.390123,0,3.84882,-1.86,0.181049,4.6551,-2.05527,0.027943,0,4.08734,-1.86,0.281718,4.93502,-1.98966,0.144973,0,3.93923,-1.86,0.702076,4.75192,-2.0459,0.60615,0,3.75941,-1.86,0.396605,4.54843,-2.10849,0.258076,0,3.20169,-1.86,0.581944,3.9209,-1.95929,0.502227,0,3.67172,-1.86,0.100592,4.45866,-2.15148,-0.0440634,0,3.5257,-1.86,0.700909,4.29981,-2.00417,0.618191,0,4.15399,-1.86,0.44449,4.99576,-2.02624,0.32804,0,3.43834,-1.86,0.605126,4.20014,-1.98237,0.521806,0,3.29456,-1.86,0.337844,4.04403,-2.02611,0.209351,0,4.13251,-1.86,0.127765,4.97393,-2.02229,-0.0279495,0,3.96382,-1.86,0.268945,4.78056,-2.04959,0.130053,0,3.43589,-1.86,0.156659,4.20588,-2.04987,0.0125609,0,3.45607,-1.86,0.43805,4.22663,-2.03285,0.318445,0,3.66608,-1.86,0.306397,4.45401,-2.10902,0.163547,0,4.01348,-1.86,0.171083,4.82639,-2.07948,0.0224454,0,4.0467,-1.86,0.608542,4.88488,-2.00539,0.51449,0,3.4065,-1.86,0.732588,4.16483,-1.9848,0.665932,0,4.14282,-1.86,0.706015,5.02105,-1.92761,0.646519,0,3.93911,-1.86,0.431463,4.7756,-1.98505,0.315424,0,3.76064,-1.86,0.542795,4.56575,-2.01727,0.440538,0,3.74501,-1.86,0.238049,4.53864,-2.1053,0.0953976,0,3.88126,-1.86,0.341061,4.6929,-2.04366,0.206816,0,3.44503,-1.86,0.285245,4.21291,-2.01647,0.15842,0,3.2053,-1.86,0.729451,3.91734,-1.92361,0.685698,0,3.87245,-1.86,0.509452,4.67722,-2.07488,0.384849,0,4.06301,-1.86,0.385146,4.89573,-2.01506,0.260879,0,3.78216,-1.86,0.093768,4.59253,-2.01627,-0.0626697,0,3.92521,-1.86,0.0977778,4.73961,-2.04802,-0.0655543,0,3.77185,-1.86,0.715182,4.56859,-2.05132,0.614637,0,3.55682,-1.86,0.104993,4.34004,-2.10336,-0.0431155,0,3.65008,-1.86,0.417595,4.4437,-2.03322,0.288502,0,
0.533345,3.72818,-3.2947,0.225261,4.54992,-3.62039,0.0879442,3.84076,-1.86,0.628481,4.6344,-2.25929,0.470174,0,3.31293,-1.86,0.473727,4.12075,-2.22609,0.32568,0,3.30481,-1.86,0.126484,4.1007,-2.18142,-0.0146112,0,3.564,-1.86,0.354778,4.36842,-2.23078,0.211355,0,3.29481,-1.86,0.662945,4.092,-2.18186,0.52415,0,3.98855,-1.86,0.518348,4.77592,-2.25091,0.355766,0,4.16298,-1.86,0.601687,4.9443,-2.23252,0.444965,0,3.68368,-1.86,0.667084,4.48357,-2.21198,0.516441,0,3.31012,-1.86,0.233238,4.11916,-2.23075,0.0966664,0,3.54607,-1.86,0.208163,4.35087,-2.25133,0.0707351,0,3.64414,-1.86,0.52794,4.44333,-2.25515,0.369187,0,3.53207,-1.86,0.510529,4.33499,-2.24669,0.354699,0,3.84882,-1.86,0.181049,4.63806,-2.26617,0.0370566,0,4.08734,-1.86,0.281718,4.87543,-2.22547,0.137812,0,3.93923,-1.86,0.702076,4.7146,-2.30436,0.522458,0,3.75941,-1.86,0.396605,4.54579,-2.29879,0.237683,0,3.20169,-1.86,0.581944,3.98591,-2.14388,0.455764,0,3.67172,-1.86,0.100592,4.46517,-2.29658,-0.0305245,0,3.5257,-1.86,0.700909,4.32613,-2.18325,0.562614,0,4.15399,-1.86,0.44449,4.9183,-2.28742,0.292394,0,3.43834,-1.86,0.605126,4.23582,-2.1716,0.473394,0,3.29456,-1.86,0.337844,4.09699,-2.21139,0.195812,0,4.13251,-1.86,0.127765,4.90698,-2.26351,-0.00827911,0,3.96382,-1.86,0.268945,4.74844,-2.24526,0.125373,0,3.43589,-1.86,0.156659,4.24023,-2.21603,0.0205769,0,3.45607,-1.86,0.43805,4.26034,-2.22709,0.289685,0,3.66608,-1.86,0.306397,4.46358,-2.30432,0.154789,0,4.01348,-1.86,0.171083,4.78548,-2.29201,0.0324856,0,4.0467,-1.86,0.608542,4.82692,-2.26166,0.447915,0,3.4065,-1.86,0.732588,4.21124,-2.19955,0.591199,0,4.14282,-1.86,0.706015,4.93514,-2.22211,0.550465,0,3.93911,-1.86,0.431463,4.73646,-2.24414,0.280956,0,3.76064,-1.86,0.542795,4.56022,-2.22601,0.396236,0,3.74501,-1.86,0.238049,4.53752,-2.27622,0.0950897,0,3.88126,-1.86,0.341061,4.67034,-2.26657,0.192527,0,3.44503,-1.86,0.285245,4.24536,-2.18019,0.151352,0,3.2053,-1.86,0.729451,3.9932,-2.14369,0.611597,0,3.87245,-1.86,0.509452,4.65625,-2.28956,0.345137,0,4.06301,-1.86,0.385146,4.84495,-2.23267,0.238525,0,3.78216,-1.86,0.093768,4.58272,-2.24542,-0.0401986,0,3.92521,-1.86,0.0977778,4.71162,-2.25628,-0.0441952,0,3.77185,-1.86,0.715182,4.56231,-2.24912,0.549347,0,3.55682,-1.86,0.104993,4.36215,-2.28558,-0.0264408,0,3.65008,-1.86,0.417595,4.45495,-2.24871,0.261407,0,
0.566679,3.77563,-3.2939,0.224923,4.5343,-3.62063,0.0882635,3.84076,-1.86,0.628481,4.60094,-2.25684,0.470526,0,3.31293,-1.86,0.473727,4.08548,-2.22128,0.328308,0,3.30481,-1.86,0.126484,4.06605,-2.17636,-0.0147001,0,3.564,-1.86,0.354778,4.33405,-2.22518,0.213597,0,3.29481,-1.86,0.662945,4.05614,-2.17636,0.527482,0,3.98855,-1.86,0.518348,4.74232,-2.2557,0.355097,0,4.16298,-1.86,0.601687,4.90799,-2.24354,0.442925,0,3.68368,-1.86,0.667084,4.45018,-2.20651,0.51842,0,3.31012,-1.86,0.233238,4.08539,-2.22722,0.0983864,0,3.54607,-1.86,0.208163,4.31478,-2.24621,0.0711879,0,3.64414,-1.86,0.52794,4.41134,-2.24941,0.372782,0,3.53207,-1.86,0.510529,4.30015,-2.24204,0.357915,0,3.84882,-1.86,0.181049,4.60517,-2.26594,0.0372171,0,4.08734,-1.86,0.281718,4.83946,-2.23958,0.137498,0,3.93923,-1.86,0.702076,4.68568,-2.30541,0.521842,0,3.75941,-1.86,0.396605,4.51337,-2.29448,0.239316,0,3.20169,-1.86,0.581944,3.94627,-2.13488,0.459993,0,3.67172,-1.86,0.100592,4.43131,-2.29059,-0.0294711,0,3.5257,-1.86,0.700909,4.2885,-2.17819,0.565014,0,4.15399,-1.86,0.44449,4.88163,-2.30255,0.290841,0,3.43834,-1.86,0.605126,4.20099,-2.16689,0.476551,0,3.29456,-1.86,0.337844,4.06139,-2.20743,0.19737,0,4.13251,-1.86,0.127765,4.8703,-2.2791,-0.00701399,0,3.96382,-1.86,0.268945,4.71587,-2.2532,0.124588,0,3.43589,-1.86,0.156659,4.20546,-2.21128,0.0210068,0,3.45607,-1.86,0.43805,4.22629,-2.22289,0.292574,0,3.66608,-1.86,0.306397,4.43301,-2.2985,0.155747,0,4.01348,-1.86,0.171083,4.75199,-2.30203,0.0340083,0,4.0467,-1.86,0.608542,4.79272,-2.26888,0.447287,0,3.4065,-1.86,0.732588,4.17689,-2.19449,0.593756,0,4.14282,-1.86,0.706015,4.90067,-2.2264,0.549879,0,3.93911,-1.86,0.431463,4.70424,-2.24658,0.280834,0,3.76064,-1.86,0.542795,4.52592,-2.22264,0.40052,0,3.74501,-1.86,0.238049,4.50477,-2.27171,0.0957627,0,3.88126,-1.86,0.341061,4.63742,-2.26736,0.193665,0,3.44503,-1.86,0.285245,4.21,-2.17513,0.153867,0,3.2053,-1.86,0.729451,3.95585,-2.1338,0.614736,0,3.87245,-1.86,0.509452,4.622,-2.28929,0.344804,0,4.06301,-1.86,0.385146,4.80753,-2.24567,0.23827,0,3.78216,-1.86,0.093768,4.54981,-2.2421,-0.038966,0,3.92521,-1.86,0.0977778,4.6783,-2.26075,-0.0426496,0,3.77185,-1.86,0.715182,4.52982,-2.24532,0.551459,0,3.55682,-1.86,0.104993,4.32783,-2.28041,-0.0255781,0,3.65008,-1.86,0.417595,4.4215,-2.24322,0.263342,0,
0.600013,3.77563,-3.2939,0.224923,4.58196,-3.62056,0.08727,3.84076,-1.86,0.628481,4.64867,-2.19339,0.485306,0,3.31293,-1.86,0.473727,4.11729,-2.18438,0.333446,0,3.30481,-1.86,0.126484,4.09705,-2.13639,-0.0171567,0,3.564,-1.86,0.354778,4.37041,-2.1717,0.217417,0,3.29481,-1.86,0.662945,4.09041,-2.13052,0.541589,0,3.98855,-1.86,0.518348,4.78774,-2.25836,0.351752,0,4.16298,-1.86,0.601687,4.97122,-2.18418,0.454808,0,3.68368,-1.86,0.667084,4.49172,-2.14514,0.534887,0,3.31012,-1.86,0.233238,4.11523,-2.1877,0.096204,0,3.54607,-1.86,0.208163,4.35006,-2.19587,0.0691981,0,3.64414,-1.86,0.52794,4.4499,-2.18639,0.38504,0,3.53207,-1.86,0.510529,4.33742,-2.19648,0.362627,0,3.84882,-1.86,0.181049,4.6514,-2.20304,0.0334326,0,4.08734,-1.86,0.281718,4.89733,-2.18124,0.136579,0,3.93923,-1.86,0.702076,4.73405,-2.30463,0.519752,0,3.75941,-1.86,0.396605,4.55665,-2.22878,0.243453,0,3.20169,-1.86,0.581944,3.98119,-2.1016,0.467034,0,3.67172,-1.86,0.100592,4.47123,-2.24111,-0.0361687,0,3.5257,-1.86,0.700909,4.3258,-2.12564,0.581559,0,4.15399,-1.86,0.44449,4.92459,-2.31621,0.285325,0,3.43834,-1.86,0.605126,4.23556,-2.11956,0.487288,0,3.29456,-1.86,0.337844,4.09653,-2.1768,0.200263,0,4.13251,-1.86,0.127765,4.92721,-2.22417,-0.0134425,0,3.96382,-1.86,0.268945,4.76592,-2.18877,0.124628,0,3.43589,-1.86,0.156659,4.23755,-2.1632,0.0189921,0,3.45607,-1.86,0.43805,4.26114,-2.17541,0.298387,0,3.66608,-1.86,0.306397,4.4722,-2.23324,0.157139,0,4.01348,-1.86,0.171083,4.80594,-2.23697,0.0283911,0,4.0467,-1.86,0.608542,4.85314,-2.20373,0.463203,0,3.4065,-1.86,0.732588,4.21088,-2.14533,0.609073,0,4.14282,-1.86,0.706015,4.94218,-2.24127,0.541388,0,3.93911,-1.86,0.431463,4.7572,-2.176,0.288294,0,3.76064,-1.86,0.542795,4.57174,-2.15984,0.412017,0,3.74501,-1.86,0.238049,4.5464,-2.21322,0.094693,0,3.88126,-1.86,0.341061,4.68628,-2.2031,0.196228,0,3.44503,-1.86,0.285245,4.24312,-2.12598,0.154616,0,3.2053,-1.86,0.729451,3.99013,-2.09556,0.625291,0,3.87245,-1.86,0.509452,4.67056,-2.23194,0.35242,0,4.06301,-1.86,0.385146,4.86095,-2.19151,0.242271,0,3.78216,-1.86,0.093768,4.59136,-2.18758,-0.0463713,0,3.92521,-1.86,0.0977778,4.72583,-2.20205,-0.0509024,0,3.77185,-1.86,0.715182,4.57543,-2.18227,0.570592,0,3.55682,-1.86,0.104993,4.3656,-2.22573,-0.0325388,0,3.65008,-1.86,0.417595,4.46103,-2.18544,0.268128,0,
0.633347,3.80201,-3.29315,0.224574,4.60914,-3.62023,0.0867117,3.84076,-1.86,0.628481,4.65784,-2.19102,0.487314,0,3.31293,-1.86,0.473727,4.12669,-2.18407,0.333302,0,3.30481,-1.86,0.126484,4.10624,-2.1378,-0.0180229,0,3.564,-1.86,0.354778,4.38047,-2.17015,0.216734,0,3.29481,-1.86,0.662945,4.09898,-2.12174,0.541479,0,3.98855,-1.86,0.518348,4.79827,-2.26306,0.352055,0,4.16298,-1.86,0.601687,4.98065,-2.17847,0.456855,0,3.68368,-1.86,0.667084,4.50057,-2.14375,0.535642,0,3.31012,-1.86,0.233238,4.12579,-2.18626,0.0944288,0,3.54607,-1.86,0.208163,4.36127,-2.19351,0.0689289,0,3.64414,-1.86,0.52794,4.459,-2.18202,0.385736,0,3.53207,-1.86,0.510529,4.34699,-2.19877,0.363348,0,3.84882,-1.86,0.181049,4.66268,-2.19987,0.032241,0,4.08734,-1.86,0.281718,4.90791,-2.1791,0.139032,0,3.93923,-1.86,0.702076,4.74282,-2.31022,0.520076,0,3.75941,-1.86,0.396605,4.56575,-2.2243,0.245716,0,3.20169,-1.86,0.581944,3.98916,-2.09694,0.466331,0,3.67172,-1.86,0.100592,4.48207,-2.24179,-0.036092,0,3.5257,-1.86,0.700909,4.33451,-2.12479,0.581096,0,4.15399,-1.86,0.44449,4.93444,-2.31697,0.288055,0,3.43834,-1.86,0.605126,4.24558,-2.11768,0.484949,0,3.29456,-1.86,0.337844,4.10547,-2.18008,0.200309,0,4.13251,-1.86,0.127765,4.94,-2.22137,-0.013374,0,3.96382,-1.86,0.268945,4.77665,-2.18787,0.125461,0,3.43589,-1.86,0.156659,4.24761,-2.16123,0.0186817,0,3.45607,-1.86,0.43805,4.27072,-2.1735,0.297928,0,3.66608,-1.86,0.306397,4.48305,-2.22452,0.157553,0,4.01348,-1.86,0.171083,4.81849,-2.23103,0.0289058,0,4.0467,-1.86,0.608542,4.86072,-2.19812,0.466593,0,3.4065,-1.86,0.732588,4.21917,-2.14297,0.610266,0,4.14282,-1.86,0.706015,4.95253,-2.24248,0.541706,0,3.93911,-1.86,0.431463,4.76743,-2.16999,0.289966,0,3.76064,-1.86,0.542795,4.5843,-2.15425,0.414494,0,3.74501,-1.86,0.238049,4.55745,-2.21138,0.0939663,0,3.88126,-1.86,0.341061,4.69841,-2.19799,0.198452,0,3.44503,-1.86,0.285245,4.25214,-2.12646,0.154949,0,3.2053,-1.86,0.729451,3.99759,-2.09236,0.624569,0,3.87245,-1.86,0.509452,4.68174,-2.22958,0.353378,0,4.06301,-1.86,0.385146,4.86708,-2.19577,0.243089,0,3.78216,-1.86,0.093768,4.60302,-2.18887,-0.0454537,0,3.92521,-1.86,0.0977778,4.73533,-2.20351,-0.049929,0,3.77185,-1.86,0.715182,4.58188,-2.18232,0.571474,0,3.55682,-1.86,0.104993,4.37686,-2.21846,-0.0331458,0,3.65008,-1.86,0.417595,4.4726,-2.18167,0.270772,0,
0.666681,3.81156,-3.29293,0.224173,4.62429,-3.62004,0.0864009,3.84076,-1.86,0.628481,4.65353,-2.18721,0.485983,0,3.31293,-1.86,0.473727,4.11939,-2.17824,0.333372,0,3.30481,-1.86,0.126484,4.09913,-2.13293,-0.0203986,0,3.564,-1.86,0.354778,4.37546,-2.16258,0.214854,0,3.29481,-1.86,0.662945,4.09091,-2.10452,0.545747,0,3.98855,-1.86,0.518348,4.79294,-2.26662,0.3495,0,4.16298,-1.86,0.601687,4.97555,-2.17824,0.453952,0,3.68368,-1.86,0.667084,4.49525,-2.13846,0.534655,0,3.31012,-1.86,0.233238,4.11789,-2.17827,0.0927067,0,3.54607,-1.86,0.208163,4.35698,-2.18435,0.0669597,0,3.64414,-1.86,0.52794,4.45292,-2.17459,0.384456,0,3.53207,-1.86,0.510529,4.34067,-2.19554,0.363587,0,3.84882,-1.86,0.181049,4.65869,-2.1956,0.0301152,0,4.08734,-1.86,0.281718,4.90159,-2.1798,0.137063,0,3.93923,-1.86,0.702076,4.73916,-2.31251,0.516163,0,3.75941,-1.86,0.396605,4.56148,-2.21754,0.243488,0,3.20169,-1.86,0.581944,3.98012,-2.08873,0.467387,0,3.67172,-1.86,0.100592,4.47808,-2.23719,-0.0389102,0,3.5257,-1.86,0.700909,4.32567,-2.1215,0.580717,0,4.15399,-1.86,0.44449,4.92838,-2.32483,0.284586,0,3.43834,-1.86,0.605126,4.23785,-2.11104,0.485193,0,3.29456,-1.86,0.337844,4.09995,-2.1779,0.20006,0,4.13251,-1.86,0.127765,4.93666,-2.21855,-0.0182894,0,3.96382,-1.86,0.268945,4.77348,-2.18586,0.122746,0,3.43589,-1.86,0.156659,4.24039,-2.15384,0.0173898,0,3.45607,-1.86,0.43805,4.2641,-2.1659,0.298616,0,3.66608,-1.86,0.306397,4.4774,-2.21396,0.156664,0,4.01348,-1.86,0.171083,4.81428,-2.2264,0.0263517,0,4.0467,-1.86,0.608542,4.85562,-2.19788,0.464702,0,3.4065,-1.86,0.732588,4.21026,-2.13599,0.609565,0,4.14282,-1.86,0.706015,4.94751,-2.24894,0.537144,0,3.93911,-1.86,0.431463,4.76256,-2.166,0.287479,0,3.76064,-1.86,0.542795,4.57921,-2.14589,0.41371,0,3.74501,-1.86,0.238049,4.5525,-2.20687,0.0945766,0,3.88126,-1.86,0.341061,4.69354,-2.19286,0.196904,0,3.44503,-1.86,0.285245,4.24495,-2.12163,0.15367,0,3.2053,-1.86,0.729451,3.98848,-2.08392,0.626549,0,3.87245,-1.86,0.509452,4.67684,-2.22613,0.352126,0,4.06301,-1.86,0.385146,4.85897,-2.20384,0.23849,0,3.78216,-1.86,0.093768,4.59917,-2.18684,-0.0478354,0,3.92521,-1.86,0.0977778,4.73069,-2.2047,-0.0512446,0,3.77185,-1.86,0.715182,4.57556,-2.18107,0.569932,0,3.55682,-1.86,0.104993,4.37174,-2.20601,-0.0360723,0,3.65008,-1.86,0.417595,4.46658,-2.17438,0.269723,0,
0.700015,3.82981,-3.29287,0.223822,4.61907,-3.62013,0.0865075,3.84076,-1.86,0.628481,4.62713,-2.18449,0.488384,0,3.31293,-1.86,0.473727,4.09179,-2.18691,0.333594,0,3.30481,-1.86,0.126484,4.07142,-2.14145,-0.0177251,0,3.564,-1.86,0.354778,4.34694,-2.16646,0.215663,0,3.29481,-1.86,0.662945,4.06178,-2.1121,0.543168,0,3.98855,-1.86,0.518348,4.76532,-2.26691,0.34861,0,4.16298,-1.86,0.601687,4.94409,-2.17708,0.454909,0,3.68368,-1.86,0.667084,4.46553,-2.14071,0.534678,0,3.31012,-1.86,0.233238,4.08961,-2.18762,0.0957542,0,3.54607,-1.86,0.208163,4.3295,-2.18821,0.0682369,0,3.64414,-1.86,0.52794,4.42358,-2.1774,0.384545,0,3.53207,-1.86,0.510529,4.31154,-2.20018,0.362833,0,3.84882,-1.86,0.181049,4.62973,-2.19637,0.0302148,0,4.08734,-1.86,0.281718,4.871,-2.1803,0.13665,0,3.93923,-1.86,0.702076,4.71223,-2.31248,0.515885,0,3.75941,-1.86,0.396605,4.53319,-2.21908,0.243933,0,3.20169,-1.86,0.581944,3.95341,-2.09951,0.466497,0,3.67172,-1.86,0.100592,4.44913,-2.2397,-0.0381073,0,3.5257,-1.86,0.700909,4.29612,-2.12655,0.580309,0,4.15399,-1.86,0.44449,4.91346,-2.26402,0.294069,0,3.43834,-1.86,0.605126,4.20899,-2.11776,0.485753,0,3.29456,-1.86,0.337844,4.07322,-2.18581,0.20006,0,4.13251,-1.86,0.127765,4.90646,-2.21863,-0.0187025,0,3.96382,-1.86,0.268945,4.74496,-2.18569,0.12294,0,3.43589,-1.86,0.156659,4.20874,-2.16106,0.0179503,0,3.45607,-1.86,0.43805,4.23633,-2.17157,0.298946,0,3.66608,-1.86,0.306397,4.44876,-2.21637,0.156645,0,4.01348,-1.86,0.171083,4.78402,-2.22684,0.0259722,0,4.0467,-1.86,0.608542,4.82645,-2.19598,0.464888,0,3.4065,-1.86,0.732588,4.18175,-2.14298,0.60834,0,4.14282,-1.86,0.706015,4.93528,-2.18111,0.559122,0,3.93911,-1.86,0.431463,4.73288,-2.16621,0.28706,0,3.76064,-1.86,0.542795,4.55029,-2.14724,0.413946,0,3.74501,-1.86,0.238049,4.525,-2.20842,0.0936558,0,3.88126,-1.86,0.341061,4.66623,-2.18893,0.1978,0,3.44503,-1.86,0.285245,4.2153,-2.12805,0.152009,0,3.2053,-1.86,0.729451,3.96323,-2.09367,0.626255,0,3.87245,-1.86,0.509452,4.64798,-2.22664,0.351168,0,4.06301,-1.86,0.385146,4.8327,-2.20455,0.239159,0,3.78216,-1.86,0.093768,4.57127,-2.18557,-0.0464241,0,3.92521,-1.86,0.0977778,4.70133,-2.20486,-0.0506647,0,3.77185,-1.86,0.715182,4.54788,-2.18268,0.571,0,3.55682,-1.86,0.104993,4.34302,-2.20988,-0.0351515,0,3.65008,-1.86,0.417595,4.43723,-2.17705,0.270031,0,
0.733349,3.85649,-3.2933,0.223561,4.63776,-3.6203,0.0861118,3.84076,-1.86,0.628481,4.62658,-2.17911,0.489056,0,3.31293,-1.86,0.473727,4.09044,-2.19385,0.331241,0,3.30481,-1.86,0.126484,4.07159,-2.14801,-0.0172431,0,3.564,-1.86,0.354778,4.34647,-2.16814,0.215522,0,3.29481,-1.86,0.662945,4.06,-2.12021,0.541355,0,3.98855,-1.86,0.518348,4.76568,-2.26784,0.348428,0,4.16298,-1.86,0.601687,4.94119,-2.18264,0.453561,0,3.68368,-1.86,0.667084,4.46548,-2.14134,0.535422,0,3.31012,-1.86,0.233238,4.09256,-2.19448,0.0957098,0,3.54607,-1.86,0.208163,4.32833,-2.19027,0.0676121,0,3.64414,-1.86,0.52794,4.42292,-2.17821,0.384375,0,3.53207,-1.86,0.510529,4.31133,-2.20247,0.362376,0,3.84882,-1.86,0.181049,4.62953,-2.19651,0.0297138,0,4.08734,-1.86,0.281718,4.86816,-2.18345,0.135501,0,3.93923,-1.86,0.702076,4.71224,-2.31363,0.518201,0,3.75941,-1.86,0.396605,4.53304,-2.21925,0.244437,0,3.20169,-1.86,0.581944,3.95353,-2.10785,0.464974,0,3.67172,-1.86,0.100592,4.45046,-2.24007,-0.0375373,0,3.5257,-1.86,0.700909,4.29368,-2.12828,0.578141,0,4.15399,-1.86,0.44449,4.91445,-2.25929,0.295304,0,3.43834,-1.86,0.605126,4.20601,-2.12187,0.484877,0,3.29456,-1.86,0.337844,4.07572,-2.19136,0.199602,0,4.13251,-1.86,0.127765,4.90496,-2.22342,-0.0193456,0,3.96382,-1.86,0.268945,4.74318,-2.18637,0.122958,0,3.43589,-1.86,0.156659,4.20817,-2.16708,0.0188191,0,3.45607,-1.86,0.43805,4.23542,-2.17488,0.298477,0,3.66608,-1.86,0.306397,4.45065,-2.21678,0.157947,0,4.01348,-1.86,0.171083,4.78274,-2.22883,0.0265747,0,4.0467,-1.86,0.608542,4.82504,-2.19776,0.464983,0,3.4065,-1.86,0.732588,4.18024,-2.14685,0.608032,0,4.14282,-1.86,0.706015,4.93109,-2.18981,0.556662,0,3.93911,-1.86,0.431463,4.73209,-2.16708,0.288014,0,3.76064,-1.86,0.542795,4.54945,-2.14733,0.413935,0,3.74501,-1.86,0.238049,4.52533,-2.20852,0.0936504,0,3.88126,-1.86,0.341061,4.66448,-2.18902,0.19783,0,3.44503,-1.86,0.285245,4.21681,-2.13171,0.153328,0,3.2053,-1.86,0.729451,3.96294,-2.09885,0.624938,0,3.87245,-1.86,0.509452,4.64684,-2.22686,0.351658,0,4.06301,-1.86,0.385146,4.83166,-2.20404,0.240782,0,3.78216,-1.86,0.093768,4.57037,-2.18195,-0.0467393,0,3.92521,-1.86,0.0977778,4.70113,-2.20554,-0.0511048,0,3.77185,-1.86,0.715182,4.54607,-2.18285,0.570969,0,3.55682,-1.86,0.104993,4.34322,-2.21172,-0.0354768,0,3.65008,-1.86,0.417595,4.43695,-2.17768,0.269285,0,
0.766683,3.85649,-3.2933,0.223561,4.66529,-3.62114,0.085512,3.84076,-1.86,0.628481,4.64574,-2.17759,0.487527,0,3.31293,-1.86,0.473727,4.10911,-2.18706,0.331084,0,3.30481,-1.86,0.126484,4.08825,-2.14065,-0.0197737,0,3.564,-1.86,0.354778,4.36326,-2.16079,0.213099,0,3.29481,-1.86,0.662945,4.07906,-2.11845,0.538691,0,3.98855,-1.86,0.518348,4.78532,-2.26915,0.346403,0,4.16298,-1.86,0.601687,4.95988,-2.18395,0.451055,0,3.68368,-1.86,0.667084,4.48395,-2.13844,0.534677,0,3.31012,-1.86,0.233238,4.10532,-2.18214,0.0950331,0,3.54607,-1.86,0.208163,4.34608,-2.17879,0.0665731,0,3.64414,-1.86,0.52794,4.44017,-2.17398,0.382377,0,3.53207,-1.86,0.510529,4.33254,-2.1978,0.361345,0,3.84882,-1.86,0.181049,4.64851,-2.19258,0.0276103,0,4.08734,-1.86,0.281718,4.88563,-2.18863,0.132366,0,3.93923,-1.86,0.702076,4.73068,-2.31521,0.515995,0,3.75941,-1.86,0.396605,4.5527,-2.21224,0.243162,0,3.20169,-1.86,0.581944,3.97167,-2.10349,0.462875,0,3.67172,-1.86,0.100592,4.46896,-2.23426,-0.0403766,0,3.5257,-1.86,0.700909,4.31332,-2.13022,0.575637,0,4.15399,-1.86,0.44449,4.93534,-2.25238,0.294141,0,3.43834,-1.86,0.605126,4.22406,-2.11924,0.483169,0,3.29456,-1.86,0.337844,4.09012,-2.18074,0.197041,0,4.13251,-1.86,0.127765,4.92533,-2.21949,-0.0221955,0,3.96382,-1.86,0.268945,4.76137,-2.18539,0.121051,0,3.43589,-1.86,0.156659,4.22576,-2.16392,0.0168462,0,3.45607,-1.86,0.43805,4.25293,-2.16588,0.298162,0,3.66608,-1.86,0.306397,4.4704,-2.20288,0.154707,0,4.01348,-1.86,0.171083,4.80189,-2.22664,0.0235251,0,4.0467,-1.86,0.608542,4.84314,-2.19857,0.46305,0,3.4065,-1.86,0.732588,4.1974,-2.1424,0.605439,0,4.14282,-1.86,0.706015,4.95485,-2.1734,0.561441,0,3.93911,-1.86,0.431463,4.75147,-2.16497,0.286382,0,3.76064,-1.86,0.542795,4.56593,-2.14058,0.413849,0,3.74501,-1.86,0.238049,4.54332,-2.20311,0.0912597,0,3.88126,-1.86,0.341061,4.68205,-2.18724,0.195543,0,3.44503,-1.86,0.285245,4.23425,-2.12548,0.152114,0,3.2053,-1.86,0.729451,3.97679,-2.08417,0.626512,0,3.87245,-1.86,0.509452,4.66651,-2.22493,0.350779,0,4.06301,-1.86,0.385146,4.84836,-2.21146,0.238662,0,3.78216,-1.86,0.093768,4.58847,-2.18267,-0.0485869,0,3.92521,-1.86,0.0977778,4.72086,-2.20769,-0.0519097,0,3.77185,-1.86,0.715182,4.56437,-2.18514,0.56817,0,3.55682,-1.86,0.104993,4.35717,-2.19879,-0.0360677,0,3.65008,-1.86,0.417595,4.45525,-2.17168,0.269748,0,
0.800017,3.86625,-3.29358,0.223201,4.67555,-3.62152,0.0852866,3.84076,-1.86,0.628481,4.63581,-2.1659,0.487525,0,3.31293,-1.86,0.473727,4.09584,-2.173,0.333225,0,3.30481,-1.86,0.126484,4.07519,-2.12863,-0.0205333,0,3.564,-1.86,0.354778,4.35308,-2.15291,0.21345,0,3.29481,-1.86,0.662945,4.0657,-2.1059,0.54175,0,3.98855,-1.86,0.518348,4.78022,-2.26267,0.344339,0,4.16298,-1.86,0.601687,4.95366,-2.1753,0.45325,0,3.68368,-1.86,0.667084,4.47567,-2.13179,0.536319,0,3.31012,-1.86,0.233238,4.09419,-2.17216,0.0941881,0,3.54607,-1.86,0.208163,4.33669,-2.17029,0.0650421,0,3.64414,-1.86,0.52794,4.43158,-2.16661,0.383537,0,3.53207,-1.86,0.510529,4.32334,-2.18208,0.366031,0,3.84882,-1.86,0.181049,4.64109,-2.1865,0.0259889,0,4.08734,-1.86,0.281718,4.87855,-2.17966,0.132312,0,3.93923,-1.86,0.702076,4.72907,-2.19385,0.555513,0,3.75941,-1.86,0.396605,4.54585,-2.20563,0.243517,0,3.20169,-1.86,0.581944,3.9563,-2.08965,0.462617,0,3.67172,-1.86,0.100592,4.45981,-2.21867,-0.0426592,0,3.5257,-1.86,0.700909,4.3041,-2.12151,0.578603,0,4.15399,-1.86,0.44449,4.93137,-2.23724,0.296502,0,3.43834,-1.86,0.605126,4.21262,-2.10849,0.484097,0,3.29456,-1.86,0.337844,4.07891,-2.17088,0.196941,0,4.13251,-1.86,0.127765,4.92001,-2.20514,-0.0240737,0,3.96382,-1.86,0.268945,4.75443,-2.17894,0.119805,0,3.43589,-1.86,0.156659,4.21484,-2.15308,0.014877,0,3.45607,-1.86,0.43805,4.24198,-2.15602,0.297699,0,3.66608,-1.86,0.306397,4.46108,-2.19612,0.1547,0,4.01348,-1.86,0.171083,4.79785,-2.21331,0.0238126,0,4.0467,-1.86,0.608542,4.83694,-2.18882,0.465136,0,3.4065,-1.86,0.732588,4.18555,-2.13273,0.60756,0,4.14282,-1.86,0.706015,4.9505,-2.15414,0.565559,0,3.93911,-1.86,0.431463,4.74475,-2.15218,0.28666,0,3.76064,-1.86,0.542795,4.56008,-2.13386,0.414346,0,3.74501,-1.86,0.238049,4.53597,-2.19645,0.0907634,0,3.88126,-1.86,0.341061,4.67529,-2.17512,0.195558,0,3.44503,-1.86,0.285245,4.22336,-2.1162,0.15162,0,3.2053,-1.86,0.729451,3.96322,-2.07315,0.6286,0,3.87245,-1.86,0.509452,4.65871,-2.21297,0.354165,0,4.06301,-1.86,0.385146,4.84198,-2.20382,0.239085,0,3.78216,-1.86,0.093768,4.58103,-2.17228,-0.050432,0,3.92521,-1.86,0.0977778,4.71441,-2.19707,-0.0537723,0,3.77185,-1.86,0.715182,4.55707,-2.17883,0.569355,0,3.55682,-1.86,0.104993,4.35009,-2.19073,-0.0396325,0,3.65008,-1.86,0.417595,4.44574,-2.15587,0.269359,0,
0.833351,3.86625,-3.29358,0.223201,4.6911,-3.62215,0.0849432,3.84076,-1.86,0.628481,4.63822,-2.16118,0.487155,0,3.31293,-1.86,0.473727,4.09939,-2.17676,0.332531,0,3.30481,-1.86,0.126484,4.07733,-2.13265,-0.0197188,0,3.564,-1.86,0.354778,4.35554,-2.15477,0.212182,0,3.29481,-1.86,0.662945,4.06976,-2.10934,0.540091,0,3.98855,-1.86,0.518348,4.78318,-2.26169,0.342474,0,4.16298,-1.86,0.601687,4.95553,-2.17341,0.451028,0,3.68368,-1.86,0.667084,4.47838,-2.13237,0.534437,0,3.31012,-1.86,0.233238,4.09666,-2.1745,0.0921801,0,3.54607,-1.86,0.208163,4.33716,-2.17285,0.0642452,0,3.64414,-1.86,0.52794,4.43544,-2.16772,0.38335,0,3.53207,-1.86,0.510529,4.32407,-2.17863,0.365542,0,3.84882,-1.86,0.181049,4.64309,-2.18663,0.0238969,0,4.08734,-1.86,0.281718,4.8797,-2.17848,0.130243,0,3.93923,-1.86,0.702076,4.73162,-2.17361,0.558291,0,3.75941,-1.86,0.396605,4.55027,-2.20591,0.241736,0,3.20169,-1.86,0.581944,3.96184,-2.09474,0.461349,0,3.67172,-1.86,0.100592,4.46193,-2.21985,-0.0434902,0,3.5257,-1.86,0.700909,4.30942,-2.12243,0.57588,0,4.15399,-1.86,0.44449,4.93559,-2.23013,0.295492,0,3.43834,-1.86,0.605126,4.21409,-2.1116,0.482698,0,3.29456,-1.86,0.337844,4.08165,-2.17386,0.197198,0,4.13251,-1.86,0.127765,4.92352,-2.19949,-0.0247271,0,3.96382,-1.86,0.268945,4.75808,-2.17099,0.12078,0,3.43589,-1.86,0.156659,4.21726,-2.15591,0.0144629,0,3.45607,-1.86,0.43805,4.24535,-2.15871,0.296721,0,3.66608,-1.86,0.306397,4.46275,-2.19736,0.153068,0,4.01348,-1.86,0.171083,4.79929,-2.20715,0.0214972,0,4.0467,-1.86,0.608542,4.83938,-2.18509,0.465012,0,3.4065,-1.86,0.732588,4.18789,-2.13194,0.607221,0,4.14282,-1.86,0.706015,4.95417,-2.1453,0.566217,0,3.93911,-1.86,0.431463,4.74595,-2.14694,0.285206,0,3.76064,-1.86,0.542795,4.56115,-2.13432,0.413124,0,3.74501,-1.86,0.238049,4.53743,-2.19723,0.0894548,0,3.88126,-1.86,0.341061,4.67623,-2.17032,0.193801,0,3.44503,-1.86,0.285245,4.22645,-2.11916,0.151656,0,3.2053,-1.86,0.729451,3.96722,-2.07711,0.629417,0,3.87245,-1.86,0.509452,4.66384,-2.20678,0.352073,0,4.06301,-1.86,0.385146,4.84367,-2.2019,0.236681,0,3.78216,-1.86,0.093768,4.57838,-2.17048,-0.0537054,0,3.92521,-1.86,0.0977778,4.71489,-2.19689,-0.0553194,0,3.77185,-1.86,0.715182,4.55978,-2.17473,0.569587,0,3.55682,-1.86,0.104993,4.35194,-2.19238,-0.0410413,0,3.65008,-1.86,0.417595,4.44697,-2.15093,0.268866,0,
0.866685,3.91301,-3.2942,0.223111,4.67555,-3.62152,0.0852866,3.84076,-1.86,0.628481,4.59673,-2.16457,0.488557,0,3.31293,-1.86,0.473727,4.05815,-2.1781,0.332416,0,3.30481,-1.86,0.126484,4.03538,-2.135,-0.0191977,0,3.564,-1.86,0.354778,4.31502,-2.15763,0.212911,0,3.29481,-1.86,0.662945,4.02659,-2.11088,0.541354,0,3.98855,-1.86,0.518348,4.74402,-2.26424,0.343466,0,4.16298,-1.86,0.601687,4.91598,-2.17548,0.451327,0,3.68368,-1.86,0.667084,4.43737,-2.13576,0.535112,0,3.31012,-1.86,0.233238,4.05625,-2.17651,0.0924025,0,3.54607,-1.86,0.208163,4.29642,-2.17631,0.0642099,0,3.64414,-1.86,0.52794,4.39467,-2.17102,0.384314,0,3.53207,-1.86,0.510529,4.28589,-2.18134,0.366915,0,3.84882,-1.86,0.181049,4.6029,-2.18974,0.0249221,0,4.08734,-1.86,0.281718,4.83818,-2.18075,0.131539,0,3.93923,-1.86,0.702076,4.6899,-2.17626,0.558169,0,3.75941,-1.86,0.396605,4.51128,-2.20908,0.242117,0,3.20169,-1.86,0.581944,3.91783,-2.09415,0.463153,0,3.67172,-1.86,0.100592,4.4251,-2.22239,-0.0420407,0,3.5257,-1.86,0.700909,4.26641,-2.12599,0.576665,0,4.15399,-1.86,0.44449,4.89466,-2.23196,0.296626,0,3.43834,-1.86,0.605126,4.17262,-2.11401,0.482691,0,3.29456,-1.86,0.337844,4.04074,-2.17579,0.197074,0,4.13251,-1.86,0.127765,4.88256,-2.2011,-0.0223716,0,3.96382,-1.86,0.268945,4.71868,-2.17388,0.121151,0,3.43589,-1.86,0.156659,4.17669,-2.15826,0.0146131,0,3.45607,-1.86,0.43805,4.20487,-2.16106,0.298136,0,3.66608,-1.86,0.306397,4.42274,-2.20057,0.153778,0,4.01348,-1.86,0.171083,4.75826,-2.21013,0.0231546,0,4.0467,-1.86,0.608542,4.79698,-2.18734,0.465211,0,3.4065,-1.86,0.732588,4.147,-2.13379,0.608762,0,4.14282,-1.86,0.706015,4.91055,-2.14645,0.565636,0,3.93911,-1.86,0.431463,4.70413,-2.14989,0.285497,0,3.76064,-1.86,0.542795,4.52009,-2.13742,0.412801,0,3.74501,-1.86,0.238049,4.496,-2.20066,0.0917489,0,3.88126,-1.86,0.341061,4.63478,-2.17346,0.194387,0,3.44503,-1.86,0.285245,4.18524,-2.12175,0.152449,0,3.2053,-1.86,0.729451,3.92486,-2.0777,0.630466,0,3.87245,-1.86,0.509452,4.62267,-2.20996,0.353226,0,4.06301,-1.86,0.385146,4.80291,-2.20444,0.237043,0,3.78216,-1.86,0.093768,4.53938,-2.1734,-0.0523527,0,3.92521,-1.86,0.0977778,4.67195,-2.19988,-0.0537492,0,3.77185,-1.86,0.715182,4.51914,-2.17847,0.571681,0,3.55682,-1.86,0.104993,4.31229,-2.19547,-0.0396868,0,3.65008,-1.86,0.417595,4.40672,-2.15365,0.267377,0,
0.900019,3.91301,-3.2942,0.223111,4.72281,-3.62289,0.0842591,3.84076,-1.86,0.628481,4.64547,-2.16365,0.483604,0,3.31293,-1.86,0.473727,4.1012,-2.1653,0.329011,0,3.30481,-1.86,0.126484,4.08022,-2.12444,-0.0227298,0,3.564,-1.86,0.354778,4.36108,-2.14707,0.210075,0,3.29481,-1.86,0.662945,4.0683,-2.08382,0.544708,0,3.98855,-1.86,0.518348,4.79105,-2.26754,0.338611,0,4.16298,-1.86,0.601687,4.96316,-2.18064,0.444294,0,3.68368,-1.86,0.667084,4.48496,-2.12848,0.532265,0,3.31012,-1.86,0.233238,4.09924,-2.16043,0.0889679,0,3.54607,-1.86,0.208163,4.34092,-2.16121,0.0604454,0,3.64414,-1.86,0.52794,4.44101,-2.16267,0.380533,0,3.53207,-1.86,0.510529,4.33394,-2.17021,0.365983,0,3.84882,-1.86,0.181049,4.64926,-2.191,0.0198719,0,4.08734,-1.86,0.281718,4.88372,-2.19239,0.126035,0,3.93923,-1.86,0.702076,4.7386,-2.17596,0.55222,0,3.75941,-1.86,0.396605,4.55807,-2.19441,0.238504,0,3.20169,-1.86,0.581944,3.95953,-2.07603,0.46216,0,3.67172,-1.86,0.100592,4.46862,-2.21451,-0.0473507,0,3.5257,-1.86,0.700909,4.31471,-2.12057,0.571355,0,4.15399,-1.86,0.44449,4.94218,-2.23708,0.290088,0,3.43834,-1.86,0.605126,4.21949,-2.10883,0.477507,0,3.29456,-1.86,0.337844,4.08383,-2.15873,0.193527,0,4.13251,-1.86,0.127765,4.92521,-2.20782,-0.0306683,0,3.96382,-1.86,0.268945,4.76267,-2.17714,0.116113,0,3.43589,-1.86,0.156659,4.22325,-2.15254,0.0103871,0,3.45607,-1.86,0.43805,4.24862,-2.14643,0.294736,0,3.66608,-1.86,0.306397,4.46797,-2.18267,0.149472,0,4.01348,-1.86,0.171083,4.80417,-2.2151,0.0182583,0,4.0467,-1.86,0.608542,4.8446,-2.19344,0.457229,0,3.4065,-1.86,0.732588,4.19419,-2.12541,0.605425,0,4.14282,-1.86,0.706015,4.95776,-2.15386,0.558612,0,3.93911,-1.86,0.431463,4.75193,-2.15412,0.279771,0,3.76064,-1.86,0.542795,4.5673,-2.12931,0.4092,0,3.74501,-1.86,0.238049,4.54137,-2.19364,0.0867181,0,3.88126,-1.86,0.341061,4.68187,-2.17559,0.188566,0,3.44503,-1.86,0.285245,4.23084,-2.11162,0.148607,0,3.2053,-1.86,0.729451,3.9662,-2.05702,0.630217,0,3.87245,-1.86,0.509452,4.66936,-2.2094,0.348837,0,4.06301,-1.86,0.385146,4.84953,-2.21307,0.230153,0,3.78216,-1.86,0.093768,4.58344,-2.1756,-0.0580676,0,3.92521,-1.86,0.0977778,4.71815,-2.20301,-0.0585817,0,3.77185,-1.86,0.715182,4.57083,-2.17539,0.565009,0,3.55682,-1.86,0.104993,4.35324,-2.17965,-0.0452911,0,3.65008,-1.86,0.417595,4.45366,-2.14802,0.262724,0,
0.933353,3.93978,-3.29443,0.222929,4.75039,-3.62342,0.0836675,3.84076,-1.86,0.628481,4.6567,-2.15927,0.486601,0,3.31293,-1.86,0.473727,4.11457,-2.16461,0.329898,0,3.30481,-1.86,0.126484,4.09351,-2.1247,-0.0213908,0,3.564,-1.86,0.354778,4.37198,-2.14231,0.210767,0,3.29481,-1.86,0.662945,4.07815,-2.07732,0.547513,0,3.98855,-1.86,0.518348,4.80488,-2.26298,0.339223,0,4.16298,-1.86,0.601687,4.97687,-2.17453,0.445621,0,3.68368,-1.86,0.667084,4.49615,-2.12297,0.534247,0,3.31012,-1.86,0.233238,4.11025,-2.15886,0.0903608,0,3.54607,-1.86,0.208163,4.35407,-2.15278,0.0609903,0,3.64414,-1.86,0.52794,4.45394,-2.15654,0.381797,0,3.53207,-1.86,0.510529,4.34409,-2.16557,0.364756,0,3.84882,-1.86,0.181049,4.6627,-2.18717,0.0193985,0,4.08734,-1.86,0.281718,4.89733,-2.18884,0.126381,0,3.93923,-1.86,0.702076,4.75181,-2.16836,0.553937,0,3.75941,-1.86,0.396605,4.56862,-2.18165,0.240536,0,3.20169,-1.86,0.581944,3.97088,-2.07514,0.461691,0,3.67172,-1.86,0.100592,4.4811,-2.20672,-0.0480777,0,3.5257,-1.86,0.700909,4.32813,-2.11957,0.572288,0,4.15399,-1.86,0.44449,4.95729,-2.22781,0.291218,0,3.43834,-1.86,0.605126,4.23202,-2.11162,0.476549,0,3.29456,-1.86,0.337844,4.09625,-2.15595,0.194504,0,4.13251,-1.86,0.127765,4.94199,-2.20386,-0.0337606,0,3.96382,-1.86,0.268945,4.77454,-2.17091,0.115684,0,3.43589,-1.86,0.156659,4.23651,-2.15287,0.0106473,0,3.45607,-1.86,0.43805,4.26029,-2.14189,0.29672,0,3.66608,-1.86,0.306397,4.47882,-2.17038,0.150281,0,4.01348,-1.86,0.171083,4.81819,-2.20848,0.0176435,0,4.0467,-1.86,0.608542,4.85771,-2.18817,0.458402,0,3.4065,-1.86,0.732588,4.20732,-2.12673,0.605805,0,4.14282,-1.86,0.706015,4.97161,-2.14659,0.56078,0,3.93911,-1.86,0.431463,4.76522,-2.14879,0.280764,0,3.76064,-1.86,0.542795,4.57955,-2.12091,0.411332,0,3.74501,-1.86,0.238049,4.5523,-2.18643,0.0846879,0,3.88126,-1.86,0.341061,4.69438,-2.17081,0.189704,0,3.44503,-1.86,0.285245,4.24278,-2.10953,0.149519,0,3.2053,-1.86,0.729451,3.97946,-2.05444,0.633247,0,3.87245,-1.86,0.509452,4.6822,-2.20282,0.349312,0,4.06301,-1.86,0.385146,4.86068,-2.20838,0.229371,0,3.78216,-1.86,0.093768,4.59583,-2.17314,-0.0585957,0,3.92521,-1.86,0.0977778,4.73243,-2.19913,-0.0594474,0,3.77185,-1.86,0.715182,4.58299,-2.17101,0.567315,0,3.55682,-1.86,0.104993,4.36417,-2.17139,-0.0458014,0,3.65008,-1.86,0.417595,4.46453,-2.14429,0.262944,0,
0.966688,3.93978,-3.29443,0.222929,4.76575,-3.62373,0.0833375,3.84076,-1.86,0.628481,4.65667,-2.16395,0.483187,0,3.31293,-1.86,0.473727,4.11928,-2.17416,0.327752,0,3.30481,-1.86,0.126484,4.09968,-2.13748,-0.0231484,0,3.564,-1.86,0.354778,4.37395,-2.14994,0.209051,0,3.29481,-1.86,0.662945,4.08039,-2.08377,0.542791,0,3.98855,-1.86,0.518348,4.80574,-2.26646,0.337562,0,4.16298,-1.86,0.601687,4.97631,-2.17852,0.444621,0,3.68368,-1.86,0.667084,4.49715,-2.1288,0.531405,0,3.31012,-1.86,0.233238,4.11583,-2.16899,0.0880076,0,3.54607,-1.86,0.208163,4.35545,-2.15746,0.0610268,0,3.64414,-1.86,0.52794,4.45363,-2.16266,0.378843,0,3.53207,-1.86,0.510529,4.34699,-2.17045,0.362209,0,3.84882,-1.86,0.181049,4.66199,-2.18754,0.0218691,0,4.08734,-1.86,0.281718,4.89958,-2.19296,0.124428,0,3.93923,-1.86,0.702076,4.75236,-2.17311,0.551859,0,3.75941,-1.86,0.396605,4.56965,-2.18199,0.239437,0,3.20169,-1.86,0.581944,3.97661,-2.08842,0.457925,0,3.67172,-1.86,0.100592,4.4837,-2.20996,-0.0488298,0,3.5257,-1.86,0.700909,4.33061,-2.12828,0.568364,0,4.15399,-1.86,0.44449,4.95624,-2.23107,0.28739,0,3.43834,-1.86,0.605126,4.23586,-2.12531,0.471775,0,3.29456,-1.86,0.337844,4.10038,-2.16402,0.19336,0,4.13251,-1.86,0.127765,4.94363,-2.20693,-0.0345699,0,3.96382,-1.86,0.268945,4.7772,-2.17651,0.115726,0,3.43589,-1.86,0.156659,4.24108,-2.1643,0.0106823,0,3.45607,-1.86,0.43805,4.26352,-2.14847,0.294689,0,3.66608,-1.86,0.306397,4.47955,-2.17174,0.148642,0,4.01348,-1.86,0.171083,4.82001,-2.21336,0.0168128,0,4.0467,-1.86,0.608542,4.857,-2.19352,0.45352,0,3.4065,-1.86,0.732588,4.21014,-2.13744,0.600283,0,4.14282,-1.86,0.706015,4.9711,-2.15017,0.558539,0,3.93911,-1.86,0.431463,4.76466,-2.15469,0.278387,0,3.76064,-1.86,0.542795,4.57857,-2.12549,0.408154,0,3.74501,-1.86,0.238049,4.55457,-2.19166,0.0841372,0,3.88126,-1.86,0.341061,4.69619,-2.17653,0.188731,0,3.44503,-1.86,0.285245,4.24617,-2.11956,0.146925,0,3.2053,-1.86,0.729451,3.98185,-2.06157,0.628492,0,3.87245,-1.86,0.509452,4.68679,-2.20605,0.348246,0,4.06301,-1.86,0.385146,4.86117,-2.21605,0.22754,0,3.78216,-1.86,0.093768,4.599,-2.18041,-0.0584722,0,3.92521,-1.86,0.0977778,4.73586,-2.20344,-0.0618495,0,3.77185,-1.86,0.715182,4.58453,-2.17526,0.564821,0,3.55682,-1.86,0.104993,4.36603,-2.17617,-0.0465764,0,3.65008,-1.86,0.417595,4.46681,-2.15055,0.2611,0,
1.00002,3.96664,-3.29479,0.222767,4.77814,-3.62403,0.0830699,3.84076,-1.86,0.628481,4.65508,-2.16335,0.484867,0,3.31293,-1.86,0.473727,4.11491,-2.16625,0.330139,0,3.30481,-1.86,0.126484,4.09522,-2.13043,-0.0220212,0,3.564,-1.86,0.354778,4.37116,-2.1443,0.211151,0,3.29481,-1.86,0.662945,4.07529,-2.07483,0.546159,0,3.98855,-1.86,0.518348,4.80484,-2.26713,0.337453,0,4.16298,-1.86,0.601687,4.97365,-2.1853,0.444013,0,3.68368,-1.86,0.667084,4.49479,-2.12552,0.533497,0,3.31012,-1.86,0.233238,4.1104,-2.15932,0.0895235,0,3.54607,-1.86,0.208163,4.35113,-2.15046,0.0604396,0,3.64414,-1.86,0.52794,4.45014,-2.15876,0.379754,0,3.53207,-1.86,0.510529,4.34227,-2.16272,0.36603,0,3.84882,-1.86,0.181049,4.66037,-2.18362,0.0222488,0,4.08734,-1.86,0.281718,4.90059,-2.19494,0.126612,0,3.93923,-1.86,0.702076,4.75112,-2.17335,0.552332,0,3.75941,-1.86,0.396605,4.56509,-2.17588,0.240679,0,3.20169,-1.86,0.581944,3.97088,-2.08072,0.460925,0,3.67172,-1.86,0.100592,4.48123,-2.20333,-0.0495971,0,3.5257,-1.86,0.700909,4.32716,-2.1244,0.570186,0,4.15399,-1.86,0.44449,4.95885,-2.23344,0.284872,0,3.43834,-1.86,0.605126,4.23222,-2.12334,0.475531,0,3.29456,-1.86,0.337844,4.09525,-2.15461,0.195135,0,4.13251,-1.86,0.127765,4.94209,-2.20924,-0.0338438,0,3.96382,-1.86,0.268945,4.77541,-2.17746,0.115742,0,3.43589,-1.86,0.156659,4.23731,-2.15896,0.0115089,0,3.45607,-1.86,0.43805,4.259,-2.14061,0.296911,0,3.66608,-1.86,0.306397,4.47716,-2.16384,0.150064,0,4.01348,-1.86,0.171083,4.81865,-2.21434,0.0163819,0,4.0467,-1.86,0.608542,4.85555,-2.19641,0.452273,0,3.4065,-1.86,0.732588,4.20934,-2.13253,0.603251,0,4.14282,-1.86,0.706015,4.96817,-2.15542,0.557429,0,3.93911,-1.86,0.431463,4.76239,-2.1563,0.278748,0,3.76064,-1.86,0.542795,4.57893,-2.12238,0.410627,0,3.74501,-1.86,0.238049,4.55271,-2.18812,0.0846843,0,3.88126,-1.86,0.341061,4.69439,-2.17654,0.188766,0,3.44503,-1.86,0.285245,4.24178,-2.11361,0.147766,0,3.2053,-1.86,0.729451,3.97632,-2.05401,0.632261,0,3.87245,-1.86,0.509452,4.68537,-2.2039,0.350217,0,4.06301,-1.86,0.385146,4.86117,-2.21949,0.227183,0,3.78216,-1.86,0.093768,4.59615,-2.18026,-0.058417,0,3.92521,-1.86,0.0977778,4.73467,-2.20316,-0.061894,0,3.77185,-1.86,0.715182,4.58409,-2.17278,0.569311,0,3.55682,-1.86,0.104993,4.36299,-2.16828,-0.0462197,0,3.65008,-1.86,0.417595,4.46411,-2.14617,0.262726,0,
1.03336,3.99209,-3.29511,0.222624,4.79357,-3.62438,0.0827372,3.84076,-1.86,0.628481,4.65663,-2.16957,0.481303,0,3.31293,-1.86,0.473727,4.12202,-2.17564,0.327071,0,3.30481,-1.86,0.126484,4.10194,-2.14272,-0.0211807,0,3.564,-1.86,0.354778,4.3756,-2.15271,0.210381,0,3.29481,-1.86,0.662945,4.08236,-2.08315,0.543617,0,3.98855,-1.86,0.518348,4.80772,-2.27,0.335876,0,4.16298,-1.86,0.601687,4.97656,-2.18687,0.442512,0,3.68368,-1.86,0.667084,4.49788,-2.13318,0.530621,0,3.31012,-1.86,0.233238,4.1149,-2.17075,0.0879339,0,3.54607,-1.86,0.208163,4.35326,-2.15896,0.0598354,0,3.64414,-1.86,0.52794,4.45503,-2.16616,0.377923,0,3.53207,-1.86,0.510529,4.34768,-2.16864,0.365344,0,3.84882,-1.86,0.181049,4.66293,-2.18956,0.0214259,0,4.08734,-1.86,0.281718,4.90348,-2.19716,0.12545,0,3.93923,-1.86,0.702076,4.75438,-2.17878,0.549462,0,3.75941,-1.86,0.396605,4.56832,-2.18026,0.23963,0,3.20169,-1.86,0.581944,3.97955,-2.09273,0.45717,0,3.67172,-1.86,0.100592,4.48261,-2.20908,-0.0482881,0,3.5257,-1.86,0.700909,4.33311,-2.13343,0.567199,0,4.15399,-1.86,0.44449,4.96019,-2.23482,0.285434,0,3.43834,-1.86,0.605126,4.23985,-2.13542,0.472318,0,3.29456,-1.86,0.337844,4.10221,-2.16324,0.192923,0,4.13251,-1.86,0.127765,4.94486,-2.21162,-0.0347305,0,3.96382,-1.86,0.268945,4.7759,-2.18383,0.114248,0,3.43589,-1.86,0.156659,4.24343,-2.16983,0.0119934,0,3.45607,-1.86,0.43805,4.26457,-2.14899,0.295121,0,3.66608,-1.86,0.306397,4.48024,-2.16868,0.149799,0,4.01348,-1.86,0.171083,4.82159,-2.21758,0.0154585,0,4.0467,-1.86,0.608542,4.85851,-2.19889,0.450536,0,3.4065,-1.86,0.732588,4.21787,-2.13988,0.601017,0,4.14282,-1.86,0.706015,4.97115,-2.15707,0.555764,0,3.93911,-1.86,0.431463,4.76505,-2.15971,0.27665,0,3.76064,-1.86,0.542795,4.58194,-2.1288,0.408101,0,3.74501,-1.86,0.238049,4.55788,-2.19462,0.0847339,0,3.88126,-1.86,0.341061,4.69736,-2.18296,0.186684,0,3.44503,-1.86,0.285245,4.24659,-2.12447,0.147263,0,3.2053,-1.86,0.729451,3.98116,-2.06514,0.627653,0,3.87245,-1.86,0.509452,4.68902,-2.20759,0.347719,0,4.06301,-1.86,0.385146,4.86356,-2.22206,0.226361,0,3.78216,-1.86,0.093768,4.59928,-2.18857,-0.0586744,0,3.92521,-1.86,0.0977778,4.73478,-2.20683,-0.0599621,0,3.77185,-1.86,0.715182,4.58717,-2.17773,0.566396,0,3.55682,-1.86,0.104993,4.36797,-2.1749,-0.045703,0,3.65008,-1.86,0.417595,4.46831,-2.15349,0.261254,0,
1.06669,4.00123,-3.29539,0.222344,4.80457,-3.62457,0.0825019,3.84076,-1.86,0.628481,4.6532,-2.17428,0.479862,0,3.31293,-1.86,0.473727,4.11737,-2.17253,0.32576,0,3.30481,-1.86,0.126484,4.0976,-2.14202,-0.0232722,0,3.564,-1.86,0.354778,4.37196,-2.15365,0.209327,0,3.29481,-1.86,0.662945,4.07564,-2.08083,0.542798,0,3.98855,-1.86,0.518348,4.80483,-2.27271,0.335413,0,4.16298,-1.86,0.601687,4.97117,-2.19153,0.442448,0,3.68368,-1.86,0.667084,4.49408,-2.13612,0.528206,0,3.31012,-1.86,0.233238,4.11082,-2.1697,0.0859466,0,3.54607,-1.86,0.208163,4.35188,-2.15844,0.0590315,0,3.64414,-1.86,0.52794,4.45137,-2.16778,0.376663,0,3.53207,-1.86,0.510529,4.34382,-2.16559,0.36496,0,3.84882,-1.86,0.181049,4.65969,-2.19069,0.0210336,0,4.08734,-1.86,0.281718,4.89915,-2.20134,0.125709,0,3.93923,-1.86,0.702076,4.74973,-2.18494,0.547544,0,3.75941,-1.86,0.396605,4.56515,-2.18141,0.239054,0,3.20169,-1.86,0.581944,3.97564,-2.08905,0.456102,0,3.67172,-1.86,0.100592,4.48092,-2.20911,-0.0497045,0,3.5257,-1.86,0.700909,4.32826,-2.13447,0.565776,0,4.15399,-1.86,0.44449,4.95539,-2.24207,0.285163,0,3.43834,-1.86,0.605126,4.23589,-2.13635,0.470423,0,3.29456,-1.86,0.337844,4.0967,-2.15908,0.190696,0,4.13251,-1.86,0.127765,4.94109,-2.21619,-0.0337567,0,3.96382,-1.86,0.268945,4.77095,-2.19107,0.11374,0,3.43589,-1.86,0.156659,4.24073,-2.16915,0.0104422,0,3.45607,-1.86,0.43805,4.26003,-2.14737,0.294386,0,3.66608,-1.86,0.306397,4.47565,-2.16914,0.15184,0,4.01348,-1.86,0.171083,4.81822,-2.22074,0.0161915,0,4.0467,-1.86,0.608542,4.85405,-2.20231,0.450229,0,3.4065,-1.86,0.732588,4.21255,-2.13913,0.599264,0,4.14282,-1.86,0.706015,4.96579,-2.16151,0.555448,0,3.93911,-1.86,0.431463,4.76129,-2.16213,0.276399,0,3.76064,-1.86,0.542795,4.57643,-2.13328,0.407833,0,3.74501,-1.86,0.238049,4.55502,-2.1974,0.085311,0,3.88126,-1.86,0.341061,4.69445,-2.18825,0.186887,0,3.44503,-1.86,0.285245,4.24231,-2.12497,0.146799,0,3.2053,-1.86,0.729451,3.97667,-2.06378,0.627116,0,3.87245,-1.86,0.509452,4.68448,-2.20901,0.347331,0,4.06301,-1.86,0.385146,4.86094,-2.22586,0.226828,0,3.78216,-1.86,0.093768,4.59662,-2.19339,-0.0586393,0,3.92521,-1.86,0.0977778,4.73152,-2.20895,-0.0604046,0,3.77185,-1.86,0.715182,4.583,-2.18013,0.565874,0,3.55682,-1.86,0.104993,4.36442,-2.17443,-0.0462005,0,3.65008,-1.86,0.417595,4.464,-2.1517,0.260493,0,
1.10002,4.00123,-3.29539,0.222344,4.8147,-3.62476,0.0822849,3.84076,-1.86,0.628481,4.64783,-2.16514,0.47954,0,3.31293,-1.86,0.473727,4.11059,-2.16494,0.326036,0,3.30481,-1.86,0.126484,4.09049,-2.13589,-0.0246669,0,3.564,-1.86,0.354778,4.3665,-2.14415,0.208602,0,3.29481,-1.86,0.662945,4.06775,-2.07585,0.544242,0,3.98855,-1.86,0.518348,4.80293,-2.26209,0.334956,0,4.16298,-1.86,0.601687,4.9696,-2.18194,0.44332,0,3.68368,-1.86,0.667084,4.48965,-2.12728,0.530346,0,3.31012,-1.86,0.233238,4.10561,-2.15995,0.0870819,0,3.54607,-1.86,0.208163,4.34566,-2.14702,0.057325,0,3.64414,-1.86,0.52794,4.44372,-2.15921,0.378485,0,3.53207,-1.86,0.510529,4.338,-2.154,0.366176,0,3.84882,-1.86,0.181049,4.65421,-2.17901,0.0185578,0,4.08734,-1.86,0.281718,4.89668,-2.19088,0.123564,0,3.93923,-1.86,0.702076,4.74775,-2.1757,0.54896,0,3.75941,-1.86,0.396605,4.56331,-2.16888,0.239788,0,3.20169,-1.86,0.581944,3.97239,-2.08123,0.458102,0,3.67172,-1.86,0.100592,4.47437,-2.19747,-0.0521143,0,3.5257,-1.86,0.700909,4.32313,-2.12651,0.566757,0,4.15399,-1.86,0.44449,4.95426,-2.23263,0.284929,0,3.43834,-1.86,0.605126,4.23053,-2.13069,0.47038,0,3.29456,-1.86,0.337844,4.08972,-2.15118,0.191342,0,4.13251,-1.86,0.127765,4.93877,-2.20632,-0.0365334,0,3.96382,-1.86,0.268945,4.76726,-2.1823,0.111228,0,3.43589,-1.86,0.156659,4.23382,-2.16089,0.00959799,0,3.45607,-1.86,0.43805,4.25396,-2.13807,0.295233,0,3.66608,-1.86,0.306397,4.47034,-2.15762,0.150864,0,4.01348,-1.86,0.171083,4.81452,-2.20977,0.0132196,0,4.0467,-1.86,0.608542,4.85343,-2.19134,0.449969,0,3.4065,-1.86,0.732588,4.20514,-2.13307,0.60082,0,4.14282,-1.86,0.706015,4.96474,-2.15199,0.556397,0,3.93911,-1.86,0.431463,4.75828,-2.15052,0.276386,0,3.76064,-1.86,0.542795,4.57213,-2.12329,0.407286,0,3.74501,-1.86,0.238049,4.55042,-2.18686,0.0838447,0,3.88126,-1.86,0.341061,4.68995,-2.17862,0.185054,0,3.44503,-1.86,0.285245,4.23784,-2.11616,0.147398,0,3.2053,-1.86,0.729451,3.97111,-2.0558,0.629339,0,3.87245,-1.86,0.509452,4.68128,-2.19775,0.348441,0,4.06301,-1.86,0.385146,4.85727,-2.21475,0.225649,0,3.78216,-1.86,0.093768,4.59214,-2.18485,-0.0604326,0,3.92521,-1.86,0.0977778,4.72844,-2.19754,-0.0626837,0,3.77185,-1.86,0.715182,4.57914,-2.16917,0.567446,0,3.55682,-1.86,0.104993,4.35723,-2.16476,-0.047996,0,3.65008,-1.86,0.417595,4.4586,-2.13981,0.261445,0,
1.13336,4.00123,-3.29539,0.222344,4.83004,-3.62503,0.0819562,3.84076,-1.86,0.628481,4.64733,-2.17248,0.475455,0,3.31293,-1.86,0.473727,4.11579,-2.17859,0.324129,0,3.30481,-1.86,0.126484,4.09852,-2.15011,-0.0236713,0,3.564,-1.86,0.354778,4.37358,-2.15379,0.206832,0,3.29481,-1.86,0.662945,4.07384,-2.09055,0.539871,0,3.98855,-1.86,0.518348,4.80543,-2.26491,0.334883,0,4.16298,-1.86,0.601687,4.97013,-2.18212,0.443795,0,3.68368,-1.86,0.667084,4.49174,-2.13664,0.527544,0,3.31012,-1.86,0.233238,4.11146,-2.17158,0.0884547,0,3.54607,-1.86,0.208163,4.34968,-2.15785,0.058019,0,3.64414,-1.86,0.52794,4.44667,-2.16946,0.374157,0,3.53207,-1.86,0.510529,4.34144,-2.1629,0.363921,0,3.84882,-1.86,0.181049,4.65637,-2.18425,0.0192694,0,4.08734,-1.86,0.281718,4.89767,-2.19224,0.124537,0,3.93923,-1.86,0.702076,4.74827,-2.18015,0.546337,0,3.75941,-1.86,0.396605,4.56167,-2.17594,0.237715,0,3.20169,-1.86,0.581944,3.9826,-2.09302,0.455373,0,3.67172,-1.86,0.100592,4.47777,-2.20523,-0.0509149,0,3.5257,-1.86,0.700909,4.32682,-2.13756,0.563183,0,4.15399,-1.86,0.44449,4.9557,-2.23235,0.28313,0,3.43834,-1.86,0.605126,4.23888,-2.1435,0.466896,0,3.29456,-1.86,0.337844,4.09694,-2.16262,0.190987,0,4.13251,-1.86,0.127765,4.93984,-2.20683,-0.035425,0,3.96382,-1.86,0.268945,4.77018,-2.18775,0.110996,0,3.43589,-1.86,0.156659,4.23958,-2.17394,0.00971596,0,3.45607,-1.86,0.43805,4.25879,-2.14892,0.291206,0,3.66608,-1.86,0.306397,4.47229,-2.16573,0.150484,0,4.01348,-1.86,0.171083,4.81656,-2.21247,0.0133053,0,4.0467,-1.86,0.608542,4.85335,-2.19754,0.449421,0,3.4065,-1.86,0.732588,4.20999,-2.14603,0.596863,0,4.14282,-1.86,0.706015,4.96576,-2.15229,0.556938,0,3.93911,-1.86,0.431463,4.75794,-2.15437,0.276422,0,3.76064,-1.86,0.542795,4.57304,-2.13176,0.406002,0,3.74501,-1.86,0.238049,4.5529,-2.19456,0.0838133,0,3.88126,-1.86,0.341061,4.69056,-2.18509,0.184593,0,3.44503,-1.86,0.285245,4.24213,-2.12858,0.147407,0,3.2053,-1.86,0.729451,3.97866,-2.06871,0.624265,0,3.87245,-1.86,0.509452,4.68275,-2.20225,0.347584,0,4.06301,-1.86,0.385146,4.85826,-2.21694,0.226426,0,3.78216,-1.86,0.093768,4.59628,-2.19279,-0.0574523,0,3.92521,-1.86,0.0977778,4.73074,-2.20157,-0.0623227,0,3.77185,-1.86,0.715182,4.58067,-2.17521,0.564892,0,3.55682,-1.86,0.104993,4.36115,-2.17544,-0.0475725,0,3.65008,-1.86,0.417595,4.46108,-2.14781,0.259936,0,
1.16669,4.04715,-3.29573,0.2224,4.8147,-3.62476,0.0822849,3.84076,-1.86,0.628481,4.62003,-2.1741,0.477286,0,3.31293,-1.86,0.473727,4.08601,-2.17848,0.323193,0,3.30481,-1.86,0.126484,4.06804,-2.14818,-0.0246828,0,3.564,-1.86,0.354778,4.34268,-2.15369,0.206367,0,3.29481,-1.86,0.662945,4.04251,-2.08898,0.539115,0,3.98855,-1.86,0.518348,4.77658,-2.26677,0.333577,0,4.16298,-1.86,0.601687,4.94168,-2.18456,0.44123,0,3.68368,-1.86,0.667084,4.46168,-2.13726,0.526735,0,3.31012,-1.86,0.233238,4.08243,-2.17107,0.0890271,0,3.54607,-1.86,0.208163,4.31822,-2.15846,0.0586738,0,3.64414,-1.86,0.52794,4.41809,-2.16942,0.374539,0,3.53207,-1.86,0.510529,4.31181,-2.16287,0.363911,0,3.84882,-1.86,0.181049,4.628,-2.18573,0.0195246,0,4.08734,-1.86,0.281718,4.86786,-2.19494,0.12456,0,3.93923,-1.86,0.702076,4.71774,-2.18213,0.546473,0,3.75941,-1.86,0.396605,4.52952,-2.1778,0.236883,0,3.20169,-1.86,0.581944,3.95385,-2.091,0.455634,0,3.67172,-1.86,0.100592,4.44699,-2.20598,-0.0510458,0,3.5257,-1.86,0.700909,4.29664,-2.13743,0.562575,0,4.15399,-1.86,0.44449,4.9251,-2.23436,0.283925,0,3.43834,-1.86,0.605126,4.20825,-2.14219,0.466635,0,3.29456,-1.86,0.337844,4.06571,-2.16117,0.190018,0,4.13251,-1.86,0.127765,4.91027,-2.20979,-0.0355266,0,3.96382,-1.86,0.268945,4.73997,-2.19005,0.110555,0,3.43589,-1.86,0.156659,4.20935,-2.17362,0.00935804,0,3.45607,-1.86,0.43805,4.22864,-2.14882,0.290714,0,3.66608,-1.86,0.306397,4.44277,-2.1664,0.150541,0,4.01348,-1.86,0.171083,4.78726,-2.21493,0.0130681,0,4.0467,-1.86,0.608542,4.82401,-2.19966,0.448327,0,3.4065,-1.86,0.732588,4.17898,-2.14508,0.595992,0,4.14282,-1.86,0.706015,4.93519,-2.15458,0.555601,0,3.93911,-1.86,0.431463,4.72774,-2.15635,0.275671,0,3.76064,-1.86,0.542795,4.54243,-2.13277,0.404685,0,3.74501,-1.86,0.238049,4.52128,-2.19612,0.0827344,0,3.88126,-1.86,0.341061,4.66097,-2.18686,0.184547,0,3.44503,-1.86,0.285245,4.21225,-2.12909,0.146939,0,3.2053,-1.86,0.729451,3.94752,-2.06753,0.624506,0,3.87245,-1.86,0.509452,4.65451,-2.20393,0.348737,0,4.06301,-1.86,0.385146,4.82897,-2.2193,0.224548,0,3.78216,-1.86,0.093768,4.56786,-2.19398,-0.0563137,0,3.92521,-1.86,0.0977778,4.7016,-2.20369,-0.0624372,0,3.77185,-1.86,0.715182,4.54903,-2.17624,0.563817,0,3.55682,-1.86,0.104993,4.33101,-2.17551,-0.0478823,0,3.65008,-1.86,0.417595,4.43054,-2.14854,0.259902,0,
1.20003,4.04715,-3.29573,0.2224,4.8611,-3.62562,0.0812901,3.84076,-1.86,0.628481,4.65106,-2.17544,0.474903,0,3.31293,-1.86,0.473727,4.1189,-2.18232,0.325187,0,3.30481,-1.86,0.126484,4.10224,-2.15327,-0.0229617,0,3.564,-1.86,0.354778,4.37411,-2.15671,0.206936,0,3.29481,-1.86,0.662945,4.0771,-2.09419,0.539228,0,3.98855,-1.86,0.518348,4.80997,-2.26675,0.334462,0,4.16298,-1.86,0.601687,4.97428,-2.18445,0.44229,0,3.68368,-1.86,0.667084,4.49347,-2.13928,0.526184,0,3.31012,-1.86,0.233238,4.11433,-2.17523,0.0889523,0,3.54607,-1.86,0.208163,4.35138,-2.16064,0.0620727,0,3.64414,-1.86,0.52794,4.45068,-2.17107,0.375777,0,3.53207,-1.86,0.510529,4.34403,-2.16286,0.363871,0,3.84882,-1.86,0.181049,4.65799,-2.18582,0.0194677,0,4.08734,-1.86,0.281718,4.90024,-2.19463,0.124,0,3.93923,-1.86,0.702076,4.75038,-2.18192,0.545159,0,3.75941,-1.86,0.396605,4.56182,-2.17761,0.236797,0,3.20169,-1.86,0.581944,3.988,-2.09643,0.456558,0,3.67172,-1.86,0.100592,4.48004,-2.20568,-0.0509223,0,3.5257,-1.86,0.700909,4.32992,-2.14025,0.562799,0,4.15399,-1.86,0.44449,4.95648,-2.23359,0.284947,0,3.43834,-1.86,0.605126,4.24235,-2.14783,0.465984,0,3.29456,-1.86,0.337844,4.09951,-2.16544,0.191155,0,4.13251,-1.86,0.127765,4.94284,-2.20933,-0.0347879,0,3.96382,-1.86,0.268945,4.77197,-2.191,0.110895,0,3.43589,-1.86,0.156659,4.24161,-2.17744,0.00988401,0,3.45607,-1.86,0.43805,4.26132,-2.15127,0.290834,0,3.66608,-1.86,0.306397,4.47505,-2.16631,0.150402,0,4.01348,-1.86,0.171083,4.81743,-2.2154,0.0152872,0,4.0467,-1.86,0.608542,4.85462,-2.20217,0.449282,0,3.4065,-1.86,0.732588,4.21185,-2.14899,0.595794,0,4.14282,-1.86,0.706015,4.96574,-2.15504,0.557558,0,3.93911,-1.86,0.431463,4.76022,-2.15619,0.276671,0,3.76064,-1.86,0.542795,4.57462,-2.1344,0.404864,0,3.74501,-1.86,0.238049,4.55274,-2.19686,0.0825716,0,3.88126,-1.86,0.341061,4.69296,-2.18763,0.184887,0,3.44503,-1.86,0.285245,4.24586,-2.1325,0.146656,0,3.2053,-1.86,0.729451,3.98212,-2.07474,0.623813,0,3.87245,-1.86,0.509452,4.68622,-2.20251,0.349466,0,4.06301,-1.86,0.385146,4.86195,-2.21905,0.224947,0,3.78216,-1.86,0.093768,4.60088,-2.19497,-0.0559672,0,3.92521,-1.86,0.0977778,4.73449,-2.203,-0.0600054,0,3.77185,-1.86,0.715182,4.58091,-2.17635,0.564361,0,3.55682,-1.86,0.104993,4.36367,-2.17678,-0.0469789,0,3.65008,-1.86,0.417595,4.46205,-2.14941,0.259728,0,
1.23336,4.07354,-3.29597,0.222275,4.88855,-3.62606,0.0807039,3.84076,-1.86,0.628481,4.66475,-2.17442,0.477328,0,3.31293,-1.86,0.473727,4.13031,-2.17904,0.324605,0,3.30481,-1.86,0.126484,4.1134,-2.15079,-0.0234464,0,3.564,-1.86,0.354778,4.38784,-2.15343,0.207013,0,3.29481,-1.86,0.662945,4.08879,-2.08949,0.538553,0,3.98855,-1.86,0.518348,4.82407,-2.26564,0.33392,0,4.16298,-1.86,0.601687,4.9871,-2.18391,0.442203,0,3.68368,-1.86,0.667084,4.50474,-2.13803,0.526399,0,3.31012,-1.86,0.233238,4.12572,-2.17418,0.0868683,0,3.54607,-1.86,0.208163,4.36318,-2.15702,0.0622578,0,3.64414,-1.86,0.52794,4.46187,-2.16963,0.375571,0,3.53207,-1.86,0.510529,4.35648,-2.1579,0.364521,0,3.84882,-1.86,0.181049,4.67095,-2.18415,0.0196145,0,4.08734,-1.86,0.281718,4.91354,-2.19384,0.124264,0,3.93923,-1.86,0.702076,4.76319,-2.18095,0.546175,0,3.75941,-1.86,0.396605,4.57109,-2.17467,0.238052,0,3.20169,-1.86,0.581944,3.99895,-2.09387,0.455776,0,3.67172,-1.86,0.100592,4.49019,-2.20212,-0.0513159,0,3.5257,-1.86,0.700909,4.34064,-2.13805,0.563379,0,4.15399,-1.86,0.44449,4.97222,-2.23313,0.283326,0,3.43834,-1.86,0.605126,4.25153,-2.14755,0.465877,0,3.29456,-1.86,0.337844,4.10966,-2.16112,0.191236,0,4.13251,-1.86,0.127765,4.954,-2.2087,-0.0363078,0,3.96382,-1.86,0.268945,4.78562,-2.18969,0.110632,0,3.43589,-1.86,0.156659,4.25355,-2.17496,0.00996967,0,3.45607,-1.86,0.43805,4.27241,-2.14778,0.29111,0,3.66608,-1.86,0.306397,4.4872,-2.1627,0.150828,0,4.01348,-1.86,0.171083,4.83321,-2.21414,0.0155952,0,4.0467,-1.86,0.608542,4.86683,-2.20113,0.448826,0,3.4065,-1.86,0.732588,4.22269,-2.1464,0.597113,0,4.14282,-1.86,0.706015,4.97803,-2.15447,0.557002,0,3.93911,-1.86,0.431463,4.77283,-2.15478,0.275554,0,3.76064,-1.86,0.542795,4.58599,-2.13314,0.404949,0,3.74501,-1.86,0.238049,4.56318,-2.19473,0.0822231,0,3.88126,-1.86,0.341061,4.70556,-2.18602,0.183009,0,3.44503,-1.86,0.285245,4.255,-2.13109,0.146278,0,3.2053,-1.86,0.729451,3.99161,-2.07341,0.6242,0,3.87245,-1.86,0.509452,4.69708,-2.2011,0.348826,0,4.06301,-1.86,0.385146,4.87518,-2.21805,0.22428,0,3.78216,-1.86,0.093768,4.61324,-2.19341,-0.0564197,0,3.92521,-1.86,0.0977778,4.74757,-2.20173,-0.0609516,0,3.77185,-1.86,0.715182,4.59291,-2.17403,0.567176,0,3.55682,-1.86,0.104993,4.37555,-2.17339,-0.0481155,0,3.65008,-1.86,0.417595,4.47401,-2.14703,0.259783,0,
1.26669,4.07354,-3.29597,0.222275,4.90383,-3.6263,0.0803777,3.84076,-1.86,0.628481,4.66674,-2.18281,0.475344,1,3.31293,-1.86,0.473727,4.13809,-2.18961,0.321879,1,3.30481,-1.86,0.126484,4.1216,-2.16431,-0.0225173,1,3.564,-1.86,0.354778,4.39114,-2.16372,0.205879,1,3.29481,-1.86,0.662945,4.09584,-2.1029,0.534559,1,3.98855,-1.86,0.518348,4.82641,-2.27265,0.33258,1,4.16298,-1.86,0.601687,4.98779,-2.1901,0.440632,1,3.68368,-1.86,0.667084,4.50926,-2.14911,0.523594,1,3.31012,-1.86,0.233238,4.1327,-2.18682,0.0861337,1,3.54607,-1.86,0.208163,4.36804,-2.16756,0.0623663,1,3.64414,-1.86,0.52794,4.46775,-2.17865,0.37096,1,3.53207,-1.86,0.510529,4.36362,-2.16558,0.362513,1,3.84882,-1.86,0.181049,4.67382,-2.1927,0.0194283,1,4.08734,-1.86,0.281718,4.91404,-2.20081,0.124173,1,3.93923,-1.86,0.702076,4.76464,-2.1886,0.54421,1,3.75941,-1.86,0.396605,4.57436,-2.18466,0.236949,1,3.20169,-1.86,0.581944,4.00613,-2.10701,0.451963,1,3.67172,-1.86,0.100592,4.49435,-2.21203,-0.0502107,1,3.5257,-1.86,0.700909,4.34593,-2.148,0.559588,1,4.15399,-1.86,0.44449,4.97344,-2.23929,0.283102,1,3.43834,-1.86,0.605126,4.25884,-2.15958,0.462044,1,3.29456,-1.86,0.337844,4.11636,-2.17356,0.189843,1,4.13251,-1.86,0.127765,4.95527,-2.21552,-0.0362869,1,3.96382,-1.86,0.268945,4.7878,-2.19765,0.110946,1,3.43589,-1.86,0.156659,4.26048,-2.18605,0.0104632,1,3.45607,-1.86,0.43805,4.27824,-2.15914,0.289474,1,3.66608,-1.86,0.306397,4.49095,-2.17239,0.150342,1,4.01348,-1.86,0.171083,4.83558,-2.22168,0.0158961,1,4.0467,-1.86,0.608542,4.86855,-2.20821,0.447488,1,3.4065,-1.86,0.732588,4.22826,-2.15637,0.59362,1,4.14282,-1.86,0.706015,4.97879,-2.16052,0.55503,1,3.93911,-1.86,0.431463,4.77454,-2.16266,0.273431,1,3.76064,-1.86,0.542795,4.58829,-2.14471,0.403866,1,3.74501,-1.86,0.238049,4.56724,-2.2051,0.0824202,1,3.88126,-1.86,0.341061,4.70778,-2.19448,0.182391,1,3.44503,-1.86,0.285245,4.26345,-2.1454,0.146577,1,3.2053,-1.86,0.729451,4.00168,-2.08787,0.618555,1,3.87245,-1.86,0.509452,4.6988,-2.20929,0.346249,1,4.06301,-1.86,0.385146,4.87733,-2.22527,0.223504,1,3.78216,-1.86,0.093768,4.61615,-2.2024,-0.0557009,1,3.92521,-1.86,0.0977778,4.74944,-2.20982,-0.0601728,1,3.77185,-1.86,0.715182,4.59432,-2.18252,0.562325,1,3.55682,-1.86,0.104993,4.3808,-2.18377,-0.0467195,1,3.65008,-1.86,0.417595,4.47778,-2.15658,0.258605,1,
1.30003,4.09997,-3.29603,0.22217,4.91508,-3.62546,0.0801672,3.84076,-1.86,0.628481,4.65944,-2.17284,0.478394,1,3.31293,-1.86,0.473727,4.12546,-2.173,0.324738,1,3.30481,-1.86,0.126484,4.10654,-2.15035,-0.0238603,1,3.564,-1.86,0.354778,4.38159,-2.15039,0.206053,1,3.29481,-1.86,0.662945,4.08129,-2.09031,0.537374,1,3.98855,-1.86,0.518348,4.82118,-2.26502,0.332981,1,4.16298,-1.86,0.601687,4.98163,-2.18466,0.440316,1,3.68368,-1.86,0.667084,4.5004,-2.13806,0.525823,1,3.31012,-1.86,0.233238,4.11855,-2.17182,0.0854718,1,3.54607,-1.86,0.208163,4.35604,-2.15387,0.0613076,1,3.64414,-1.86,0.52794,4.45815,-2.16633,0.372429,1,3.53207,-1.86,0.510529,4.34918,-2.15103,0.365487,1,3.84882,-1.86,0.181049,4.66631,-2.18231,0.0181271,1,4.08734,-1.86,0.281718,4.9082,-2.19436,0.12346,1,3.93923,-1.86,0.702076,4.75792,-2.17987,0.545861,1,3.75941,-1.86,0.396605,4.56802,-2.17161,0.237181,1,3.20169,-1.86,0.581944,3.9904,-2.09202,0.455331,1,3.67172,-1.86,0.100592,4.48517,-2.19839,-0.0518188,1,3.5257,-1.86,0.700909,4.33512,-2.13518,0.562704,1,4.15399,-1.86,0.44449,4.96666,-2.23382,0.282991,1,3.43834,-1.86,0.605126,4.24664,-2.14546,0.464731,1,3.29456,-1.86,0.337844,4.10137,-2.15804,0.18937,1,4.13251,-1.86,0.127765,4.9491,-2.20988,-0.0370123,1,3.96382,-1.86,0.268945,4.7778,-2.18929,0.110762,1,3.43589,-1.86,0.156659,4.24757,-2.17163,0.00836243,1,3.45607,-1.86,0.43805,4.26495,-2.1445,0.290618,1,3.66608,-1.86,0.306397,4.48173,-2.15889,0.149518,1,4.01348,-1.86,0.171083,4.82938,-2.21403,0.0147223,1,4.0467,-1.86,0.608542,4.8625,-2.20099,0.448231,1,3.4065,-1.86,0.732588,4.21608,-2.14294,0.597311,1,4.14282,-1.86,0.706015,4.97257,-2.1552,0.556037,1,3.93911,-1.86,0.431463,4.76627,-2.15379,0.273075,1,3.76064,-1.86,0.542795,4.58074,-2.13449,0.404483,1,3.74501,-1.86,0.238049,4.5587,-2.19328,0.0804885,1,3.88126,-1.86,0.341061,4.69956,-2.18462,0.18217,1,3.44503,-1.86,0.285245,4.2493,-2.13026,0.145805,1,3.2053,-1.86,0.729451,3.98412,-2.07261,0.62159,1,3.87245,-1.86,0.509452,4.69326,-2.19917,0.34833,1,4.06301,-1.86,0.385146,4.87186,-2.21815,0.223767,1,3.78216,-1.86,0.093768,4.60514,-2.19208,-0.0579035,1,3.92521,-1.86,0.0977778,4.74215,-2.20085,-0.0613356,1,3.77185,-1.86,0.715182,4.58613,-2.17172,0.564817,1,3.55682,-1.86,0.104993,4.36941,-2.17007,-0.0493025,1,3.65008,-1.86,0.417595,4.46701,-2.14348,0.259232,1,
1.33336,4.09997,-3.29603,0.22217,4.93041,-3.62558,0.0798435,3.84076,-1.86,0.628481,4.6597,-2.17531,0.477021,1,3.31293,-1.86,0.473727,4.13165,-2.18191,0.323179,1,3.30481,-1.86,0.126484,4.1145,-2.16566,-0.0243277,1,3.564,-1.86,0.354778,4.38239,-2.15851,0.204385,1,3.29481,-1.86,0.662945,4.08782,-2.10613,0.531599,1,3.98855,-1.86,0.518348,4.82425,-2.26512,0.331041,1,4.16298,-1.86,0.601687,4.98315,-2.18302,0.437756,1,3.68368,-1.86,0.667084,4.50148,-2.1456,0.523584,1,3.31012,-1.86,0.233238,4.12452,-2.18486,0.085221,1,3.54607,-1.86,0.208163,4.35873,-2.16359,0.0604078,1,3.64414,-1.86,0.52794,4.45866,-2.17539,0.372628,1,3.53207,-1.86,0.510529,4.35218,-2.16013,0.362148,1,3.84882,-1.86,0.181049,4.66627,-2.18506,0.01774,1,4.08734,-1.86,0.281718,4.90767,-2.19391,0.122969,1,3.93923,-1.86,0.702076,4.75698,-2.18101,0.544458,1,3.75941,-1.86,0.396605,4.56548,-2.17584,0.235211,1,3.20169,-1.86,0.581944,3.99806,-2.1052,0.451604,1,3.67172,-1.86,0.100592,4.48637,-2.20426,-0.0530801,1,3.5257,-1.86,0.700909,4.33691,-2.14245,0.559288,1,4.15399,-1.86,0.44449,4.96724,-2.2328,0.282195,1,3.43834,-1.86,0.605126,4.24969,-2.15447,0.461345,1,3.29456,-1.86,0.337844,4.10763,-2.17106,0.187378,1,4.13251,-1.86,0.127765,4.94909,-2.2091,-0.038093,1,3.96382,-1.86,0.268945,4.77678,-2.1905,0.111085,1,3.43589,-1.86,0.156659,4.25139,-2.18422,0.00800003,1,3.45607,-1.86,0.43805,4.26929,-2.15545,0.288542,1,3.66608,-1.86,0.306397,4.48247,-2.16503,0.149824,1,4.01348,-1.86,0.171083,4.82901,-2.21456,0.0133907,1,4.0467,-1.86,0.608542,4.86194,-2.20078,0.446739,1,3.4065,-1.86,0.732588,4.21772,-2.15177,0.591988,1,4.14282,-1.86,0.706015,4.97152,-2.15398,0.555377,1,3.93911,-1.86,0.431463,4.76328,-2.15513,0.270398,1,3.76064,-1.86,0.542795,4.58105,-2.14054,0.40211,1,3.74501,-1.86,0.238049,4.55771,-2.19822,0.0780672,1,3.88126,-1.86,0.341061,4.7023,-2.18647,0.182192,1,3.44503,-1.86,0.285245,4.254,-2.14416,0.144695,1,3.2053,-1.86,0.729451,3.99231,-2.09155,0.614226,1,3.87245,-1.86,0.509452,4.69354,-2.20109,0.346938,1,4.06301,-1.86,0.385146,4.87232,-2.21797,0.22225,1,3.78216,-1.86,0.093768,4.60459,-2.19654,-0.0579517,1,3.92521,-1.86,0.0977778,4.74083,-2.20273,-0.0626395,1,3.77185,-1.86,0.715182,4.58608,-2.17608,0.562326,1,3.55682,-1.86,0.104993,4.37181,-2.1791,-0.049508,1,3.65008,-1.86,0.417595,4.46783,-2.14963,0.257446,1,
1.3667,4.13446,-3.2965,0.221763,4.94081,-3.62524,0.0796364,3.84076,-1.86,0.628481,4.65657,-2.16711,0.478603,1,3.31293,-1.86,0.473727,4.12159,-2.16798,0.323876,1,3.30481,-1.86,0.126484,4.10389,-2.15178,-0.0261936,1,3.564,-1.86,0.354778,4.37506,-2.14895,0.204353,1,3.29481,-1.86,0.662945,4.07929,-2.09371,0.53396,1,3.98855,-1.86,0.518348,4.82176,-2.25956,0.331671,1,4.16298,-1.86,0.601687,4.98054,-2.17927,0.438102,1,3.68368,-1.86,0.667084,4.49665,-2.1376,0.525287,1,3.31012,-1.86,0.233238,4.11402,-2.17156,0.0839964,1,3.54607,-1.86,0.208163,4.35132,-2.15237,0.0593133,1,3.64414,-1.86,0.52794,4.4523,-2.16723,0.37332,1,3.53207,-1.86,0.510529,4.34514,-2.14596,0.364242,1,3.84882,-1.86,0.181049,4.66259,-2.17694,0.0164299,1,4.08734,-1.86,0.281718,4.90533,-2.18915,0.122125,1,3.93923,-1.86,0.702076,4.75399,-2.17419,0.545451,1,3.75941,-1.86,0.396605,4.55943,-2.16775,0.23592,1,3.20169,-1.86,0.581944,3.99806,-2.1052,0.451604,1,3.67172,-1.86,0.100592,4.47961,-2.19437,-0.0544498,1,3.5257,-1.86,0.700909,4.33023,-2.13051,0.561854,1,4.15399,-1.86,0.44449,4.96351,-2.22864,0.280435,1,3.43834,-1.86,0.605126,4.24114,-2.1412,0.463019,1,3.29456,-1.86,0.337844,4.09617,-2.15664,0.187913,1,4.13251,-1.86,0.127765,4.94437,-2.20516,-0.0397825,1,3.96382,-1.86,0.268945,4.77328,-2.18372,0.108906,1,3.43589,-1.86,0.156659,4.24413,-2.17295,0.00652502,1,3.45607,-1.86,0.43805,4.26051,-2.14249,0.289281,1,3.66608,-1.86,0.306397,4.47623,-2.1548,0.149313,1,4.01348,-1.86,0.171083,4.8258,-2.20886,0.0117047,1,4.0467,-1.86,0.608542,4.86093,-2.19499,0.446005,1,3.4065,-1.86,0.732588,4.21132,-2.13968,0.595945,1,4.14282,-1.86,0.706015,4.96946,-2.15002,0.555466,1,3.93911,-1.86,0.431463,4.75631,-2.14879,0.271986,1,3.76064,-1.86,0.542795,4.57575,-2.1337,0.402924,1,3.74501,-1.86,0.238049,4.55395,-2.19006,0.0787515,1,3.88126,-1.86,0.341061,4.69783,-2.1786,0.18175,1,3.44503,-1.86,0.285245,4.24427,-2.13325,0.142839,1,3.2053,-1.86,0.729451,3.99231,-2.09155,0.614226,1,3.87245,-1.86,0.509452,4.69056,-2.19334,0.347803,1,4.06301,-1.86,0.385146,4.86846,-2.21278,0.222665,1,3.78216,-1.86,0.093768,4.59863,-2.18786,-0.0611874,1,3.92521,-1.86,0.0977778,4.73499,-2.1964,-0.066097,1,3.77185,-1.86,0.715182,4.58248,-2.16758,0.563777,1,3.55682,-1.86,0.104993,4.36454,-2.16819,-0.0513482,1,3.65008,-1.86,0.417595,4.46181,-2.13854,0.25823,1,
1.40003,4.13446,-3.2965,0.221763,4.95077,-3.62539,0.0794238,3.84076,-1.86,0.628481,4.65161,-2.16862,0.480406,1,3.31293,-1.86,0.473727,4.12039,-2.17337,0.324101,1,3.30481,-1.86,0.126484,4.10302,-2.15678,-0.024188,1,3.564,-1.86,0.354778,4.37116,-2.15,0.205949,1,3.29481,-1.86,0.662945,4.07737,-2.09822,0.534473,1,3.98855,-1.86,0.518348,4.81883,-2.25824,0.334449,1,4.16298,-1.86,0.601687,4.97639,-2.1765,0.440979,1,3.68368,-1.86,0.667084,4.49198,-2.13957,0.526954,1,3.31012,-1.86,0.233238,4.11276,-2.17534,0.0847691,1,3.54607,-1.86,0.208163,4.34808,-2.15358,0.0609876,1,3.64414,-1.86,0.52794,4.44643,-2.16964,0.376549,1,3.53207,-1.86,0.510529,4.33975,-2.14575,0.365453,1,3.84882,-1.86,0.181049,4.65913,-2.1757,0.0185217,1,4.08734,-1.86,0.281718,4.89952,-2.18649,0.122582,1,3.93923,-1.86,0.702076,4.74777,-2.17307,0.547402,1,3.75941,-1.86,0.396605,4.55499,-2.16703,0.238186,1,3.20169,-1.86,0.581944,3.99806,-2.1052,0.451604,1,3.67172,-1.86,0.100592,4.47602,-2.19386,-0.0536069,1,3.5257,-1.86,0.700909,4.32593,-2.13415,0.563495,1,4.15399,-1.86,0.44449,4.95978,-2.22569,0.282455,1,3.43834,-1.86,0.605126,4.23738,-2.14743,0.464261,1,3.29456,-1.86,0.337844,4.09458,-2.16035,0.189289,1,4.13251,-1.86,0.127765,4.94064,-2.20178,-0.0374328,1,3.96382,-1.86,0.268945,4.76994,-2.18326,0.114064,1,3.43589,-1.86,0.156659,4.24149,-2.17422,0.00769335,1,3.45607,-1.86,0.43805,4.25972,-2.14435,0.291247,1,3.66608,-1.86,0.306397,4.4733,-2.1541,0.149931,1,4.01348,-1.86,0.171083,4.82236,-2.20662,0.0137028,1,4.0467,-1.86,0.608542,4.858,-2.19345,0.449124,1,3.4065,-1.86,0.732588,4.20713,-2.14189,0.59635,1,4.14282,-1.86,0.706015,4.96427,-2.14713,0.55693,1,3.93911,-1.86,0.431463,4.7519,-2.14722,0.274412,1,3.76064,-1.86,0.542795,4.57141,-2.13526,0.405378,1,3.74501,-1.86,0.238049,4.54924,-2.18907,0.0810399,1,3.88126,-1.86,0.341061,4.69353,-2.17824,0.183948,1,3.44503,-1.86,0.285245,4.24272,-2.13782,0.143255,1,3.2053,-1.86,0.729451,3.99231,-2.09155,0.614226,1,3.87245,-1.86,0.509452,4.6843,-2.19269,0.347664,1,4.06301,-1.86,0.385146,4.86759,-2.21036,0.224502,1,3.78216,-1.86,0.093768,4.59186,-2.18877,-0.0607036,1,3.92521,-1.86,0.0977778,4.73148,-2.19461,-0.0641622,1,3.77185,-1.86,0.715182,4.57723,-2.16767,0.565966,1,3.55682,-1.86,0.104993,4.36067,-2.16919,-0.0501267,1,3.65008,-1.86,0.417595,4.45713,-2.13877,0.259905,1,
1.43336,4.13446,-3.2965,0.221763,4.96598,-3.62562,0.0790993,3.84076,-1.86,0.628481,4.65234,-2.1693,0.477645,1,3.31293,-1.86,0.473727,4.12559,-2.17149,0.327861,1,3.30481,-1.86,0.126484,4.10473,-2.1563,-0.0221805,1,3.564,-1.86,0.354778,4.37254,-2.14969,0.206912,1,3.29481,-1.86,0.662945,4.08251,-2.09781,0.533846,1,3.98855,-1.86,0.518348,4.82377,-2.25711,0.333693,1,4.16298,-1.86,0.601687,4.98045,-2.1749,0.44108,1,3.68368,-1.86,0.667084,4.49586,-2.14023,0.527235,1,3.31012,-1.86,0.233238,4.11548,-2.17323,0.088613,1,3.54607,-1.86,0.208163,4.34993,-2.15314,0.0619903,1,3.64414,-1.86,0.52794,4.44997,-2.17157,0.38011,1,3.53207,-1.86,0.510529,4.34134,-2.14459,0.365857,1,3.84882,-1.86,0.181049,4.66374,-2.17479,0.019005,1,4.08734,-1.86,0.281718,4.90201,-2.18509,0.122052,1,3.93923,-1.86,0.702076,4.75198,-2.17143,0.547411,1,3.75941,-1.86,0.396605,4.558,-2.16677,0.239205,1,3.20169,-1.86,0.581944,3.99806,-2.1052,0.451604,1,3.67172,-1.86,0.100592,4.47985,-2.19144,-0.0529536,1,3.5257,-1.86,0.700909,4.33016,-2.13544,0.563557,1,4.15399,-1.86,0.44449,4.96132,-2.2213,0.285551,1,3.43834,-1.86,0.605126,4.24019,-2.15112,0.46436,1,3.29456,-1.86,0.337844,4.09434,-2.15945,0.191666,1,4.13251,-1.86,0.127765,4.94387,-2.20062,-0.0410964,1,3.96382,-1.86,0.268945,4.77253,-2.1831,0.11286,1,3.43589,-1.86,0.156659,4.24339,-2.17404,0.00970741,1,3.45607,-1.86,0.43805,4.26065,-2.1431,0.292032,1,3.66608,-1.86,0.306397,4.47539,-2.15263,0.151534,1,4.01348,-1.86,0.171083,4.82477,-2.20556,0.0141075,1,4.0467,-1.86,0.608542,4.86319,-2.19211,0.448718,1,3.4065,-1.86,0.732588,4.21175,-2.14382,0.597235,1,4.14282,-1.86,0.706015,4.96695,-2.14583,0.557849,1,3.93911,-1.86,0.431463,4.75437,-2.14615,0.275038,1,3.76064,-1.86,0.542795,4.57214,-2.13627,0.404284,1,3.74501,-1.86,0.238049,4.55003,-2.18964,0.0825565,1,3.88126,-1.86,0.341061,4.69696,-2.17741,0.184457,1,3.44503,-1.86,0.285245,4.24518,-2.13652,0.144313,1,3.2053,-1.86,0.729451,3.99231,-2.09155,0.614226,1,3.87245,-1.86,0.509452,4.68705,-2.1926,0.348991,1,4.06301,-1.86,0.385146,4.87105,-2.20931,0.225613,1,3.78216,-1.86,0.093768,4.59444,-2.18917,-0.0594317,1,3.92521,-1.86,0.0977778,4.73382,-2.19363,-0.0648288,1,3.77185,-1.86,0.715182,4.57934,-2.16678,0.564202,1,3.55682,-1.86,0.104993,4.36248,-2.16872,-0.0491775,1,3.65008,-1.86,0.417595,4.45972,-2.13872,0.261467,1,
1.4667,4.17996,-3.29652,0.22185,4.95077,-3.62539,0.0794238,3.84076,-1.86,0.628481,4.61968,-2.16499,0.479883,1,3.31293,-1.86,0.473727,4.09394,-2.16669,0.329338,1,3.30481,-1.86,0.126484,4.07397,-2.15322,-0.0222744,1,3.564,-1.86,0.354778,4.33984,-2.14516,0.208013,1,3.29481,-1.86,0.662945,4.05055,-2.09318,0.536715,1,3.98855,-1.86,0.518348,4.79369,-2.2526,0.33608,1,4.16298,-1.86,0.601687,4.94988,-2.17032,0.444886,1,3.68368,-1.86,0.667084,4.46335,-2.13573,0.530761,1,3.31012,-1.86,0.233238,4.08429,-2.16977,0.088526,1,3.54607,-1.86,0.208163,4.31799,-2.14861,0.0620564,1,3.64414,-1.86,0.52794,4.41748,-2.16613,0.382863,1,3.53207,-1.86,0.510529,4.30876,-2.13977,0.368443,1,3.84882,-1.86,0.181049,4.63583,-2.16901,0.020431,1,4.08734,-1.86,0.281718,4.87204,-2.17983,0.125205,1,3.93923,-1.86,0.702076,4.72085,-2.16686,0.550702,1,3.75941,-1.86,0.396605,4.52429,-2.16174,0.240371,1,3.20169,-1.86,0.581944,3.99806,-2.1052,0.451604,1,3.67172,-1.86,0.100592,4.44932,-2.18555,-0.0518265,1,3.5257,-1.86,0.700909,4.29719,-2.131,0.567171,1,4.15399,-1.86,0.44449,4.93347,-2.21603,0.286449,1,3.43834,-1.86,0.605126,4.20754,-2.14681,0.46604,1,3.29456,-1.86,0.337844,4.06455,-2.15659,0.19176,1,4.13251,-1.86,0.127765,4.91359,-2.19555,-0.0423781,1,3.96382,-1.86,0.268945,4.74273,-2.17767,0.114119,1,3.43589,-1.86,0.156659,4.21202,-2.1703,0.0101758,1,3.45607,-1.86,0.43805,4.23112,-2.13937,0.294573,1,3.66608,-1.86,0.306397,4.44331,-2.14808,0.153452,1,4.01348,-1.86,0.171083,4.79565,-2.20016,0.0155109,1,4.0467,-1.86,0.608542,4.83056,-2.18811,0.453129,1,3.4065,-1.86,0.732588,4.17922,-2.13987,0.599142,1,4.14282,-1.86,0.706015,4.93313,-2.14077,0.559344,1,3.93911,-1.86,0.431463,4.72345,-2.14081,0.277189,1,3.76064,-1.86,0.542795,4.54035,-2.13168,0.406933,1,3.74501,-1.86,0.238049,4.52,-2.18437,0.0824905,1,3.88126,-1.86,0.341061,4.66542,-2.17232,0.186496,1,3.44503,-1.86,0.285245,4.21296,-2.13195,0.145673,1,3.2053,-1.86,0.729451,3.99231,-2.09155,0.614226,1,3.87245,-1.86,0.509452,4.65512,-2.1877,0.351978,1,4.06301,-1.86,0.385146,4.84012,-2.20443,0.229058,1,3.78216,-1.86,0.093768,4.56337,-2.18282,-0.0574816,1,3.92521,-1.86,0.0977778,4.7011,-2.18824,-0.0609957,1,3.77185,-1.86,0.715182,4.54658,-2.16248,0.567233,1,3.55682,-1.86,0.104993,4.33088,-2.1637,-0.0479161,1,3.65008,-1.86,0.417595,4.42695,-2.13382,0.26322,1,
1.50003,4.17996,-3.29652,0.22185,4.99319,-3.6255,0.0785345,3.84076,-1.86,0.628481,4.64317,-2.16359,0.480384,1,3.31293,-1.86,0.473727,4.1188,-2.16754,0.329334,1,3.30481,-1.86,0.126484,4.09856,-2.15451,-0.0217455,1,3.564,-1.86,0.354778,4.36461,-2.14483,0.209396,1,3.29481,-1.86,0.662945,4.07593,-2.09736,0.535419,1,3.98855,-1.86,0.518348,4.81943,-2.25003,0.336542,1,4.16298,-1.86,0.601687,4.97329,-2.16723,0.447293,1,3.68368,-1.86,0.667084,4.48608,-2.13615,0.53084,1,3.31012,-1.86,0.233238,4.10828,-2.17143,0.0894439,1,3.54607,-1.86,0.208163,4.34208,-2.1486,0.0625737,1,3.64414,-1.86,0.52794,4.44414,-2.16503,0.3843,1,3.53207,-1.86,0.510529,4.33097,-2.13917,0.369811,1,3.84882,-1.86,0.181049,4.65743,-2.16176,0.0210022,1,4.08734,-1.86,0.281718,4.89611,-2.16968,0.125949,1,3.93923,-1.86,0.702076,4.74342,-2.16366,0.553206,1,3.75941,-1.86,0.396605,4.5485,-2.16145,0.240985,1,3.20169,-1.86,0.581944,3.99806,-2.1052,0.451604,1,3.67172,-1.86,0.100592,4.4737,-2.18298,-0.051632,1,3.5257,-1.86,0.700909,4.32122,-2.13338,0.567206,1,4.15399,-1.86,0.44449,4.95839,-2.20781,0.287864,1,3.43834,-1.86,0.605126,4.23234,-2.14958,0.464165,1,3.29456,-1.86,0.337844,4.08556,-2.15708,0.192819,1,4.13251,-1.86,0.127765,4.93673,-2.19174,-0.0410091,1,3.96382,-1.86,0.268945,4.76834,-2.17374,0.114925,1,3.43589,-1.86,0.156659,4.23636,-2.17093,0.0106688,1,3.45607,-1.86,0.43805,4.25246,-2.14021,0.295285,1,3.66608,-1.86,0.306397,4.46749,-2.14652,0.153552,1,4.01348,-1.86,0.171083,4.82082,-2.19709,0.0158526,1,4.0467,-1.86,0.608542,4.85393,-2.18188,0.454799,1,3.4065,-1.86,0.732588,4.20424,-2.14299,0.598367,1,4.14282,-1.86,0.706015,4.95698,-2.139,0.561048,1,3.93911,-1.86,0.431463,4.74689,-2.1384,0.277574,1,3.76064,-1.86,0.542795,4.56438,-2.13089,0.407907,1,3.74501,-1.86,0.238049,4.54097,-2.18276,0.0843771,1,3.88126,-1.86,0.341061,4.68813,-2.16916,0.187302,1,3.44503,-1.86,0.285245,4.23756,-2.13429,0.145617,1,3.2053,-1.86,0.729451,3.99231,-2.09155,0.614226,1,3.87245,-1.86,0.509452,4.67682,-2.18612,0.350194,1,4.06301,-1.86,0.385146,4.86661,-2.20105,0.22823,1,3.78216,-1.86,0.093768,4.5891,-2.18053,-0.0584765,1,3.92521,-1.86,0.0977778,4.72614,-2.18587,-0.0607655,1,3.77185,-1.86,0.715182,4.56998,-2.16117,0.56891,1,3.55682,-1.86,0.104993,4.35522,-2.16295,-0.0470212,1,3.65008,-1.86,0.417595,4.45007,-2.13531,0.264224,1,
1.53337,4.20618,-3.29666,0.221747,5.01895,-3.62606,0.0779798,3.84076,-1.86,0.628481,4.65868,-2.17246,0.47958,1,3.31293,-1.86,0.473727,4.13419,-2.17751,0.328767,1,3.30481,-1.86,0.126484,4.09856,-2.15451,-0.0217455,1,3.564,-1.86,0.354778,4.37935,-2.1536,0.208856,1,3.29481,-1.86,0.662945,4.09468,-2.10836,0.532984,1,3.98855,-1.86,0.518348,4.83385,-2.25793,0.335891,1,4.16298,-1.86,0.601687,4.98307,-2.1751,0.444395,1,3.68368,-1.86,0.667084,4.50091,-2.1458,0.528252,1,3.31012,-1.86,0.233238,4.10828,-2.17143,0.0894439,1,3.54607,-1.86,0.208163,4.35877,-2.15795,0.0639797,1,3.64414,-1.86,0.52794,4.45905,-2.17274,0.382462,1,3.53207,-1.86,0.510529,4.34625,-2.14797,0.368268,1,3.84882,-1.86,0.181049,4.67342,-2.17059,0.0213926,1,4.08734,-1.86,0.281718,4.90799,-2.17497,0.127281,1,3.93923,-1.86,0.702076,4.75802,-2.17127,0.549294,1,3.75941,-1.86,0.396605,4.56338,-2.17084,0.239707,1,3.20169,-1.86,0.581944,3.99806,-2.1052,0.451604,1,3.67172,-1.86,0.100592,4.48941,-2.19053,-0.0512453,1,3.5257,-1.86,0.700909,4.33801,-2.14269,0.564469,1,4.15399,-1.86,0.44449,4.97371,-2.21557,0.284665,1,3.43834,-1.86,0.605126,4.24845,-2.16106,0.461904,1,3.29456,-1.86,0.337844,4.08556,-2.15708,0.192819,1,4.13251,-1.86,0.127765,4.95157,-2.19994,-0.0404636,1,3.96382,-1.86,0.268945,4.78166,-2.18197,0.114465,1,3.43589,-1.86,0.156659,4.25271,-2.1812,0.0119413,1,3.45607,-1.86,0.43805,4.26966,-2.1533,0.292804,1,3.66608,-1.86,0.306397,4.4829,-2.15456,0.153413,1,4.01348,-1.86,0.171083,4.83392,-2.2056,0.0173354,1,4.0467,-1.86,0.608542,4.86546,-2.19001,0.452874,1,3.4065,-1.86,0.732588,4.22316,-2.15201,0.596952,1,4.14282,-1.86,0.706015,4.9688,-2.14698,0.558855,1,3.93911,-1.86,0.431463,4.76044,-2.14726,0.276537,1,3.76064,-1.86,0.542795,4.57895,-2.14064,0.406269,1,3.74501,-1.86,0.238049,4.55859,-2.19319,0.0846864,1,3.88126,-1.86,0.341061,4.70402,-2.17757,0.183199,1,3.44503,-1.86,0.285245,4.25422,-2.14598,0.148449,1,3.2053,-1.86,0.729451,3.99231,-2.09155,0.614226,1,3.87245,-1.86,0.509452,4.69135,-2.19517,0.348781,1,4.06301,-1.86,0.385146,4.87992,-2.20946,0.227619,1,3.78216,-1.86,0.093768,4.60297,-2.18902,-0.0574257,1,3.92521,-1.86,0.0977778,4.7402,-2.1942,-0.0607664,1,3.77185,-1.86,0.715182,4.58423,-2.16883,0.566153,1,3.55682,-1.86,0.104993,4.37118,-2.17203,-0.0465081,1,3.65008,-1.86,0.417595,4.46525,-2.14531,0.262217,1,
1.5667,4.20618,-3.29666,0.221747,5.03425,-3.62628,0.0776539,3.84076,-1.86,0.628481,4.65976,-2.1644,0.483431,1,3.31293,-1.86,0.473727,4.13419,-2.17751,0.328767,1,3.30481,-1.86,0.126484,4.09856,-2.15451,-0.0217455,1,3.564,-1.86,0.354778,4.3765,-2.14302,0.20954,1,3.29481,-1.86,0.662945,4.09468,-2.10836,0.532984,1,3.98855,-1.86,0.518348,4.83639,-2.25203,0.336378,1,4.16298,-1.86,0.601687,4.98497,-2.17034,0.444496,1,3.68368,-1.86,0.667084,4.49986,-2.13565,0.530751,1,3.31012,-1.86,0.233238,4.10828,-2.17143,0.0894439,1,3.54607,-1.86,0.208163,4.3555,-2.14644,0.0638288,1,3.64414,-1.86,0.52794,4.45796,-2.16357,0.383809,1,3.53207,-1.86,0.510529,4.34263,-2.13396,0.371596,1,3.84882,-1.86,0.181049,4.67324,-2.16207,0.0209036,1,4.08734,-1.86,0.281718,4.90955,-2.16934,0.126381,1,3.93923,-1.86,0.702076,4.75846,-2.16396,0.550212,1,3.75941,-1.86,0.396605,4.56364,-2.16124,0.240361,1,3.20169,-1.86,0.581944,3.99806,-2.1052,0.451604,1,3.67172,-1.86,0.100592,4.48758,-2.17911,-0.0518118,1,3.5257,-1.86,0.700909,4.33376,-2.13221,0.56896,1,4.15399,-1.86,0.44449,4.97653,-2.2109,0.284266,1,3.43834,-1.86,0.605126,4.24473,-2.15034,0.46468,1,3.29456,-1.86,0.337844,4.08556,-2.15708,0.192819,1,4.13251,-1.86,0.127765,4.95432,-2.1952,-0.0419485,1,3.96382,-1.86,0.268945,4.78239,-2.1745,0.114612,1,3.43589,-1.86,0.156659,4.24951,-2.16973,0.0113536,1,3.45607,-1.86,0.43805,4.26626,-2.13955,0.295086,1,3.66608,-1.86,0.306397,4.48079,-2.14347,0.153941,1,4.01348,-1.86,0.171083,4.83378,-2.19972,0.0161495,1,4.0467,-1.86,0.608542,4.86878,-2.18389,0.453575,1,3.4065,-1.86,0.732588,4.22015,-2.1401,0.601911,1,4.14282,-1.86,0.706015,4.97015,-2.14203,0.558806,1,3.93911,-1.86,0.431463,4.76115,-2.13988,0.276413,1,3.76064,-1.86,0.542795,4.57748,-2.13254,0.407494,1,3.74501,-1.86,0.238049,4.55711,-2.18117,0.0852095,1,3.88126,-1.86,0.341061,4.70465,-2.16915,0.183236,1,3.44503,-1.86,0.285245,4.2517,-2.13631,0.149953,1,3.2053,-1.86,0.729451,3.99231,-2.09155,0.614226,1,3.87245,-1.86,0.509452,4.69227,-2.1863,0.350404,1,4.06301,-1.86,0.385146,4.88179,-2.20373,0.226633,1,3.78216,-1.86,0.093768,4.60042,-2.18144,-0.0570907,1,3.92521,-1.86,0.0977778,4.74013,-2.18707,-0.0624786,1,3.77185,-1.86,0.715182,4.58499,-2.15938,0.571029,1,3.55682,-1.86,0.104993,4.36771,-2.16143,-0.0505152,1,3.65008,-1.86,0.417595,4.46349,-2.13398,0.264115,1,
1.60003,4.23215,-3.29671,0.221663,5.0447,-3.62655,0.0774275,3.84076,-1.86,0.628481,4.65914,-2.18353,0.475115,1,3.31293,-1.86,0.473727,4.13419,-2.17751,0.328767,1,3.30481,-1.86,0.126484,4.09856,-2.15451,-0.0217455,1,3.564,-1.86,0.354778,4.38062,-2.16443,0.205647,1,3.29481,-1.86,0.662945,4.09468,-2.10836,0.532984,1,3.98855,-1.86,0.518348,4.83443,-2.26887,0.331976,1,4.16298,-1.86,0.601687,4.98218,-2.18609,0.439054,1,3.68368,-1.86,0.667084,4.50329,-2.15466,0.523501,1,3.31012,-1.86,0.233238,4.10828,-2.17143,0.0894439,1,3.54607,-1.86,0.208163,4.36159,-2.16831,0.0620189,1,3.64414,-1.86,0.52794,4.46212,-2.18409,0.377546,1,3.53207,-1.86,0.510529,4.34726,-2.15252,0.365933,1,3.84882,-1.86,0.181049,4.67437,-2.18225,0.0199442,1,4.08734,-1.86,0.281718,4.9089,-2.18687,0.12285,1,3.93923,-1.86,0.702076,4.75829,-2.18096,0.542202,1,3.75941,-1.86,0.396605,4.56636,-2.18235,0.237155,1,3.20169,-1.86,0.581944,3.99806,-2.1052,0.451604,1,3.67172,-1.86,0.100592,4.492,-2.19857,-0.0510584,1,3.5257,-1.86,0.700909,4.34005,-2.1529,0.560697,1,4.15399,-1.86,0.44449,4.97386,-2.22733,0.281446,1,3.43834,-1.86,0.605126,4.25102,-2.16956,0.457672,1,3.29456,-1.86,0.337844,4.08556,-2.15708,0.192819,1,4.13251,-1.86,0.127765,4.95132,-2.21243,-0.041931,1,3.96382,-1.86,0.268945,4.78274,-2.19288,0.113172,1,3.43589,-1.86,0.156659,4.25689,-2.1899,0.010785,1,3.45607,-1.86,0.43805,4.27201,-2.1594,0.289663,1,3.66608,-1.86,0.306397,4.48639,-2.16325,0.148254,1,4.01348,-1.86,0.171083,4.83186,-2.2182,0.0159146,1,4.0467,-1.86,0.608542,4.86697,-2.20025,0.446291,1,3.4065,-1.86,0.732588,4.22737,-2.16054,0.592737,1,4.14282,-1.86,0.706015,4.9675,-2.1574,0.552323,1,3.93911,-1.86,0.431463,4.76077,-2.15879,0.27186,1,3.76064,-1.86,0.542795,4.57847,-2.15418,0.401409,1,3.74501,-1.86,0.238049,4.56138,-2.20201,0.0812617,1,3.88126,-1.86,0.341061,4.70619,-2.18851,0.180865,1,3.44503,-1.86,0.285245,4.25921,-2.1575,0.144376,1,3.2053,-1.86,0.729451,3.99231,-2.09155,0.614226,1,3.87245,-1.86,0.509452,4.69193,-2.20529,0.346494,1,4.06301,-1.86,0.385146,4.88259,-2.22091,0.221921,1,3.78216,-1.86,0.093768,4.60373,-2.20222,-0.0560838,1,3.92521,-1.86,0.0977778,4.74116,-2.20616,-0.061599,1,3.77185,-1.86,0.715182,4.58488,-2.17747,0.562946,1,3.55682,-1.86,0.104993,4.37382,-2.18371,-0.0521052,1,3.65008,-1.86,0.417595,4.46724,-2.15402,0.25959,1,
1.63337,4.23215,-3.29671,0.221663,5.05987,-3.62671,0.0771059,3.84076,-1.86,0.628481,4.65885,-2.1723,0.478354,1,3.31293,-1.86,0.473727,4.13419,-2.17751,0.328767,1,3.30481,-1.86,0.126484,4.09856,-2.15451,-0.0217455,1,3.564,-1.86,0.354778,4.3753,-2.14728,0.207119,1,3.29481,-1.86,0.662945,4.09468,-2.10836,0.532984,1,3.98855,-1.86,0.518348,4.83483,-2.26114,0.332857,1,4.16298,-1.86,0.601687,4.9849,-2.1814,0.438484,1,3.68368,-1.86,0.667084,4.49982,-2.13999,0.527914,1,3.31012,-1.86,0.233238,4.10828,-2.17143,0.0894439,1,3.54607,-1.86,0.208163,4.35499,-2.15031,0.0617891,1,3.64414,-1.86,0.52794,4.45827,-2.16867,0.381239,1,3.53207,-1.86,0.510529,4.34119,-2.1329,0.371483,1,3.84882,-1.86,0.181049,4.66981,-2.17137,0.0182749,1,4.08734,-1.86,0.281718,4.90737,-2.1809,0.124002,1,3.93923,-1.86,0.702076,4.75685,-2.17172,0.544635,1,3.75941,-1.86,0.396605,4.56405,-2.16888,0.23796,1,3.20169,-1.86,0.581944,3.99806,-2.1052,0.451604,1,3.67172,-1.86,0.100592,4.48675,-2.18167,-0.0531225,1,3.5257,-1.86,0.700909,4.33187,-2.13512,0.565353,1,4.15399,-1.86,0.44449,4.97484,-2.22281,0.281817,1,3.43834,-1.86,0.605126,4.24242,-2.15042,0.462635,1,3.29456,-1.86,0.337844,4.08556,-2.15708,0.192819,1,4.13251,-1.86,0.127765,4.95208,-2.2075,-0.0428679,1,3.96382,-1.86,0.268945,4.78222,-2.18249,0.111844,1,3.43589,-1.86,0.156659,4.24711,-2.1707,0.00987744,1,3.45607,-1.86,0.43805,4.26254,-2.14133,0.292549,1,3.66608,-1.86,0.306397,4.48099,-2.14692,0.149028,1,4.01348,-1.86,0.171083,4.83365,-2.2099,0.0147272,1,4.0467,-1.86,0.608542,4.8682,-2.19308,0.447424,1,3.4065,-1.86,0.732588,4.21708,-2.1436,0.598111,1,4.14282,-1.86,0.706015,4.96929,-2.15253,0.552783,1,3.93911,-1.86,0.431463,4.76028,-2.14895,0.273144,1,3.76064,-1.86,0.542795,4.5765,-2.14182,0.404093,1,3.74501,-1.86,0.238049,4.55874,-2.18734,0.0807356,1,3.88126,-1.86,0.341061,4.70596,-2.17722,0.182149,1,3.44503,-1.86,0.285245,4.24998,-2.13971,0.145713,1,3.2053,-1.86,0.729451,3.99231,-2.09155,0.614226,1,3.87245,-1.86,0.509452,4.69157,-2.19417,0.349074,1,4.06301,-1.86,0.385146,4.88271,-2.21417,0.221574,1,3.78216,-1.86,0.093768,4.60309,-2.18746,-0.0571912,1,3.92521,-1.86,0.0977778,4.74127,-2.19546,-0.0604625,1,3.77185,-1.86,0.715182,4.57927,-2.16533,0.56562,1,3.55682,-1.86,0.104993,4.3685,-2.16583,-0.0529779,1,3.65008,-1.86,0.417595,4.46321,-2.13757,0.261041,1,
1.6667,4.25717,-3.29679,0.221582,5.07005,-3.62638,0.076903,3.84076,-1.86,0.628481,4.65435,-2.1626,0.478462,1,3.31293,-1.86,0.473727,4.13419,-2.17751,0.328767,1,3.30481,-1.86,0.126484,4.09856,-2.15451,-0.0217455,1,3.564,-1.86,0.354778,4.36957,-2.14171,0.207192,1,3.29481,-1.86,0.662945,4.09468,-2.10836,0.532984,1,3.98855,-1.86,0.518348,4.8327,-2.25086,0.333778,1,4.16298,-1.86,0.601687,4.98208,-2.16905,0.439933,1,3.68368,-1.86,0.667084,4.49493,-2.1338,0.528712,1,3.31012,-1.86,0.233238,4.10828,-2.17143,0.0894439,1,3.54607,-1.86,0.208163,4.34967,-2.1468,0.0607774,1,3.64414,-1.86,0.52794,4.45316,-2.16262,0.381469,1,3.53207,-1.86,0.510529,4.33579,-2.12703,0.371593,1,3.84882,-1.86,0.181049,4.66448,-2.16351,0.0180789,1,4.08734,-1.86,0.281718,4.90283,-2.16891,0.122888,1,3.93923,-1.86,0.702076,4.75163,-2.16283,0.54805,1,3.75941,-1.86,0.396605,4.55793,-2.16221,0.238032,1,3.20169,-1.86,0.581944,3.99806,-2.1052,0.451604,1,3.67172,-1.86,0.100592,4.48095,-2.17502,-0.0541495,1,3.5257,-1.86,0.700909,4.32794,-2.1323,0.565215,1,4.15399,-1.86,0.44449,4.97104,-2.21016,0.279879,1,3.43834,-1.86,0.605126,4.2391,-2.14909,0.461954,1,3.29456,-1.86,0.337844,4.08556,-2.15708,0.192819,1,4.13251,-1.86,0.127765,4.94703,-2.19547,-0.0453652,1,3.96382,-1.86,0.268945,4.77419,-2.1714,0.109966,1,3.43589,-1.86,0.156659,4.24401,-2.16897,0.0093276,1,3.45607,-1.86,0.43805,4.25635,-2.14035,0.291763,1,3.66608,-1.86,0.306397,4.47497,-2.14086,0.14833,1,4.01348,-1.86,0.171083,4.82917,-2.19888,0.0133029,1,4.0467,-1.86,0.608542,4.86353,-2.18221,0.449374,1,3.4065,-1.86,0.732588,4.21357,-2.14402,0.596491,1,4.14282,-1.86,0.706015,4.96594,-2.14068,0.555456,1,3.93911,-1.86,0.431463,4.75406,-2.13896,0.273987,1,3.76064,-1.86,0.542795,4.57146,-2.13422,0.404697,1,3.74501,-1.86,0.238049,4.55218,-2.18048,0.0812498,1,3.88126,-1.86,0.341061,4.7011,-2.16814,0.181801,1,3.44503,-1.86,0.285245,4.24717,-2.13833,0.145286,1,3.2053,-1.86,0.729451,3.99231,-2.09155,0.614226,1,3.87245,-1.86,0.509452,4.68554,-2.1852,0.349811,1,4.06301,-1.86,0.385146,4.87943,-2.20292,0.223652,1,3.78216,-1.86,0.093768,4.59589,-2.17994,-0.0599607,1,3.92521,-1.86,0.0977778,4.73597,-2.18596,-0.0617829,1,3.77185,-1.86,0.715182,4.5738,-2.15821,0.566393,1,3.55682,-1.86,0.104993,4.36279,-2.16032,-0.0519185,1,3.65008,-1.86,0.417595,4.45731,-2.13192,0.260723,1,
1.70004,4.26576,-3.29698,0.221259,5.07974,-3.62655,0.0766954,3.84076,-1.86,0.628481,4.64961,-2.16118,0.478204,1,3.31293,-1.86,0.473727,4.13419,-2.17751,0.328767,1,3.30481,-1.86,0.126484,4.09856,-2.15451,-0.0217455,1,3.564,-1.86,0.354778,4.36292,-2.14208,0.206037,1,3.29481,-1.86,0.662945,4.09468,-2.10836,0.532984,1,3.98855,-1.86,0.518348,4.8278,-2.24938,0.333359,1,4.16298,-1.86,0.601687,4.9769,-2.16593,0.440819,1,3.68368,-1.86,0.667084,4.48973,-2.13321,0.52788,1,3.31012,-1.86,0.233238,4.10828,-2.17143,0.0894439,1,3.54607,-1.86,0.208163,4.34499,-2.14631,0.059284,1,3.64414,-1.86,0.52794,4.44831,-2.16169,0.380147,1,3.53207,-1.86,0.510529,4.33103,-2.1268,0.367261,1,3.84882,-1.86,0.181049,4.65668,-2.16291,0.0163005,1,4.08734,-1.86,0.281718,4.89825,-2.16622,0.121876,1,3.93923,-1.86,0.702076,4.74744,-2.16187,0.549223,1,3.75941,-1.86,0.396605,4.55354,-2.16243,0.236513,1,3.20169,-1.86,0.581944,3.99806,-2.1052,0.451604,1,3.67172,-1.86,0.100592,4.47687,-2.17472,-0.0551173,1,3.5257,-1.86,0.700909,4.32171,-2.13079,0.565238,1,4.15399,-1.86,0.44449,4.96571,-2.2071,0.280656,1,3.43834,-1.86,0.605126,4.2336,-2.14901,0.460447,1,3.29456,-1.86,0.337844,4.08556,-2.15708,0.192819,1,4.13251,-1.86,0.127765,4.94043,-2.1924,-0.0442947,1,3.96382,-1.86,0.268945,4.76852,-2.17045,0.109393,1,3.43589,-1.86,0.156659,4.23812,-2.16643,0.00879484,1,3.45607,-1.86,0.43805,4.25188,-2.1398,0.292022,1,3.66608,-1.86,0.306397,4.46966,-2.14129,0.14789,1,4.01348,-1.86,0.171083,4.82489,-2.19722,0.0122889,1,4.0467,-1.86,0.608542,4.85641,-2.18131,0.452553,1,3.4065,-1.86,0.732588,4.20756,-2.14239,0.596637,1,4.14282,-1.86,0.706015,4.96185,-2.13806,0.557498,1,3.93911,-1.86,0.431463,4.74637,-2.1385,0.274439,1,3.76064,-1.86,0.542795,4.56522,-2.13446,0.403753,1,3.74501,-1.86,0.238049,4.54806,-2.17964,0.0818924,1,3.88126,-1.86,0.341061,4.69346,-2.16826,0.178957,1,3.44503,-1.86,0.285245,4.24305,-2.13603,0.145195,1,3.2053,-1.86,0.729451,3.99231,-2.09155,0.614226,1,3.87245,-1.86,0.509452,4.68045,-2.18489,0.349534,1,4.06301,-1.86,0.385146,4.87466,-2.20082,0.224476,1,3.78216,-1.86,0.093768,4.59129,-2.17952,-0.0593836,1,3.92521,-1.86,0.0977778,4.73294,-2.18459,-0.0605874,1,3.77185,-1.86,0.715182,4.56788,-2.15698,0.566359,1,3.55682,-1.86,0.104993,4.35819,-2.16,-0.0534039,1,3.65008,-1.86,0.417595,4.45219,-2.13281,0.260181,1,
1.73337,4.26576,-3.29698,0.221259,5.09471,-3.62669,0.0763788,3.84076,-1.86,0.628481,4.64878,-2.16185,0.479183,1,3.31293,-1.86,0.473727,4.13419,-2.17751,0.328767,1,3.30481,-1.86,0.126484,4.09856,-2.15451,-0.0217455,1,3.564,-1.86,0.354778,4.36808,-2.14475,0.207953,1,3.29481,-1.86,0.662945,4.09468,-2.10836,0.532984,1,3.98855,-1.86,0.518348,4.83034,-2.24998,0.334081,1,4.16298,-1.86,0.601687,4.97849,-2.16583,0.442414,1,3.68368,-1.86,0.667084,4.49191,-2.13475,0.527931,1,3.31012,-1.86,0.233238,4.10828,-2.17143,0.0894439,1,3.54607,-1.86,0.208163,4.34757,-2.14838,0.0619164,1,3.64414,-1.86,0.52794,4.45095,-2.16308,0.380882,1,3.53207,-1.86,0.510529,4.33499,-2.13155,0.367932,1,3.84882,-1.86,0.181049,4.65883,-2.16499,0.0179206,1,4.08734,-1.86,0.281718,4.89779,-2.16639,0.123231,1,3.93923,-1.86,0.702076,4.74972,-2.1627,0.549989,1,3.75941,-1.86,0.396605,4.55535,-2.16461,0.237308,1,3.20169,-1.86,0.581944,3.99806,-2.1052,0.451604,1,3.67172,-1.86,0.100592,4.4779,-2.17724,-0.0528251,1,3.5257,-1.86,0.700909,4.32479,-2.13375,0.565878,1,4.15399,-1.86,0.44449,4.96818,-2.20653,0.280175,1,3.43834,-1.86,0.605126,4.23909,-2.15399,0.463037,1,3.29456,-1.86,0.337844,4.08556,-2.15708,0.192819,1,4.13251,-1.86,0.127765,4.94191,-2.19198,-0.0438517,1,3.96382,-1.86,0.268945,4.77085,-2.17066,0.113867,1,3.43589,-1.86,0.156659,4.24102,-2.16971,0.0110014,1,3.45607,-1.86,0.43805,4.2533,-2.14149,0.293374,1,3.66608,-1.86,0.306397,4.47146,-2.14442,0.149325,1,4.01348,-1.86,0.171083,4.82646,-2.19751,0.0138039,1,4.0467,-1.86,0.608542,4.85856,-2.18178,0.453446,1,3.4065,-1.86,0.732588,4.21137,-2.14532,0.597736,1,4.14282,-1.86,0.706015,4.96446,-2.13752,0.557084,1,3.93911,-1.86,0.431463,4.74826,-2.1398,0.275849,1,3.76064,-1.86,0.542795,4.56643,-2.13708,0.403621,1,3.74501,-1.86,0.238049,4.55149,-2.18071,0.0808559,1,3.88126,-1.86,0.341061,4.6956,-2.17052,0.179292,1,3.44503,-1.86,0.285245,4.24808,-2.13835,0.14927,1,3.2053,-1.86,0.729451,3.99231,-2.09155,0.614226,1,3.87245,-1.86,0.509452,4.68335,-2.18611,0.350822,1,4.06301,-1.86,0.385146,4.87405,-2.20116,0.222905,1,3.78216,-1.86,0.093768,4.59183,-2.17965,-0.0592879,1,3.92521,-1.86,0.0977778,4.73413,-2.18534,-0.0595107,1,3.77185,-1.86,0.715182,4.57026,-2.15928,0.568246,1,3.55682,-1.86,0.104993,4.36072,-2.16307,-0.0510719,1,3.65008,-1.86,0.417595,4.45412,-2.13616,0.260296,1,
1.7667,4.31042,-3.29684,0.221475,5.07974,-3.62655,0.0766954,3.84076,-1.86,0.628481,4.62127,-2.16703,0.477684,1,3.31293,-1.86,0.473727,4.13419,-2.17751,0.328767,1,3.30481,-1.86,0.126484,4.09856,-2.15451,-0.0217455,1,3.564,-1.86,0.354778,4.33918,-2.1466,0.207632,1,3.29481,-1.86,0.662945,4.09468,-2.10836,0.532984,1,3.98855,-1.86,0.518348,4.8014,-2.25507,0.333409,1,4.16298,-1.86,0.601687,4.94973,-2.17151,0.44205,1,3.68368,-1.86,0.667084,4.46367,-2.13917,0.527558,1,3.31012,-1.86,0.233238,4.10828,-2.17143,0.0894439,1,3.54607,-1.86,0.208163,4.32111,-2.15213,0.062588,1,3.64414,-1.86,0.52794,4.42374,-2.16702,0.381062,1,3.53207,-1.86,0.510529,4.30684,-2.13499,0.368288,1,3.84882,-1.86,0.181049,4.63357,-2.16791,0.0182844,1,4.08734,-1.86,0.281718,4.87123,-2.17192,0.124183,1,3.93923,-1.86,0.702076,4.72371,-2.16715,0.548781,1,3.75941,-1.86,0.396605,4.52785,-2.16961,0.237817,1,3.20169,-1.86,0.581944,3.99806,-2.1052,0.451604,1,3.67172,-1.86,0.100592,4.45171,-2.18258,-0.0516582,1,3.5257,-1.86,0.700909,4.29607,-2.13714,0.565344,1,4.15399,-1.86,0.44449,4.94241,-2.212,0.28041,1,3.43834,-1.86,0.605126,4.21087,-2.1567,0.4622,1,3.29456,-1.86,0.337844,4.08556,-2.15708,0.192819,1,4.13251,-1.86,0.127765,4.9148,-2.19738,-0.0417551,1,3.96382,-1.86,0.268945,4.74284,-2.17583,0.113827,1,3.43589,-1.86,0.156659,4.21416,-2.17383,0.0108458,1,3.45607,-1.86,0.43805,4.22416,-2.14668,0.291483,1,3.66608,-1.86,0.306397,4.44439,-2.14891,0.150231,1,4.01348,-1.86,0.171083,4.80079,-2.20265,0.0145015,1,4.0467,-1.86,0.608542,4.82867,-2.18702,0.45261,1,3.4065,-1.86,0.732588,4.18172,-2.14786,0.596007,1,4.14282,-1.86,0.706015,4.93474,-2.14349,0.557301,1,3.93911,-1.86,0.431463,4.71917,-2.1446,0.275244,1,3.76064,-1.86,0.542795,4.54115,-2.1409,0.404034,1,3.74501,-1.86,0.238049,4.52413,-2.18516,0.0819889,1,3.88126,-1.86,0.341061,4.66761,-2.17467,0.180108,1,3.44503,-1.86,0.285245,4.22134,-2.14289,0.1478,1,3.2053,-1.86,0.729451,3.99231,-2.09155,0.614226,1,3.87245,-1.86,0.509452,4.65508,-2.19087,0.35044,1,4.06301,-1.86,0.385146,4.84538,-2.20722,0.22688,1,3.78216,-1.86,0.093768,4.56541,-2.18434,-0.0586901,1,3.92521,-1.86,0.0977778,4.70784,-2.19068,-0.0583612,1,3.77185,-1.86,0.715182,4.54156,-2.16316,0.566826,1,3.55682,-1.86,0.104993,4.33287,-2.16846,-0.0508488,1,3.65008,-1.86,0.417595,4.42622,-2.14105,0.260788,1,
1.80004,4.31042,-3.29684,0.221475,5.12178,-3.62785,0.0757793,3.84076,-1.86,0.628481,4.64768,-2.15894,0.480384,1,3.31293,-1.86,0.473727,4.13419,-2.17751,0.328767,1,3.30481,-1.86,0.126484,4.09856,-2.15451,-0.0217455,1,3.564,-1.86,0.354778,4.36262,-2.14202,0.206267,1,3.29481,-1.86,0.662945,4.09468,-2.10836,0.532984,1,3.98855,-1.86,0.518348,4.82827,-2.24777,0.332574,1,4.16298,-1.86,0.601687,4.97568,-2.16342,0.440579,1,3.68368,-1.86,0.667084,4.48736,-2.13283,0.527065,1,3.31012,-1.86,0.233238,4.10828,-2.17143,0.0894439,1,3.54607,-1.86,0.208163,4.342,-2.1469,0.0593416,1,3.64414,-1.86,0.52794,4.44668,-2.1608,0.379366,1,3.53207,-1.86,0.510529,4.32971,-2.13062,0.366634,1,3.84882,-1.86,0.181049,4.65648,-2.15982,0.015241,1,4.08734,-1.86,0.281718,4.89282,-2.16421,0.120846,1,3.93923,-1.86,0.702076,4.74915,-2.15936,0.5493,1,3.75941,-1.86,0.396605,4.55059,-2.16284,0.23601,1,3.20169,-1.86,0.581944,3.99806,-2.1052,0.451604,1,3.67172,-1.86,0.100592,4.47315,-2.17616,-0.0549509,1,3.5257,-1.86,0.700909,4.31932,-2.13255,0.56502,1,4.15399,-1.86,0.44449,4.96649,-2.20482,0.282019,1,3.43834,-1.86,0.605126,4.2344,-2.15319,0.462313,1,3.29456,-1.86,0.337844,4.08556,-2.15708,0.192819,1,4.13251,-1.86,0.127765,4.9386,-2.19008,-0.0461575,1,3.96382,-1.86,0.268945,4.76699,-2.16786,0.111903,1,3.43589,-1.86,0.156659,4.23695,-2.16913,0.00843582,1,3.45607,-1.86,0.43805,4.24796,-2.14351,0.290996,1,3.66608,-1.86,0.306397,4.46627,-2.14234,0.147389,1,4.01348,-1.86,0.171083,4.82309,-2.1954,0.0112485,1,4.0467,-1.86,0.608542,4.85438,-2.17902,0.451765,1,3.4065,-1.86,0.732588,4.2054,-2.1451,0.59504,1,4.14282,-1.86,0.706015,4.96006,-2.13531,0.555922,1,3.93911,-1.86,0.431463,4.74395,-2.13656,0.274221,1,3.76064,-1.86,0.542795,4.56392,-2.13248,0.40394,1,3.74501,-1.86,0.238049,4.54541,-2.17985,0.0795466,1,3.88126,-1.86,0.341061,4.69091,-2.16721,0.178047,1,3.44503,-1.86,0.285245,4.24365,-2.13899,0.146948,1,3.2053,-1.86,0.729451,3.99231,-2.09155,0.614226,1,3.87245,-1.86,0.509452,4.67889,-2.18373,0.348825,1,4.06301,-1.86,0.385146,4.86989,-2.19927,0.22378,1,3.78216,-1.86,0.093768,4.58721,-2.17727,-0.0620811,1,3.92521,-1.86,0.0977778,4.73427,-2.18293,-0.0642437,1,3.77185,-1.86,0.715182,4.56594,-2.15632,0.567299,1,3.55682,-1.86,0.104993,4.3554,-2.16443,-0.0534671,1,3.65008,-1.86,0.417595,4.44832,-2.13516,0.258411,1,
1.83337,4.33603,-3.29715,0.221481,5.14682,-3.62898,0.0752229,3.84076,-1.86,0.628481,4.6666,-2.18091,0.470098,1,3.31293,-1.86,0.473727,4.13419,-2.17751,0.328767,1,3.30481,-1.86,0.126484,4.09856,-2.15451,-0.0217455,1,3.564,-1.86,0.354778,4.38762,-2.16741,0.201781,1,3.29481,-1.86,0.662945,4.09468,-2.10836,0.532984,1,3.98855,-1.86,0.518348,4.8456,-2.26901,0.326475,1,4.16298,-1.86,0.601687,4.99187,-2.18417,0.432923,1,3.68368,-1.86,0.667084,4.50942,-2.15594,0.516452,1,3.31012,-1.86,0.233238,4.10828,-2.17143,0.0894439,1,3.54607,-1.86,0.208163,4.37097,-2.1741,0.0572812,1,3.64414,-1.86,0.52794,4.46998,-2.18667,0.372964,1,3.53207,-1.86,0.510529,4.35773,-2.15441,0.35946,1,3.84882,-1.86,0.181049,4.67845,-2.18543,0.0144522,1,4.08734,-1.86,0.281718,4.90941,-2.18809,0.117432,1,3.93923,-1.86,0.702076,4.77049,-2.18103,0.540798,1,3.75941,-1.86,0.396605,4.57434,-2.18806,0.230363,1,3.20169,-1.86,0.581944,3.99806,-2.1052,0.451604,1,3.67172,-1.86,0.100592,4.49888,-2.20259,-0.0553738,1,3.5257,-1.86,0.700909,4.34406,-2.15316,0.555715,1,4.15399,-1.86,0.44449,4.98133,-2.22658,0.276569,1,3.43834,-1.86,0.605126,4.26174,-2.17411,0.454292,1,3.29456,-1.86,0.337844,4.08556,-2.15708,0.192819,1,4.13251,-1.86,0.127765,4.95463,-2.213,-0.0465488,1,3.96382,-1.86,0.268945,4.78446,-2.19273,0.105431,1,3.43589,-1.86,0.156659,4.26634,-2.19291,0.00980631,1,3.45607,-1.86,0.43805,4.27436,-2.16558,0.285298,1,3.66608,-1.86,0.306397,4.49133,-2.16852,0.143749,1,4.01348,-1.86,0.171083,4.84141,-2.21984,0.010029,1,4.0467,-1.86,0.608542,4.87584,-2.19941,0.44259,1,3.4065,-1.86,0.732588,4.2054,-2.1451,0.59504,1,4.14282,-1.86,0.706015,4.97565,-2.15565,0.547104,1,3.93911,-1.86,0.431463,4.76284,-2.1604,0.268148,1,3.76064,-1.86,0.542795,4.58579,-2.15642,0.395734,1,3.74501,-1.86,0.238049,4.57009,-2.20696,0.0776626,1,3.88126,-1.86,0.341061,4.71198,-2.19171,0.174497,1,3.44503,-1.86,0.285245,4.27462,-2.16212,0.144901,1,3.2053,-1.86,0.729451,3.99231,-2.09155,0.614226,1,3.87245,-1.86,0.509452,4.69944,-2.20741,0.340999,1,4.06301,-1.86,0.385146,4.88456,-2.22245,0.218648,1,3.78216,-1.86,0.093768,4.61182,-2.20283,-0.0620893,1,3.92521,-1.86,0.0977778,4.75408,-2.20735,-0.0642091,1,3.77185,-1.86,0.715182,4.58897,-2.17768,0.557191,1,3.55682,-1.86,0.104993,4.38259,-2.18953,-0.0540536,1,3.65008,-1.86,0.417595,4.47338,-2.16069,0.252871,1,
1.86671,4.33603,-3.29715,0.221481,5.16196,-3.62932,0.0748965,3.84076,-1.86,0.628481,4.66576,-2.1752,0.472416,1,3.31293,-1.86,0.473727,4.13419,-2.17751,0.328767,1,3.30481,-1.86,0.126484,4.09856,-2.15451,-0.0217455,1,3.564,-1.86,0.354778,4.38042,-2.15029,0.20183,1,3.29481,-1.86,0.662945,4.09468,-2.10836,0.532984,1,3.98855,-1.86,0.518348,4.84779,-2.26788,0.326582,1,4.16298,-1.86,0.601687,4.99355,-2.18981,0.431503,1,3.68368,-1.86,0.667084,4.50487,-2.1434,0.520188,1,3.31012,-1.86,0.233238,4.10828,-2.17143,0.0894439,1,3.54607,-1.86,0.208163,4.36063,-2.15332,0.0559576,1,3.64414,-1.86,0.52794,4.4642,-2.17154,0.375533,1,3.53207,-1.86,0.510529,4.34766,-2.13413,0.363352,1,3.84882,-1.86,0.181049,4.67845,-2.17767,0.0133037,1,4.08734,-1.86,0.281718,4.9108,-2.19034,0.117345,1,3.93923,-1.86,0.702076,4.76789,-2.17788,0.539382,1,3.75941,-1.86,0.396605,4.57058,-2.17645,0.231595,1,3.20169,-1.86,0.581944,3.99806,-2.1052,0.451604,1,3.67172,-1.86,0.100592,4.49376,-2.18737,-0.0578304,1,3.5257,-1.86,0.700909,4.33559,-2.13487,0.560542,1,4.15399,-1.86,0.44449,4.98254,-2.23188,0.275807,1,3.43834,-1.86,0.605126,4.26174,-2.17411,0.454292,1,3.29456,-1.86,0.337844,4.08556,-2.15708,0.192819,1,4.13251,-1.86,0.127765,4.95804,-2.21735,-0.0467998,1,3.96382,-1.86,0.268945,4.78306,-2.19148,0.105282,1,3.43589,-1.86,0.156659,4.26634,-2.19291,0.00980631,1,3.45607,-1.86,0.43805,4.26327,-2.14483,0.287718,1,3.66608,-1.86,0.306397,4.4854,-2.15348,0.144438,1,4.01348,-1.86,0.171083,4.84266,-2.21889,0.0104588,1,4.0467,-1.86,0.608542,4.87434,-2.20029,0.440157,1,3.4065,-1.86,0.732588,4.2054,-2.1451,0.59504,1,4.14282,-1.86,0.706015,4.97729,-2.16042,0.54555,1,3.93911,-1.86,0.431463,4.76292,-2.157,0.268574,1,3.76064,-1.86,0.542795,4.58241,-2.14654,0.398411,1,3.74501,-1.86,0.238049,4.56883,-2.19242,0.077231,1,3.88126,-1.86,0.341061,4.71137,-2.18503,0.17441,1,3.44503,-1.86,0.285245,4.2621,-2.13893,0.146508,1,3.2053,-1.86,0.729451,3.99231,-2.09155,0.614226,1,3.87245,-1.86,0.509452,4.69836,-2.2011,0.34216,1,4.06301,-1.86,0.385146,4.88673,-2.22377,0.219317,1,3.78216,-1.86,0.093768,4.60895,-2.1916,-0.0637099,1,3.92521,-1.86,0.0977778,4.75396,-2.20411,-0.0652546,1,3.77185,-1.86,0.715182,4.58548,-2.16768,0.559102,1,3.55682,-1.86,0.104993,4.37442,-2.17092,-0.0581068,1,3.65008,-1.86,0.417595,4.46743,-2.14476,0.255304,1,
1.90004,4.36216,-3.29748,0.221496,5.17317,-3.62836,0.0746908,3.84076,-1.86,0.628481,4.65758,-2.16749,0.474826,1,3.31293,-1.86,0.473727,4.13419,-2.17751,0.328767,1,3.30481,-1.86,0.126484,4.09856,-2.15451,-0.0217455,1,3.564,-1.86,0.354778,4.37065,-2.14277,0.204793,1,3.29481,-1.86,0.662945,4.09468,-2.10836,0.532984,1,3.98855,-1.86,0.518348,4.8426,-2.26129,0.328288,1,4.16298,-1.86,0.601687,4.99026,-2.18492,0.432562,1,3.68368,-1.86,0.667084,4.49497,-2.13579,0.52373,1,3.31012,-1.86,0.233238,4.10828,-2.17143,0.0894439,1,3.54607,-1.86,0.208163,4.35106,-2.14796,0.0570607,1,3.64414,-1.86,0.52794,4.45516,-2.16307,0.379014,1,3.53207,-1.86,0.510529,4.33892,-2.12753,0.366434,1,3.84882,-1.86,0.181049,4.67054,-2.17025,0.0153785,1,4.08734,-1.86,0.281718,4.90315,-2.18456,0.118027,1,3.93923,-1.86,0.702076,4.761,-2.17307,0.543158,1,3.75941,-1.86,0.396605,4.56207,-2.16929,0.234567,1,3.20169,-1.86,0.581944,3.99806,-2.1052,0.451604,1,3.67172,-1.86,0.100592,4.48432,-2.17877,-0.0574991,1,3.5257,-1.86,0.700909,4.32599,-2.12877,0.565529,1,4.15399,-1.86,0.44449,4.97667,-2.2272,0.27812,1,3.43834,-1.86,0.605126,4.26174,-2.17411,0.454292,1,3.29456,-1.86,0.337844,4.08556,-2.15708,0.192819,1,4.13251,-1.86,0.127765,4.9532,-2.21199,-0.0467414,1,3.96382,-1.86,0.268945,4.7769,-2.18389,0.107103,1,3.43589,-1.86,0.156659,4.26634,-2.19291,0.00980631,1,3.45607,-1.86,0.43805,4.26327,-2.14483,0.287718,1,3.66608,-1.86,0.306397,4.47587,-2.14576,0.146522,1,4.01348,-1.86,0.171083,4.83602,-2.21231,0.0113249,1,4.0467,-1.86,0.608542,4.87039,-2.19469,0.442554,1,3.4065,-1.86,0.732588,4.2054,-2.1451,0.59504,1,4.14282,-1.86,0.706015,4.97258,-2.15577,0.547965,1,3.93911,-1.86,0.431463,4.75782,-2.14916,0.269685,1,3.76064,-1.86,0.542795,4.57372,-2.13995,0.399463,1,3.74501,-1.86,0.238049,4.56005,-2.18417,0.0783892,1,3.88126,-1.86,0.341061,4.70315,-2.17801,0.17467,1,3.44503,-1.86,0.285245,4.2621,-2.13893,0.146508,1,3.2053,-1.86,0.729451,3.99231,-2.09155,0.614226,1,3.87245,-1.86,0.509452,4.69118,-2.19361,0.344142,1,4.06301,-1.86,0.385146,4.88194,-2.21681,0.220675,1,3.78216,-1.86,0.093768,4.59819,-2.18547,-0.0621539,1,3.92521,-1.86,0.0977778,4.74728,-2.19715,-0.0642601,1,3.77185,-1.86,0.715182,4.58029,-2.1607,0.563587,1,3.55682,-1.86,0.104993,4.36461,-2.16396,-0.0557918,1,3.65008,-1.86,0.417595,4.45775,-2.13697,0.256932,1,
1.93338,4.36216,-3.29748,0.221496,5.18858,-3.62868,0.0743594,3.84076,-1.86,0.628481,4.65821,-2.16498,0.476809,1,3.31293,-1.86,0.473727,4.13419,-2.17751,0.328767,1,3.30481,-1.86,0.126484,4.09856,-2.15451,-0.0217455,1,3.564,-1.86,0.354778,4.36734,-2.13787,0.206213,1,3.29481,-1.86,0.662945,4.09468,-2.10836,0.532984,1,3.98855,-1.86,0.518348,4.84424,-2.25942,0.330521,1,4.16298,-1.86,0.601687,4.98902,-2.18345,0.433993,1,3.68368,-1.86,0.667084,4.49215,-2.13325,0.526149,1,3.31012,-1.86,0.233238,4.10828,-2.17143,0.0894439,1,3.54607,-1.86,0.208163,4.34853,-2.14268,0.0575192,1,3.64414,-1.86,0.52794,4.4538,-2.15773,0.378445,1,3.53207,-1.86,0.510529,4.33624,-2.12152,0.367616,1,3.84882,-1.86,0.181049,4.67025,-2.16809,0.0168457,1,4.08734,-1.86,0.281718,4.90324,-2.18252,0.118598,1,3.93923,-1.86,0.702076,4.75706,-2.17205,0.545951,1,3.75941,-1.86,0.396605,4.56063,-2.16607,0.235972,1,3.20169,-1.86,0.581944,3.99806,-2.1052,0.451604,1,3.67172,-1.86,0.100592,4.48202,-2.17416,-0.0579151,1,3.5257,-1.86,0.700909,4.32099,-2.12496,0.567665,1,4.15399,-1.86,0.44449,4.97472,-2.22563,0.279799,1,3.43834,-1.86,0.605126,4.26174,-2.17411,0.454292,1,3.29456,-1.86,0.337844,4.08556,-2.15708,0.192819,1,4.13251,-1.86,0.127765,4.95124,-2.21028,-0.0457573,1,3.96382,-1.86,0.268945,4.77592,-2.18057,0.108218,1,3.43589,-1.86,0.156659,4.26634,-2.19291,0.00980631,1,3.45607,-1.86,0.43805,4.26327,-2.14483,0.287718,1,3.66608,-1.86,0.306397,4.47352,-2.14209,0.147245,1,4.01348,-1.86,0.171083,4.83438,-2.21057,0.0124427,1,4.0467,-1.86,0.608542,4.86928,-2.19263,0.444059,1,3.4065,-1.86,0.732588,4.2054,-2.1451,0.59504,1,4.14282,-1.86,0.706015,4.96981,-2.15488,0.550503,1,3.93911,-1.86,0.431463,4.75707,-2.14668,0.271081,1,3.76064,-1.86,0.542795,4.57163,-2.13755,0.401085,1,3.74501,-1.86,0.238049,4.5589,-2.18164,0.0794321,1,3.88126,-1.86,0.341061,4.70121,-2.17643,0.176795,1,3.44503,-1.86,0.285245,4.2621,-2.13893,0.146508,1,3.2053,-1.86,0.729451,3.99231,-2.09155,0.614226,1,3.87245,-1.86,0.509452,4.68857,-2.19163,0.345349,1,4.06301,-1.86,0.385146,4.88485,-2.21408,0.220887,1,3.78216,-1.86,0.093768,4.60032,-2.18286,-0.0605654,1,3.92521,-1.86,0.0977778,4.74744,-2.19445,-0.0624994,1,3.77185,-1.86,0.715182,4.57682,-2.15751,0.564679,1,3.55682,-1.86,0.104993,4.36198,-2.1585,-0.0568068,1,3.65008,-1.86,0.417595,4.4557,-2.13291,0.258504,1,
1.96671,4.38669,-3.29783,0.221467,5.19929,-3.62753,0.0741693,3.84076,-1.86,0.628481,4.64914,-2.16611,0.476936,1,3.31293,-1.86,0.473727,4.13419,-2.17751,0.328767,1,3.30481,-1.86,0.126484,4.09856,-2.15451,-0.0217455,1,3.564,-1.86,0.354778,4.35955,-2.141,0.206886,1,3.29481,-1.86,0.662945,4.09468,-2.10836,0.532984,1,3.98855,-1.86,0.518348,4.83521,-2.2604,0.330784,1,4.16298,-1.86,0.601687,4.98318,-2.18318,0.435036,1,3.68368,-1.86,0.667084,4.48299,-2.13652,0.525972,1,3.31012,-1.86,0.233238,4.10828,-2.17143,0.0894439,1,3.54607,-1.86,0.208163,4.34103,-2.14613,0.058025,1,3.64414,-1.86,0.52794,4.44587,-2.16061,0.380755,1,3.53207,-1.86,0.510529,4.32586,-2.12759,0.36777,1,3.84882,-1.86,0.181049,4.65989,-2.17055,0.0173611,1,4.08734,-1.86,0.281718,4.89351,-2.18273,0.119375,1,3.93923,-1.86,0.702076,4.74902,-2.17442,0.546305,1,3.75941,-1.86,0.396605,4.55179,-2.16859,0.236952,1,3.20169,-1.86,0.581944,3.99806,-2.1052,0.451604,1,3.67172,-1.86,0.100592,4.47329,-2.17669,-0.0564691,1,3.5257,-1.86,0.700909,4.31311,-2.13031,0.56685,1,4.15399,-1.86,0.44449,4.96578,-2.22591,0.28165,1,3.43834,-1.86,0.605126,4.26174,-2.17411,0.454292,1,3.29456,-1.86,0.337844,4.08556,-2.15708,0.192819,1,4.13251,-1.86,0.127765,4.9427,-2.21033,-0.0437042,1,3.96382,-1.86,0.268945,4.7703,-2.18135,0.10983,1,3.43589,-1.86,0.156659,4.26634,-2.19291,0.00980631,1,3.45607,-1.86,0.43805,4.26327,-2.14483,0.287718,1,3.66608,-1.86,0.306397,4.46481,-2.14604,0.148867,1,4.01348,-1.86,0.171083,4.82702,-2.21142,0.0126859,1,4.0467,-1.86,0.608542,4.86034,-2.19368,0.444346,1,3.4065,-1.86,0.732588,4.2054,-2.1451,0.59504,1,4.14282,-1.86,0.706015,4.96107,-2.15522,0.551387,1,3.93911,-1.86,0.431463,4.74828,-2.14853,0.272589,1,3.76064,-1.86,0.542795,4.56016,-2.14166,0.401899,1,3.74501,-1.86,0.238049,4.55131,-2.1845,0.0806379,1,3.88126,-1.86,0.341061,4.69359,-2.1784,0.179344,1,3.44503,-1.86,0.285245,4.2621,-2.13893,0.146508,1,3.2053,-1.86,0.729451,3.99231,-2.09155,0.614226,1,3.87245,-1.86,0.509452,4.6803,-2.19434,0.345505,1,4.06301,-1.86,0.385146,4.87485,-2.21474,0.221541,1,3.78216,-1.86,0.093768,4.59032,-2.18244,-0.0593585,1,3.92521,-1.86,0.0977778,4.74007,-2.19542,-0.0625825,1,3.77185,-1.86,0.715182,4.56695,-2.16315,0.566341,1,3.55682,-1.86,0.104993,4.35265,-2.16288,-0.0553764,1,3.65008,-1.86,0.417595,4.44686,-2.13564,0.259476,1,
2.00004,4.39524,-3.29816,0.221151,5.2097,-3.62738,0.0739563,3.84076,-1.86,0.628481,4.64277,-2.16832,0.47563,1,3.31293,-1.86,0.473727,4.13419,-2.17751,0.328767,1,3.30481,-1.86,0.126484,4.09856,-2.15451,-0.0217455,1,3.564,-1.86,0.354778,4.3519,-2.14351,0.20647,1,3.29481,-1.86,0.662945,4.09468,-2.10836,0.532984,1,3.98855,-1.86,0.518348,4.82888,-2.2621,0.330092,1,4.16298,-1.86,0.601687,4.97635,-2.18344,0.435579,1,3.68368,-1.86,0.667084,4.47515,-2.13942,0.525882,1,3.31012,-1.86,0.233238,4.10828,-2.17143,0.0894439,1,3.54607,-1.86,0.208163,4.33394,-2.149,0.0571672,1,3.64414,-1.86,0.52794,4.4412,-2.16408,0.379503,1,3.53207,-1.86,0.510529,4.32038,-2.13559,0.365964,1,3.84882,-1.86,0.181049,4.65374,-2.17404,0.01765,1,4.08734,-1.86,0.281718,4.88956,-2.18305,0.120407,1,3.93923,-1.86,0.702076,4.7415,-2.17426,0.546499,1,3.75941,-1.86,0.396605,4.54549,-2.17136,0.236811,1,3.20169,-1.86,0.581944,3.99806,-2.1052,0.451604,1,3.67172,-1.86,0.100592,4.46835,-2.17988,-0.0571048,1,3.5257,-1.86,0.700909,4.30575,-2.13195,0.566052,1,4.15399,-1.86,0.44449,4.95921,-2.22448,0.281964,1,3.43834,-1.86,0.605126,4.26174,-2.17411,0.454292,1,3.29456,-1.86,0.337844,4.08556,-2.15708,0.192819,1,4.13251,-1.86,0.127765,4.9359,-2.21074,-0.043912,1,3.96382,-1.86,0.268945,4.76561,-2.18102,0.110749,1,3.43589,-1.86,0.156659,4.26634,-2.19291,0.00980631,1,3.45607,-1.86,0.43805,4.26327,-2.14483,0.287718,1,3.66608,-1.86,0.306397,4.45845,-2.14948,0.146527,1,4.01348,-1.86,0.171083,4.82025,-2.21176,0.0123481,1,4.0467,-1.86,0.608542,4.85529,-2.19453,0.446788,1,3.4065,-1.86,0.732588,4.2054,-2.1451,0.59504,1,4.14282,-1.86,0.706015,4.95365,-2.15538,0.551416,1,3.93911,-1.86,0.431463,4.74182,-2.15019,0.271975,1,3.76064,-1.86,0.542795,4.55503,-2.14609,0.400733,1,3.74501,-1.86,0.238049,4.54624,-2.18748,0.0814083,1,3.88126,-1.86,0.341061,4.68663,-2.17945,0.180479,1,3.44503,-1.86,0.285245,4.2621,-2.13893,0.146508,1,3.2053,-1.86,0.729451,3.99231,-2.09155,0.614226,1,3.87245,-1.86,0.509452,4.67331,-2.1956,0.345427,1,4.06301,-1.86,0.385146,4.8696,-2.21607,0.220557,1,3.78216,-1.86,0.093768,4.58515,-2.18601,-0.0617493,1,3.92521,-1.86,0.0977778,4.73398,-2.19637,-0.0623542,1,3.77185,-1.86,0.715182,4.56054,-2.16696,0.564736,1,3.55682,-1.86,0.104993,4.34791,-2.16792,-0.0558526,1,3.65008,-1.86,0.417595,4.44024,-2.13875,0.258747,1,
2.03338,4.42029,-3.29872,0.221134,5.23678,-3.62708,0.0733996,3.84076,-1.86,0.628481,4.65522,-2.16704,0.471872,1,3.31293,-1.86,0.473727,4.13419,-2.17751,0.328767,1,3.30481,-1.86,0.126484,4.09856,-2.15451,-0.0217455,1,3.564,-1.86,0.354778,4.36461,-2.14475,0.202182,1,3.29481,-1.86,0.662945,4.09468,-2.10836,0.532984,1,3.98855,-1.86,0.518348,4.84146,-2.26114,0.327441,1,4.16298,-1.86,0.601687,4.9904,-2.18231,0.433463,1,3.68368,-1.86,0.667084,4.48685,-2.1389,0.522958,1,3.31012,-1.86,0.233238,4.10828,-2.17143,0.0894439,1,3.54607,-1.86,0.208163,4.34725,-2.15036,0.0537904,1,3.64414,-1.86,0.52794,4.45397,-2.16268,0.376265,1,3.53207,-1.86,0.510529,4.33278,-2.13456,0.362064,1,3.84882,-1.86,0.181049,4.66391,-2.17358,0.0133921,1,4.08734,-1.86,0.281718,4.9041,-2.18104,0.118811,1,3.93923,-1.86,0.702076,4.75504,-2.17162,0.541754,1,3.75941,-1.86,0.396605,4.55772,-2.17014,0.23144,1,3.20169,-1.86,0.581944,3.99806,-2.1052,0.451604,1,3.67172,-1.86,0.100592,4.4798,-2.1789,-0.0609761,1,3.5257,-1.86,0.700909,4.30575,-2.13195,0.566052,1,4.15399,-1.86,0.44449,4.9736,-2.22235,0.277668,1,3.43834,-1.86,0.605126,4.26174,-2.17411,0.454292,1,3.29456,-1.86,0.337844,4.08556,-2.15708,0.192819,1,4.13251,-1.86,0.127765,4.94815,-2.21022,-0.0471731,1,3.96382,-1.86,0.268945,4.77794,-2.18077,0.107391,1,3.43589,-1.86,0.156659,4.26634,-2.19291,0.00980631,1,3.45607,-1.86,0.43805,4.26327,-2.14483,0.287718,1,3.66608,-1.86,0.306397,4.46941,-2.14933,0.14387,1,4.01348,-1.86,0.171083,4.83257,-2.21154,0.00909274,1,4.0467,-1.86,0.608542,4.86654,-2.19264,0.44184,1,3.4065,-1.86,0.732588,4.2054,-2.1451,0.59504,1,4.14282,-1.86,0.706015,4.96291,-2.15411,0.547907,1,3.93911,-1.86,0.431463,4.75215,-2.14977,0.267714,1,3.76064,-1.86,0.542795,4.56218,-2.14323,0.396195,1,3.74501,-1.86,0.238049,4.55959,-2.18662,0.0767516,1,3.88126,-1.86,0.341061,4.6993,-2.17872,0.177642,1,3.44503,-1.86,0.285245,4.2621,-2.13893,0.146508,1,3.2053,-1.86,0.729451,3.99231,-2.09155,0.614226,1,3.87245,-1.86,0.509452,4.68356,-2.19522,0.342089,1,4.06301,-1.86,0.385146,4.88214,-2.21477,0.216818,1,3.78216,-1.86,0.093768,4.59941,-2.18374,-0.0626407,1,3.92521,-1.86,0.0977778,4.74736,-2.19626,-0.0656272,1,3.77185,-1.86,0.715182,4.57096,-2.16477,0.561885,1,3.55682,-1.86,0.104993,4.35936,-2.16618,-0.0582806,1,3.65008,-1.86,0.417595,4.45256,-2.13812,0.254924,1,
2.06671,4.42973,-3.29911,0.220851,5.2521,-3.62752,0.0730668,3.84076,-1.86,0.628481,4.65676,-2.16079,0.471377,1,3.31293,-1.86,0.473727,4.13419,-2.17751,0.328767,1,3.30481,-1.86,0.126484,4.09856,-2.15451,-0.0217455,1,3.564,-1.86,0.354778,4.36412,-2.13675,0.201438,1,3.29481,-1.86,0.662945,4.09468,-2.10836,0.532984,1,3.98855,-1.86,0.518348,4.84318,-2.25571,0.326435,1,4.16298,-1.86,0.601687,4.99304,-2.17725,0.432021,1,3.68368,-1.86,0.667084,4.48701,-2.13009,0.522822,1,3.31012,-1.86,0.233238,4.10828,-2.17143,0.0894439,1,3.54607,-1.86,0.208163,4.34725,-2.15036,0.0537904,1,3.64414,-1.86,0.52794,4.45652,-2.15554,0.375497,1,3.53207,-1.86,0.510529,4.33278,-2.13456,0.362064,1,3.84882,-1.86,0.181049,4.66488,-2.16854,0.0110413,1,4.08734,-1.86,0.281718,4.90386,-2.17653,0.116106,1,3.93923,-1.86,0.702076,4.75688,-2.16499,0.541684,1,3.75941,-1.86,0.396605,4.55823,-2.16381,0.22943,1,3.20169,-1.86,0.581944,3.99806,-2.1052,0.451604,1,3.67172,-1.86,0.100592,4.48085,-2.1734,-0.0636356,1,3.5257,-1.86,0.700909,4.30575,-2.13195,0.566052,1,4.15399,-1.86,0.44449,4.97747,-2.2168,0.275131,1,3.43834,-1.86,0.605126,4.26174,-2.17411,0.454292,1,3.29456,-1.86,0.337844,4.08556,-2.15708,0.192819,1,4.13251,-1.86,0.127765,4.95317,-2.20497,-0.0497426,1,3.96382,-1.86,0.268945,4.77943,-2.17617,0.105358,1,3.43589,-1.86,0.156659,4.26634,-2.19291,0.00980631,1,3.45607,-1.86,0.43805,4.26327,-2.14483,0.287718,1,3.66608,-1.86,0.306397,4.46945,-2.14264,0.142524,1,4.01348,-1.86,0.171083,4.83399,-2.20639,0.006768,1,4.0467,-1.86,0.608542,4.86878,-2.18776,0.441299,1,3.4065,-1.86,0.732588,4.2054,-2.1451,0.59504,1,4.14282,-1.86,0.706015,4.96358,-2.14978,0.548301,1,3.93911,-1.86,0.431463,4.75454,-2.14461,0.266174,1,3.76064,-1.86,0.542795,4.56239,-2.14058,0.395483,1,3.74501,-1.86,0.238049,4.56058,-2.18037,0.0756501,1,3.88126,-1.86,0.341061,4.69949,-2.17215,0.178175,1,3.44503,-1.86,0.285245,4.2621,-2.13893,0.146508,1,3.2053,-1.86,0.729451,3.99231,-2.09155,0.614226,1,3.87245,-1.86,0.509452,4.68447,-2.18981,0.340968,1,4.06301,-1.86,0.385146,4.88478,-2.20975,0.215205,1,3.78216,-1.86,0.093768,4.59972,-2.17661,-0.0651614,1,3.92521,-1.86,0.0977778,4.7503,-2.19045,-0.0683459,1,3.77185,-1.86,0.715182,4.5722,-2.1575,0.561559,1,3.55682,-1.86,0.104993,4.35817,-2.15895,-0.0583646,1,3.65008,-1.86,0.417595,4.45219,-2.1307,0.253073,1,
2.10005,4.42973,-3.29911,0.220851,5.24788,-3.62701,0.0731699,3.84076,-1.86,0.628481,4.63629,-2.15963,0.471794,1,3.31293,-1.86,0.473727,4.13419,-2.17751,0.328767,1,3.30481,-1.86,0.126484,4.09856,-2.15451,-0.0217455,1,3.564,-1.86,0.354778,4.34406,-2.13395,0.200443,1,3.29481,-1.86,0.662945,4.09468,-2.10836,0.532984,1,3.98855,-1.86,0.518348,4.82382,-2.25431,0.326945,1,4.16298,-1.86,0.601687,4.97286,-2.17572,0.43129,1,3.68368,-1.86,0.667084,4.46514,-2.12822,0.522016,1,3.31012,-1.86,0.233238,4.10828,-2.17143,0.0894439,1,3.54607,-1.86,0.208163,4.34725,-2.15036,0.0537904,1,3.64414,-1.86,0.52794,4.43566,-2.15479,0.373974,1,3.53207,-1.86,0.510529,4.33278,-2.13456,0.362064,1,3.84882,-1.86,0.181049,4.64188,-2.16671,0.00879467,1,4.08734,-1.86,0.281718,4.88605,-2.17551,0.115688,1,3.93923,-1.86,0.702076,4.73433,-2.16437,0.540966,1,3.75941,-1.86,0.396605,4.53879,-2.16189,0.230681,1,3.20169,-1.86,0.581944,3.99806,-2.1052,0.451604,1,3.67172,-1.86,0.100592,4.45973,-2.17207,-0.0650721,1,3.5257,-1.86,0.700909,4.30575,-2.13195,0.566052,1,4.15399,-1.86,0.44449,4.95494,-2.21601,0.275639,1,3.43834,-1.86,0.605126,4.26174,-2.17411,0.454292,1,3.29456,-1.86,0.337844,4.08556,-2.15708,0.192819,1,4.13251,-1.86,0.127765,4.93322,-2.20329,-0.0499876,1,3.96382,-1.86,0.268945,4.75895,-2.1756,0.104747,1,3.43589,-1.86,0.156659,4.26634,-2.19291,0.00980631,1,3.45607,-1.86,0.43805,4.26327,-2.14483,0.287718,1,3.66608,-1.86,0.306397,4.44732,-2.14042,0.14095,1,4.01348,-1.86,0.171083,4.81355,-2.20516,0.0063081,1,4.0467,-1.86,0.608542,4.84813,-2.18607,0.441171,1,3.4065,-1.86,0.732588,4.2054,-2.1451,0.59504,1,4.14282,-1.86,0.706015,4.94161,-2.14727,0.546763,1,3.93911,-1.86,0.431463,4.73288,-2.14232,0.26536,1,3.76064,-1.86,0.542795,4.53842,-2.13626,0.394202,1,3.74501,-1.86,0.238049,4.54009,-2.1798,0.0744795,1,3.88126,-1.86,0.341061,4.67964,-2.17099,0.177647,1,3.44503,-1.86,0.285245,4.2621,-2.13893,0.146508,1,3.2053,-1.86,0.729451,3.99231,-2.09155,0.614226,1,3.87245,-1.86,0.509452,4.6639,-2.18703,0.340977,1,4.06301,-1.86,0.385146,4.86275,-2.20893,0.217482,1,3.78216,-1.86,0.093768,4.57947,-2.17744,-0.066852,1,3.92521,-1.86,0.0977778,4.72976,-2.18988,-0.0690809,1,3.77185,-1.86,0.715182,4.54937,-2.15522,0.56097,1,3.55682,-1.86,0.104993,4.35817,-2.15895,-0.0583646,1,3.65008,-1.86,0.417595,4.42971,-2.13092,0.254297,1,
2.13338,4.45532,-3.2994,0.220882,5.27578,-3.62678,0.0725937,3.84076,-1.86,0.628481,4.64651,-2.16338,0.470669,1,3.31293,-1.86,0.473727,4.13419,-2.17751,0.328767,1,3.30481,-1.86,0.126484,4.09856,-2.15451,-0.0217455,1,3.564,-1.86,0.354778,4.34406,-2.13395,0.200443,1,3.29481,-1.86,0.662945,4.09468,-2.10836,0.532984,1,3.98855,-1.86,0.518348,4.83448,-2.25647,0.326351,1,4.16298,-1.86,0.601687,4.98144,-2.17739,0.430756,1,3.68368,-1.86,0.667084,4.47598,-2.13283,0.520599,1,3.31012,-1.86,0.233238,4.10828,-2.17143,0.0894439,1,3.54607,-1.86,0.208163,4.34725,-2.15036,0.0537904,1,3.64414,-1.86,0.52794,4.44618,-2.16196,0.371725,1,3.53207,-1.86,0.510529,4.33278,-2.13456,0.362064,1,3.84882,-1.86,0.181049,4.65443,-2.16979,0.0102658,1,4.08734,-1.86,0.281718,4.89681,-2.177,0.114907,1,3.93923,-1.86,0.702076,4.7442,-2.16838,0.54078,1,3.75941,-1.86,0.396605,4.54771,-2.16584,0.230189,1,3.20169,-1.86,0.581944,3.99806,-2.1052,0.451604,1,3.67172,-1.86,0.100592,4.47136,-2.17676,-0.0643752,1,3.5257,-1.86,0.700909,4.30575,-2.13195,0.566052,1,4.15399,-1.86,0.44449,4.9627,-2.21835,0.277591,1,3.43834,-1.86,0.605126,4.26174,-2.17411,0.454292,1,3.29456,-1.86,0.337844,4.08556,-2.15708,0.192819,1,4.13251,-1.86,0.127765,4.94241,-2.2055,-0.0512227,1,3.96382,-1.86,0.268945,4.76885,-2.17884,0.10449,1,3.43589,-1.86,0.156659,4.26634,-2.19291,0.00980631,1,3.45607,-1.86,0.43805,4.26327,-2.14483,0.287718,1,3.66608,-1.86,0.306397,4.45838,-2.14523,0.140556,1,4.01348,-1.86,0.171083,4.82368,-2.2075,0.00672003,1,4.0467,-1.86,0.608542,4.85861,-2.18826,0.440421,1,3.4065,-1.86,0.732588,4.2054,-2.1451,0.59504,1,4.14282,-1.86,0.706015,4.95065,-2.14868,0.546113,1,3.93911,-1.86,0.431463,4.74277,-2.14578,0.264748,1,3.76064,-1.86,0.542795,4.54896,-2.13996,0.393678,1,3.74501,-1.86,0.238049,4.55158,-2.18453,0.0737514,1,3.88126,-1.86,0.341061,4.68966,-2.17428,0.177236,1,3.44503,-1.86,0.285245,4.2621,-2.13893,0.146508,1,3.2053,-1.86,0.729451,3.99231,-2.09155,0.614226,1,3.87245,-1.86,0.509452,4.67383,-2.18994,0.340295,1,4.06301,-1.86,0.385146,4.87291,-2.21121,0.215573,1,3.78216,-1.86,0.093768,4.5908,-2.18202,-0.0671676,1,3.92521,-1.86,0.0977778,4.74045,-2.1936,-0.069445,1,3.77185,-1.86,0.715182,4.56069,-2.15897,0.557762,1,3.55682,-1.86,0.104993,4.35817,-2.15895,-0.0583646,1,3.65008,-1.86,0.417595,4.4403,-2.13585,0.254116,1,
2.16671,4.48148,-3.29984,0.220841,5.29093,-3.62697,0.0722715,3.84076,-1.86,0.628481,4.64165,-2.1608,0.468776,1,3.31293,-1.86,0.473727,4.13419,-2.17751,0.328767,1,3.30481,-1.86,0.126484,4.09856,-2.15451,-0.0217455,1,3.564,-1.86,0.354778,4.34406,-2.13395,0.200443,1,3.29481,-1.86,0.662945,4.09468,-2.10836,0.532984,1,3.98855,-1.86,0.518348,4.83387,-2.2506,0.323766,1,4.16298,-1.86,0.601687,4.97786,-2.17061,0.43141,1,3.68368,-1.86,0.667084,4.47257,-2.13061,0.51913,1,3.31012,-1.86,0.233238,4.10828,-2.17143,0.0894439,1,3.54607,-1.86,0.208163,4.34725,-2.15036,0.0537904,1,3.64414,-1.86,0.52794,4.44274,-2.16441,0.369802,1,3.53207,-1.86,0.510529,4.33278,-2.13456,0.362064,1,3.84882,-1.86,0.181049,4.6512,-2.16374,0.0074129,1,4.08734,-1.86,0.281718,4.89345,-2.17054,0.114608,1,3.93923,-1.86,0.702076,4.7395,-2.16436,0.541062,1,3.75941,-1.86,0.396605,4.54345,-2.16699,0.228253,1,3.20169,-1.86,0.581944,3.99806,-2.1052,0.451604,1,3.67172,-1.86,0.100592,4.46971,-2.17486,-0.067116,1,3.5257,-1.86,0.700909,4.30575,-2.13195,0.566052,1,4.15399,-1.86,0.44449,4.96038,-2.2118,0.275966,1,3.43834,-1.86,0.605126,4.26174,-2.17411,0.454292,1,3.29456,-1.86,0.337844,4.08556,-2.15708,0.192819,1,4.13251,-1.86,0.127765,4.93774,-2.19938,-0.0509058,1,3.96382,-1.86,0.268945,4.76656,-2.17415,0.102004,1,3.43589,-1.86,0.156659,4.26634,-2.19291,0.00980631,1,3.45607,-1.86,0.43805,4.26327,-2.14483,0.287718,1,3.66608,-1.86,0.306397,4.45542,-2.1438,0.138545,1,4.01348,-1.86,0.171083,4.82135,-2.20214,0.00495874,1,4.0467,-1.86,0.608542,4.85302,-2.18298,0.440941,1,3.4065,-1.86,0.732588,4.2054,-2.1451,0.59504,1,4.14282,-1.86,0.706015,4.94688,-2.14175,0.547283,1,3.93911,-1.86,0.431463,4.73891,-2.14122,0.264312,1,3.76064,-1.86,0.542795,4.5435,-2.13656,0.392864,1,3.74501,-1.86,0.238049,4.54903,-2.18268,0.0722407,1,3.88126,-1.86,0.341061,4.68669,-2.17104,0.17489,1,3.44503,-1.86,0.285245,4.2621,-2.13893,0.146508,1,3.2053,-1.86,0.729451,3.99231,-2.09155,0.614226,1,3.87245,-1.86,0.509452,4.6707,-2.18641,0.338382,1,4.06301,-1.86,0.385146,4.86938,-2.20549,0.214766,1,3.78216,-1.86,0.093768,4.58775,-2.18014,-0.0691236,1,3.92521,-1.86,0.0977778,4.73779,-2.18954,-0.0712754,1,3.77185,-1.86,0.715182,4.55787,-2.15534,0.558012,1,3.55682,-1.86,0.104993,4.35817,-2.15895,-0.0583646,1,3.65008,-1.86,0.417595,4.43789,-2.13543,0.252067,1,
2.20005,4.48148,-3.29984,0.220841,5.30346,-3.62662,0.0720204,3.84076,-1.86,0.628481,4.64121,-2.16455,0.466177,1,3.31293,-1.86,0.473727,4.13419,-2.17751,0.328767,1,3.30481,-1.86,0.126484,4.09856,-2.15451,-0.0217455,1,3.564,-1.86,0.354778,4.34406,-2.13395,0.200443,1,3.29481,-1.86,0.662945,4.09468,-2.10836,0.532984,1,3.98855,-1.86,0.518348,4.83187,-2.25105,0.322197,1,4.16298,-1.86,0.601687,4.97291,-2.17037,0.428578,1,3.68368,-1.86,0.667084,4.47171,-2.13391,0.516021,1,3.31012,-1.86,0.233238,4.10828,-2.17143,0.0894439,1,3.54607,-1.86,0.208163,4.34725,-2.15036,0.0537904,1,3.64414,-1.86,0.52794,4.44242,-2.17109,0.366946,1,3.53207,-1.86,0.510529,4.33278,-2.13456,0.362064,1,3.84882,-1.86,0.181049,4.64708,-2.16775,0.00498835,1,4.08734,-1.86,0.281718,4.89016,-2.17186,0.112559,1,3.93923,-1.86,0.702076,4.73926,-2.16465,0.536536,1,3.75941,-1.86,0.396605,4.54318,-2.1726,0.226146,1,3.20169,-1.86,0.581944,3.99806,-2.1052,0.451604,1,3.67172,-1.86,0.100592,4.46878,-2.17796,-0.0688108,1,3.5257,-1.86,0.700909,4.30575,-2.13195,0.566052,1,4.15399,-1.86,0.44449,4.95871,-2.21032,0.273287,1,3.43834,-1.86,0.605126,4.26174,-2.17411,0.454292,1,3.29456,-1.86,0.337844,4.08556,-2.15708,0.192819,1,4.13251,-1.86,0.127765,4.9348,-2.20063,-0.0544966,1,3.96382,-1.86,0.268945,4.76339,-2.17548,0.099978,1,3.43589,-1.86,0.156659,4.26634,-2.19291,0.00980631,1,3.45607,-1.86,0.43805,4.26327,-2.14483,0.287718,1,3.66608,-1.86,0.306397,4.45409,-2.14803,0.136318,1,4.01348,-1.86,0.171083,4.82068,-2.20242,0.00272027,1,4.0467,-1.86,0.608542,4.85066,-2.18458,0.437349,1,3.4065,-1.86,0.732588,4.2054,-2.1451,0.59504,1,4.14282,-1.86,0.706015,4.94253,-2.14129,0.544705,1,3.93911,-1.86,0.431463,4.7355,-2.14333,0.262501,1,3.76064,-1.86,0.542795,4.54139,-2.14084,0.388772,1,3.74501,-1.86,0.238049,4.5474,-2.18663,0.0702653,1,3.88126,-1.86,0.341061,4.68497,-2.17323,0.172698,1,3.44503,-1.86,0.285245,4.2621,-2.13893,0.146508,1,3.2053,-1.86,0.729451,3.99231,-2.09155,0.614226,1,3.87245,-1.86,0.509452,4.66853,-2.18867,0.336444,1,4.06301,-1.86,0.385146,4.86564,-2.2067,0.213882,1,3.78216,-1.86,0.093768,4.58587,-2.18431,-0.0700584,1,3.92521,-1.86,0.0977778,4.73504,-2.19183,-0.0729793,1,3.77185,-1.86,0.715182,4.55596,-2.15687,0.555393,1,3.55682,-1.86,0.104993,4.35817,-2.15895,-0.0583646,1,3.65008,-1.86,0.417595,4.4364,-2.13846,0.249094,1,
2.23338,4.50714,-3.30039,0.220769,5.32997,-3.62706,0.0714535,3.84076,-1.86,0.628481,4.65174,-2.1651,0.465327,1,3.31293,-1.86,0.473727,4.13419,-2.17751,0.328767,1,3.30481,-1.86,0.126484,4.09856,-2.15451,-0.0217455,1,3.564,-1.86,0.354778,4.34406,-2.13395,0.200443,1,3.29481,-1.86,0.662945,4.09468,-2.10836,0.532984,1,3.98855,-1.86,0.518348,4.84413,-2.25507,0.321265,1,4.16298,-1.86,0.601687,4.98434,-2.17488,0.427821,1,3.68368,-1.86,0.667084,4.48368,-2.13509,0.514941,1,3.31012,-1.86,0.233238,4.10828,-2.17143,0.0894439,1,3.54607,-1.86,0.208163,4.34725,-2.15036,0.0537904,1,3.64414,-1.86,0.52794,4.45344,-2.17067,0.366302,1,3.53207,-1.86,0.510529,4.33278,-2.13456,0.362064,1,3.84882,-1.86,0.181049,4.66031,-2.17339,0.00623465,1,4.08734,-1.86,0.281718,4.90277,-2.17609,0.111681,1,3.93923,-1.86,0.702076,4.74974,-2.1664,0.535823,1,3.75941,-1.86,0.396605,4.55367,-2.17205,0.225992,1,3.20169,-1.86,0.581944,3.99806,-2.1052,0.451604,1,3.67172,-1.86,0.100592,4.48205,-2.18051,-0.068839,1,3.5257,-1.86,0.700909,4.30575,-2.13195,0.566052,1,4.15399,-1.86,0.44449,4.97102,-2.21396,0.273063,1,3.43834,-1.86,0.605126,4.26174,-2.17411,0.454292,1,3.29456,-1.86,0.337844,4.08556,-2.15708,0.192819,1,4.13251,-1.86,0.127765,4.94712,-2.20421,-0.0549473,1,3.96382,-1.86,0.268945,4.7749,-2.17996,0.0996833,1,3.43589,-1.86,0.156659,4.26634,-2.19291,0.00980631,1,3.45607,-1.86,0.43805,4.26327,-2.14483,0.287718,1,3.66608,-1.86,0.306397,4.46582,-2.15057,0.136521,1,4.01348,-1.86,0.171083,4.83175,-2.20601,0.00250397,1,4.0467,-1.86,0.608542,4.86194,-2.18748,0.436958,1,3.4065,-1.86,0.732588,4.2054,-2.1451,0.59504,1,4.14282,-1.86,0.706015,4.95386,-2.14522,0.542746,1,3.93911,-1.86,0.431463,4.7472,-2.1469,0.26131,1,3.76064,-1.86,0.542795,4.55256,-2.14257,0.387683,1,3.74501,-1.86,0.238049,4.56068,-2.18941,0.0700135,1,3.88126,-1.86,0.341061,4.69698,-2.17598,0.172287,1,3.44503,-1.86,0.285245,4.2621,-2.13893,0.146508,1,3.2053,-1.86,0.729451,3.99231,-2.09155,0.614226,1,3.87245,-1.86,0.509452,4.67971,-2.19174,0.3357,1,4.06301,-1.86,0.385146,4.87666,-2.2107,0.211843,1,3.78216,-1.86,0.093768,4.59891,-2.18675,-0.0700933,1,3.92521,-1.86,0.0977778,4.74829,-2.19535,-0.0728991,1,3.77185,-1.86,0.715182,4.56782,-2.15993,0.554757,1,3.55682,-1.86,0.104993,4.35817,-2.15895,-0.0583646,1,3.65008,-1.86,0.417595,4.44874,-2.14023,0.249197,1,
2.26672,4.51636,-3.30081,0.220384,5.34549,-3.62734,0.0711212,3.84076,-1.86,0.628481,4.6467,-2.15679,0.467584,1,3.31293,-1.86,0.473727,4.13419,-2.17751,0.328767,1,3.30481,-1.86,0.126484,4.09856,-2.15451,-0.0217455,1,3.564,-1.86,0.354778,4.34406,-2.13395,0.200443,1,3.29481,-1.86,0.662945,4.09468,-2.10836,0.532984,1,3.98855,-1.86,0.518348,4.84237,-2.2464,0.322319,1,4.16298,-1.86,0.601687,4.98106,-2.16595,0.431095,1,3.68368,-1.86,0.667084,4.47887,-2.12511,0.517488,1,3.31012,-1.86,0.233238,4.10828,-2.17143,0.0894439,1,3.54607,-1.86,0.208163,4.34725,-2.15036,0.0537904,1,3.64414,-1.86,0.52794,4.44586,-2.1601,0.368463,1,3.53207,-1.86,0.510529,4.33278,-2.13456,0.362064,1,3.84882,-1.86,0.181049,4.65569,-2.16154,0.00568473,1,4.08734,-1.86,0.281718,4.9011,-2.16598,0.111514,1,3.93923,-1.86,0.702076,4.74477,-2.15819,0.537093,1,3.75941,-1.86,0.396605,4.548,-2.16176,0.227088,1,3.20169,-1.86,0.581944,3.99806,-2.1052,0.451604,1,3.67172,-1.86,0.100592,4.47667,-2.17077,-0.0703063,1,3.5257,-1.86,0.700909,4.30575,-2.13195,0.566052,1,4.15399,-1.86,0.44449,4.96906,-2.20484,0.273841,1,3.43834,-1.86,0.605126,4.26174,-2.17411,0.454292,1,3.29456,-1.86,0.337844,4.08556,-2.15708,0.192819,1,4.13251,-1.86,0.127765,4.94626,-2.19405,-0.055891,1,3.96382,-1.86,0.268945,4.76837,-2.17138,0.0994601,1,3.43589,-1.86,0.156659,4.26634,-2.19291,0.00980631,1,3.45607,-1.86,0.43805,4.26327,-2.14483,0.287718,1,3.66608,-1.86,0.306397,4.45906,-2.14109,0.138026,1,4.01348,-1.86,0.171083,4.82961,-2.19744,0.00206991,1,4.0467,-1.86,0.608542,4.85733,-2.17861,0.439451,1,3.4065,-1.86,0.732588,4.2054,-2.1451,0.59504,1,4.14282,-1.86,0.706015,4.95003,-2.13683,0.54707,1,3.93911,-1.86,0.431463,4.74254,-2.13683,0.263152,1,3.76064,-1.86,0.542795,4.5476,-2.13092,0.390272,1,3.74501,-1.86,0.238049,4.55522,-2.17861,0.0694792,1,3.88126,-1.86,0.341061,4.69182,-2.16666,0.173321,1,3.44503,-1.86,0.285245,4.2621,-2.13893,0.146508,1,3.2053,-1.86,0.729451,3.99231,-2.09155,0.614226,1,3.87245,-1.86,0.509452,4.67402,-2.18349,0.338578,1,4.06301,-1.86,0.385146,4.87526,-2.20102,0.215124,1,3.78216,-1.86,0.093768,4.59353,-2.17613,-0.0720752,1,3.92521,-1.86,0.0977778,4.74442,-2.18499,-0.0744626,1,3.77185,-1.86,0.715182,4.56257,-2.15114,0.557125,1,3.55682,-1.86,0.104993,4.35817,-2.15895,-0.0583646,1,3.65008,-1.86,0.417595,4.44218,-2.12912,0.247337,1,
2.30005,4.52604,-3.30123,0.219911,5.34025,-3.62716,0.0712358,3.84076,-1.86,0.628481,4.63617,-2.18509,0.460493,1,3.31293,-1.86,0.473727,4.13419,-2.17751,0.328767,1,3.30481,-1.86,0.126484,4.09856,-2.15451,-0.0217455,1,3.564,-1.86,0.354778,4.34406,-2.13395,0.200443,1,3.29481,-1.86,0.662945,4.09468,-2.10836,0.532984,1,3.98855,-1.86,0.518348,4.82833,-2.27158,0.317722,1,4.16298,-1.86,0.601687,4.96379,-2.18959,0.42424,1,3.68368,-1.86,0.667084,4.471,-2.15425,0.509958,1,3.31012,-1.86,0.233238,4.10828,-2.17143,0.0894439,1,3.54607,-1.86,0.208163,4.34725,-2.15036,0.0537904,1,3.64414,-1.86,0.52794,4.44586,-2.1601,0.368463,1,3.53207,-1.86,0.510529,4.33278,-2.13456,0.362064,1,3.84882,-1.86,0.181049,4.6471,-2.18945,0.00683589,1,4.08734,-1.86,0.281718,4.88667,-2.19192,0.110748,1,3.93923,-1.86,0.702076,4.73205,-2.18562,0.528914,1,3.75941,-1.86,0.396605,4.53999,-2.19114,0.224479,1,3.20169,-1.86,0.581944,3.99806,-2.1052,0.451604,1,3.67172,-1.86,0.100592,4.47248,-2.20062,-0.0680072,1,3.5257,-1.86,0.700909,4.30575,-2.13195,0.566052,1,4.15399,-1.86,0.44449,4.95286,-2.22962,0.270772,1,3.43834,-1.86,0.605126,4.26174,-2.17411,0.454292,1,3.29456,-1.86,0.337844,4.08556,-2.15708,0.192819,1,4.13251,-1.86,0.127765,4.93083,-2.2186,-0.0527364,1,3.96382,-1.86,0.268945,4.75537,-2.20226,0.0977534,1,3.43589,-1.86,0.156659,4.26634,-2.19291,0.00980631,1,3.45607,-1.86,0.43805,4.26327,-2.14483,0.287718,1,3.66608,-1.86,0.306397,4.4544,-2.17195,0.13608,1,4.01348,-1.86,0.171083,4.81434,-2.22485,0.00398597,1,4.0467,-1.86,0.608542,4.84278,-2.2047,0.432783,1,3.4065,-1.86,0.732588,4.2054,-2.1451,0.59504,1,4.14282,-1.86,0.706015,4.93213,-2.16143,0.540324,1,3.93911,-1.86,0.431463,4.73147,-2.16485,0.259492,1,3.76064,-1.86,0.542795,4.53765,-2.15929,0.384363,1,3.74501,-1.86,0.238049,4.5486,-2.20852,0.0689691,1,3.88126,-1.86,0.341061,4.6821,-2.19607,0.171745,1,3.44503,-1.86,0.285245,4.2621,-2.13893,0.146508,1,3.2053,-1.86,0.729451,3.99231,-2.09155,0.614226,1,3.87245,-1.86,0.509452,4.6622,-2.21358,0.331529,1,4.06301,-1.86,0.385146,4.8607,-2.22596,0.213079,1,3.78216,-1.86,0.093768,4.58621,-2.20525,-0.0682613,1,3.92521,-1.86,0.0977778,4.73409,-2.2126,-0.0712343,1,3.77185,-1.86,0.715182,4.55379,-2.17991,0.548226,1,3.55682,-1.86,0.104993,4.35817,-2.15895,-0.0583646,1,3.65008,-1.86,0.417595,4.43683,-2.16111,0.24359,1,
2.33338,4.52604,-3.30123,0.219911,5.34992,-3.62761,0.0710206,3.84076,-1.86,0.628481,4.61968,-2.16653,0.467273,1,3.31293,-1.86,0.473727,4.13419,-2.17751,0.328767,1,3.30481,-1.86,0.126484,4.09856,-2.15451,-0.0217455,1,3.564,-1.86,0.354778,4.34406,-2.13395,0.200443,1,3.29481,-1.86,0.662945,4.09468,-2.10836,0.532984,1,3.98855,-1.86,0.518348,4.81493,-2.25793,0.322434,1,4.16298,-1.86,0.601687,4.95238,-2.17783,0.428906,1,3.68368,-1.86,0.667084,4.45046,-2.13568,0.517329,1,3.31012,-1.86,0.233238,4.10828,-2.17143,0.0894439,1,3.54607,-1.86,0.208163,4.34725,-2.15036,0.0537904,1,3.64414,-1.86,0.52794,4.44586,-2.1601,0.368463,1,3.53207,-1.86,0.510529,4.33278,-2.13456,0.362064,1,3.84882,-1.86,0.181049,4.6294,-2.16924,0.00712717,1,4.08734,-1.86,0.281718,4.87484,-2.17767,0.113892,1,3.93923,-1.86,0.702076,4.71551,-2.1692,0.53383,1,3.75941,-1.86,0.396605,4.52202,-2.16958,0.226301,1,3.20169,-1.86,0.581944,3.99806,-2.1052,0.451604,1,3.67172,-1.86,0.100592,4.47248,-2.20062,-0.0680072,1,3.5257,-1.86,0.700909,4.30575,-2.13195,0.566052,1,4.15399,-1.86,0.44449,4.94185,-2.21747,0.274075,1,3.43834,-1.86,0.605126,4.26174,-2.17411,0.454292,1,3.29456,-1.86,0.337844,4.08556,-2.15708,0.192819,1,4.13251,-1.86,0.127765,4.9193,-2.20571,-0.0516976,1,3.96382,-1.86,0.268945,4.74056,-2.18512,0.100244,1,3.43589,-1.86,0.156659,4.26634,-2.19291,0.00980631,1,3.45607,-1.86,0.43805,4.26327,-2.14483,0.287718,1,3.66608,-1.86,0.306397,4.4544,-2.17195,0.13608,1,4.01348,-1.86,0.171083,4.7998,-2.21168,0.00492656,1,4.0467,-1.86,0.608542,4.82819,-2.19067,0.439432,1,3.4065,-1.86,0.732588,4.2054,-2.1451,0.59504,1,4.14282,-1.86,0.706015,4.92097,-2.14954,0.546486,1,3.93911,-1.86,0.431463,4.71542,-2.14664,0.264687,1,3.76064,-1.86,0.542795,4.51906,-2.14083,0.391177,1,3.74501,-1.86,0.238049,4.52986,-2.18737,0.070103,1,3.88126,-1.86,0.341061,4.66574,-2.17663,0.173789,1,3.44503,-1.86,0.285245,4.2621,-2.13893,0.146508,1,3.2053,-1.86,0.729451,3.99231,-2.09155,0.614226,1,3.87245,-1.86,0.509452,4.64508,-2.19792,0.338079,1,4.06301,-1.86,0.385146,4.84874,-2.21123,0.215022,1,3.78216,-1.86,0.093768,4.56737,-2.1847,-0.0691002,1,3.92521,-1.86,0.0977778,4.72023,-2.19396,-0.0719877,1,3.77185,-1.86,0.715182,4.53611,-2.16082,0.557067,1,3.55682,-1.86,0.104993,4.35817,-2.15895,-0.0583646,1,3.65008,-1.86,0.417595,4.43683,-2.16111,0.24359,1,
2.36672,4.55434,-3.30192,0.219738,5.37819,-3.62768,0.070428,3.84076,-1.86,0.628481,4.63959,-2.18332,0.461388,1,3.31293,-1.86,0.473727,4.13419,-2.17751,0.328767,1,3.30481,-1.86,0.126484,4.09856,-2.15451,-0.0217455,1,3.564,-1.86,0.354778,4.34406,-2.13395,0.200443,1,3.29481,-1.86,0.662945,4.09468,-2.10836,0.532984,1,3.98855,-1.86,0.518348,4.83487,-2.27375,0.318435,1,4.16298,-1.86,0.601687,4.97128,-2.19192,0.42465,1,3.68368,-1.86,0.667084,4.45046,-2.13568,0.517329,1,3.31012,-1.86,0.233238,4.10828,-2.17143,0.0894439,1,3.54607,-1.86,0.208163,4.34725,-2.15036,0.0537904,1,3.64414,-1.86,0.52794,4.44586,-2.1601,0.368463,1,3.53207,-1.86,0.510529,4.33278,-2.13456,0.362064,1,3.84882,-1.86,0.181049,4.65182,-2.18898,0.0068785,1,4.08734,-1.86,0.281718,4.89288,-2.19443,0.112108,1,3.93923,-1.86,0.702076,4.73559,-2.18672,0.529769,1,3.75941,-1.86,0.396605,4.54409,-2.18701,0.223039,1,3.20169,-1.86,0.581944,3.99806,-2.1052,0.451604,1,3.67172,-1.86,0.100592,4.47248,-2.20062,-0.0680072,1,3.5257,-1.86,0.700909,4.30575,-2.13195,0.566052,1,4.15399,-1.86,0.44449,4.95978,-2.23267,0.270574,1,3.43834,-1.86,0.605126,4.26174,-2.17411,0.454292,1,3.29456,-1.86,0.337844,4.08556,-2.15708,0.192819,1,4.13251,-1.86,0.127765,4.93871,-2.2216,-0.0519294,1,3.96382,-1.86,0.268945,4.7588,-2.20099,0.0986648,1,3.43589,-1.86,0.156659,4.26634,-2.19291,0.00980631,1,3.45607,-1.86,0.43805,4.26327,-2.14483,0.287718,1,3.66608,-1.86,0.306397,4.4544,-2.17195,0.13608,1,4.01348,-1.86,0.171083,4.81998,-2.22874,0.00445791,1,4.0467,-1.86,0.608542,4.8472,-2.20706,0.434398,1,3.4065,-1.86,0.732588,4.2054,-2.1451,0.59504,1,4.14282,-1.86,0.706015,4.93752,-2.16355,0.541023,1,3.93911,-1.86,0.431463,4.73508,-2.16562,0.260895,1,3.76064,-1.86,0.542795,4.54072,-2.15977,0.385175,1,3.74501,-1.86,0.238049,4.55307,-2.20692,0.0693635,1,3.88126,-1.86,0.341061,4.6842,-2.19617,0.172026,1,3.44503,-1.86,0.285245,4.2621,-2.13893,0.146508,1,3.2053,-1.86,0.729451,3.99231,-2.09155,0.614226,1,3.87245,-1.86,0.509452,4.66569,-2.21526,0.333034,1,4.06301,-1.86,0.385146,4.86784,-2.22696,0.212121,1,3.78216,-1.86,0.093768,4.59059,-2.20491,-0.0691351,1,3.92521,-1.86,0.0977778,4.73993,-2.21134,-0.0709828,1,3.77185,-1.86,0.715182,4.55789,-2.1776,0.550222,1,3.55682,-1.86,0.104993,4.35817,-2.15895,-0.0583646,1,3.65008,-1.86,0.417595,4.43683,-2.16111,0.24359,1,
