time,pcwx,pcwy,pcwz,pcwHatx,pcwHaty,pcwHatz,p0wx,p0wy,p0wz,p0wHatx,p0wHaty,p0wHatz,converged0,p1wx,p1wy,p1wz,p1wHatx,p1wHaty,p1wHatz,converged1,p2wx,p2wy,p2wz,p2wHatx,p2wHaty,p2wHatz,converged2,p3wx,p3wy,p3wz,p3wHatx,p3wHaty,p3wHatz,converged3,p4wx,p4wy,p4wz,p4wHatx,p4wHaty,p4wHatz,converged4,p5wx,p5wy,p5wz,p5wHatx,p5wHaty,p5wHatz,converged5,p6wx,p6wy,p6wz,p6wHatx,p6wHaty,p6wHatz,converged6,p7wx,p7wy,p7wz,p7wHatx,p7wHaty,p7wHatz,converged7,p8wx,p8wy,p8wz,p8wHatx,p8wHaty,p8wHatz,converged8,p9wx,p9wy,p9wz,p9wHatx,p9wHaty,p9wHatz,converged9,p10wx,p10wy,p10wz,p10wHatx,p10wHaty,p10wHatz,converged10,p11wx,p11wy,p11wz,p11wHatx,p11wHaty,p11wHatz,converged11,p12wx,p12wy,p12wz,p12wHatx,p12wHaty,p12wHatz,converged12,p13wx,p13wy,p13wz,p13wHatx,p13wHaty,p13wHatz,converged13,p14wx,p14wy,p14wz,p14wHatx,p14wHaty,p14wHatz,converged14,p15wx,p15wy,p15wz,p15wHatx,p15wHaty,p15wHatz,converged15,p16wx,p16wy,p16wz,p16wHatx,p16wHaty,p16wHatz,converged16,p17wx,p17wy,p17wz,p17wHatx,p17wHaty,p17wHatz,converged17,p18wx,p18wy,p18wz,p18wHatx,p18wHaty,p18wHatz,converged18,p19wx,p19wy,p19wz,p19wHatx,p19wHaty,p19wHatz,converged19,p20wx,p20wy,p20wz,p20wHatx,p20wHaty,p20wHatz,converged20,p21wx,p21wy,p21wz,p21wHatx,p21wHaty,p21wHatz,converged21,
0,1.98878,-3.43381,0.262792,2.42263,-3.91601,0.152838,2.53942,-1.86,0.108752,3.39094,-1.14844,-0.118043,0,1.76697,-1.86,0.579841,2.03208,-1.14499,0.71107,0,2.00359,-1.86,0.78718,2.44824,-1.19436,1.05968,0,2.56867,-1.86,0.607174,3.38679,-1.29927,0.725435,0,1.90537,-1.86,0.524821,2.27829,-1.19283,0.606232,0,1.96389,-1.86,0.181005,2.37752,-1.06434,0.00464313,0,2.52251,-1.86,0.47286,3.33626,-1.22196,0.512433,0,2.5701,-1.86,0.778183,3.39363,-1.28721,1.01372,0,2.56333,-1.86,0.319655,3.41054,-1.20988,0.250614,0,2.03095,-1.86,0.409288,2.49464,-1.22807,0.403042,0,2.19649,-1.86,0.769923,2.77881,-1.21718,1.02249,0,1.81078,-1.86,0.447395,2.10262,-1.08664,0.484715,0,2.32144,-1.86,0.499459,2.99704,-1.19846,0.5615,0,1.81342,-1.86,0.767193,2.13328,-1.31917,0.985118,0,2.12639,-1.86,0.257407,2.66937,-1.09411,0.143183,0,2.41698,-1.86,0.214896,3.17861,-1.13743,0.0682778,0,1.74752,-1.86,0.21725,1.98796,-1.08055,0.0707864,0,1.64136,-1.86,0.431875,1.79784,-1.08575,0.456909,0,2.24558,-1.86,0.404912,2.8732,-1.15468,0.402195,0,2.05875,-1.86,0.677456,2.54647,-1.13038,0.886791,0,2.13081,-1.86,0.544103,2.67835,-1.08225,0.659361,0,2.66953,-1.86,0.470803,3.59408,-1.20774,0.510792,0,
0.033334,1.98878,-3.43381,0.262792,2.43799,-3.91554,0.152459,2.53942,-1.86,0.108752,3.34039,-1.26031,-0.105896,0,1.76697,-1.86,0.579841,2.04049,-1.28698,0.681856,0,2.00359,-1.86,0.78718,2.43344,-1.34558,1.00658,0,2.56867,-1.86,0.607174,3.3396,-1.40013,0.703677,0,1.90537,-1.86,0.524821,2.27449,-1.34926,0.578673,0,1.96389,-1.86,0.181005,2.36816,-1.21736,0.00996456,0,2.52251,-1.86,0.47286,3.27866,-1.35544,0.497878,0,2.5701,-1.86,0.778183,3.33093,-1.41942,0.972738,0,2.56333,-1.86,0.319655,3.35645,-1.32804,0.251254,0,2.03095,-1.86,0.409288,2.47925,-1.36627,0.389319,0,2.19649,-1.86,0.769923,2.74919,-1.35207,0.976007,0,1.81078,-1.86,0.447395,2.10774,-1.23682,0.463816,0,2.32144,-1.86,0.499459,2.96591,-1.30337,0.543522,0,1.81342,-1.86,0.767193,2.13755,-1.45427,0.943082,0,2.12639,-1.86,0.257407,2.64451,-1.24721,0.144949,0,2.41698,-1.86,0.214896,3.13479,-1.25909,0.0719224,0,1.74752,-1.86,0.21725,1.99747,-1.20193,0.0707354,0,1.64136,-1.86,0.431875,1.81858,-1.23775,0.438981,0,2.24558,-1.86,0.404912,2.83606,-1.30808,0.388674,0,2.05875,-1.86,0.677456,2.52183,-1.31993,0.837447,0,2.13081,-1.86,0.544103,2.65635,-1.21355,0.631971,0,2.66953,-1.86,0.470803,3.52343,-1.33736,0.495002,0,
0.0666681,2.01365,-3.43173,0.262714,2.45035,-3.91526,0.152151,2.53942,-1.86,0.108752,3.3012,-1.34883,-0.105791,0,1.76697,-1.86,0.579841,2.0462,-1.39264,0.657177,0,2.00359,-1.86,0.78718,2.42279,-1.4578,0.96697,0,2.56867,-1.86,0.607174,3.29673,-1.48805,0.681369,0,1.90537,-1.86,0.524821,2.2723,-1.44087,0.559199,0,1.96389,-1.86,0.181005,2.36135,-1.32006,0.012809,0,2.52251,-1.86,0.47286,3.24176,-1.43988,0.480035,0,2.5701,-1.86,0.778183,3.27729,-1.53209,0.929583,0,2.56333,-1.86,0.319655,3.31674,-1.41195,0.24295,0,2.03095,-1.86,0.409288,2.46994,-1.45232,0.377317,0,2.19649,-1.86,0.769923,2.72381,-1.46537,0.93649,0,1.81078,-1.86,0.447395,2.11415,-1.42389,0.442217,0,2.32144,-1.86,0.499459,2.92852,-1.42262,0.525875,0,1.81342,-1.86,0.767193,2.14111,-1.57708,0.896076,0,2.12639,-1.86,0.257407,2.62739,-1.3477,0.142691,0,2.41698,-1.86,0.214896,3.08625,-1.39047,0.0738977,0,1.74752,-1.86,0.21725,2.00494,-1.32784,0.0731563,0,1.64136,-1.86,0.431875,1.8332,-1.34586,0.42394,0,2.24558,-1.86,0.404912,2.81212,-1.40496,0.377454,0,2.05875,-1.86,0.677456,2.50809,-1.43558,0.803656,0,2.13081,-1.86,0.544103,2.63337,-1.3413,0.605708,0,2.66953,-1.86,0.470803,3.47713,-1.423,0.484124,0,
0.100002,2.0419,-3.4298,0.263235,2.46577,-3.91483,0.151769,2.53942,-1.86,0.108752,3.28411,-1.39382,-0.10607,0,1.76697,-1.86,0.579841,2.05184,-1.45867,0.644107,0,2.00359,-1.86,0.78718,2.41947,-1.51894,0.944198,0,2.56867,-1.86,0.607174,3.27062,-1.54706,0.666108,0,1.90537,-1.86,0.524821,2.27156,-1.51367,0.548293,0,1.96389,-1.86,0.181005,2.35753,-1.40458,0.0157007,0,2.52251,-1.86,0.47286,3.2167,-1.5006,0.469548,0,2.5701,-1.86,0.778183,3.24957,-1.59646,0.90624,0,2.56333,-1.86,0.319655,3.29012,-1.47241,0.238286,0,2.03095,-1.86,0.409288,2.46128,-1.54491,0.368246,0,2.19649,-1.86,0.769923,2.71476,-1.51831,0.917897,0,1.81078,-1.86,0.447395,2.12108,-1.50401,0.432121,0,2.32144,-1.86,0.499459,2.90359,-1.51438,0.510303,0,1.81342,-1.86,0.767193,2.14555,-1.61793,0.881319,0,2.12639,-1.86,0.257407,2.61361,-1.43953,0.140546,0,2.41698,-1.86,0.214896,3.05847,-1.47539,0.074942,0,1.74752,-1.86,0.21725,2.01484,-1.4336,0.0760768,0,1.64136,-1.86,0.431875,1.844,-1.41192,0.417091,0,2.24558,-1.86,0.404912,2.79606,-1.47687,0.368518,0,2.05875,-1.86,0.677456,2.49972,-1.51985,0.779971,0,2.13081,-1.86,0.544103,2.62041,-1.43052,0.588378,0,2.66953,-1.86,0.470803,3.4467,-1.4825,0.477942,0,
0.133336,2.0419,-3.4298,0.263235,2.47794,-3.91443,0.151469,2.53942,-1.86,0.108752,3.25646,-1.44735,-0.101346,0,1.76697,-1.86,0.579841,2.05502,-1.54749,0.624937,0,2.00359,-1.86,0.78718,2.40957,-1.60269,0.915186,0,2.56867,-1.86,0.607174,3.23807,-1.6118,0.653164,0,1.90537,-1.86,0.524821,2.26776,-1.59355,0.533965,0,1.96389,-1.86,0.181005,2.35007,-1.50407,0.0196351,0,2.52251,-1.86,0.47286,3.18664,-1.5644,0.462641,0,2.5701,-1.86,0.778183,3.22002,-1.65524,0.887381,0,2.56333,-1.86,0.319655,3.25402,-1.54513,0.236006,0,2.03095,-1.86,0.409288,2.45046,-1.64244,0.359167,0,2.19649,-1.86,0.769923,2.69656,-1.58978,0.892837,0,1.81078,-1.86,0.447395,2.12191,-1.56871,0.423129,0,2.32144,-1.86,0.499459,2.87698,-1.60155,0.496285,0,1.81342,-1.86,0.767193,2.14455,-1.69261,0.857863,0,2.12639,-1.86,0.257407,2.59739,-1.53076,0.140371,0,2.41698,-1.86,0.214896,3.03069,-1.54906,0.0775081,0,1.74752,-1.86,0.21725,2.02338,-1.54946,0.0763745,0,1.64136,-1.86,0.431875,1.85067,-1.47738,0.409324,0,2.24558,-1.86,0.404912,2.7762,-1.55019,0.362265,0,2.05875,-1.86,0.677456,2.48701,-1.61382,0.753998,0,2.13081,-1.86,0.544103,2.60267,-1.52831,0.569797,0,2.66953,-1.86,0.470803,3.4183,-1.53236,0.474566,0,
0.16667,2.06938,-3.42798,0.263742,2.50477,-3.91367,0.150805,2.53942,-1.86,0.108752,3.23513,-1.51937,-0.0922831,0,1.76697,-1.86,0.579841,2.07264,-1.62295,0.610563,0,2.00359,-1.86,0.78718,2.41552,-1.68239,0.890371,0,2.56867,-1.86,0.607174,3.2256,-1.66477,0.643071,0,1.90537,-1.86,0.524821,2.27878,-1.68217,0.520936,0,1.96389,-1.86,0.181005,2.35852,-1.58564,0.0248374,0,2.52251,-1.86,0.47286,3.16191,-1.6504,0.452615,0,2.5701,-1.86,0.778183,3.20651,-1.70959,0.8703,0,2.56333,-1.86,0.319655,3.22366,-1.63998,0.236446,0,2.03095,-1.86,0.409288,2.45601,-1.7226,0.352507,0,2.19649,-1.86,0.769923,2.69309,-1.66405,0.870669,0,1.81078,-1.86,0.447395,2.13624,-1.63056,0.417492,0,2.32144,-1.86,0.499459,2.86691,-1.68096,0.484335,0,1.81342,-1.86,0.767193,2.16077,-1.78697,0.829698,0,2.12639,-1.86,0.257407,2.59655,-1.61693,0.142338,0,2.41698,-1.86,0.214896,3.02934,-1.58745,0.0795713,0,1.74752,-1.86,0.21725,2.04309,-1.62595,0.0802072,0,1.64136,-1.86,0.431875,1.87639,-1.57451,0.399941,0,2.24558,-1.86,0.404912,2.76981,-1.62826,0.356855,0,2.05875,-1.86,0.677456,2.4919,-1.68364,0.737174,0,2.13081,-1.86,0.544103,2.60269,-1.60836,0.558144,0,2.66953,-1.86,0.470803,3.38048,-1.62395,0.461242,0,
0.200004,2.07705,-3.42723,0.262904,2.52027,-3.91323,0.150422,2.53942,-1.86,0.108752,3.20965,-1.58272,-0.0873701,0,1.76697,-1.86,0.579841,2.07753,-1.66051,0.603914,0,2.00359,-1.86,0.78718,2.4149,-1.72032,0.877069,0,2.56867,-1.86,0.607174,3.2054,-1.71167,0.63058,0,1.90537,-1.86,0.524821,2.2808,-1.72787,0.511691,0,1.96389,-1.86,0.181005,2.35783,-1.64583,0.0281981,0,2.52251,-1.86,0.47286,3.15376,-1.67708,0.447469,0,2.5701,-1.86,0.778183,3.18546,-1.759,0.854074,0,2.56333,-1.86,0.319655,3.20783,-1.68259,0.23556,0,2.03095,-1.86,0.409288,2.45486,-1.76193,0.347689,0,2.19649,-1.86,0.769923,2.68547,-1.71164,0.854759,0,1.81078,-1.86,0.447395,2.1418,-1.71,0.407931,0,2.32144,-1.86,0.499459,2.8585,-1.71967,0.476236,0,1.81342,-1.86,0.767193,2.16568,-1.83396,0.814789,0,2.12639,-1.86,0.257407,2.58766,-1.69286,0.141166,0,2.41698,-1.86,0.214896,3.00603,-1.65651,0.0792102,0,1.74752,-1.86,0.21725,2.05053,-1.68718,0.0814943,0,1.64136,-1.86,0.431875,1.88791,-1.63203,0.3963,0,2.24558,-1.86,0.404912,2.75882,-1.68543,0.35182,0,2.05875,-1.86,0.677456,2.486,-1.75675,0.717782,0,2.13081,-1.86,0.544103,2.59109,-1.701,0.543329,0,2.66953,-1.86,0.470803,3.33982,-1.70857,0.446823,0,
0.233338,2.10135,-3.42536,0.262483,2.51548,-3.9134,0.150539,2.53942,-1.86,0.108752,3.17224,-1.62743,-0.0774074,0,1.76697,-1.86,0.579841,2.06271,-1.72569,0.593222,0,2.00359,-1.86,0.78718,2.39082,-1.78594,0.859369,0,2.56867,-1.86,0.607174,3.16059,-1.77198,0.623665,0,1.90537,-1.86,0.524821,2.2618,-1.80847,0.503766,0,1.96389,-1.86,0.181005,2.33703,-1.69651,0.0346871,0,2.52251,-1.86,0.47286,3.10392,-1.75127,0.44354,0,2.5701,-1.86,0.778183,3.149,-1.8004,0.845277,0,2.56333,-1.86,0.319655,3.15477,-1.76074,0.236327,0,2.03095,-1.86,0.409288,2.43236,-1.79999,0.347869,0,2.19649,-1.86,0.769923,2.65306,-1.78361,0.837319,0,1.81078,-1.86,0.447395,2.12716,-1.77091,0.403848,0,2.32144,-1.86,0.499459,2.82289,-1.78404,0.475071,0,1.81342,-1.86,0.767193,2.14901,-1.88431,0.801568,0,2.12639,-1.86,0.257407,2.56363,-1.7345,0.145035,0,2.41698,-1.86,0.214896,2.9712,-1.70616,0.085936,0,1.74752,-1.86,0.21725,2.0365,-1.73749,0.0863859,0,1.64136,-1.86,0.431875,1.87664,-1.68346,0.39227,0,2.24558,-1.86,0.404912,2.72505,-1.75517,0.350129,0,2.05875,-1.86,0.677456,2.46099,-1.83099,0.702892,0,2.13081,-1.86,0.544103,2.56408,-1.76702,0.534683,0,2.66953,-1.86,0.470803,3.29451,-1.76614,0.44675,0,
0.266672,2.10135,-3.42536,0.262483,2.54266,-3.91263,0.149866,2.53942,-1.86,0.108752,3.16637,-1.67291,-0.0730195,0,1.76697,-1.86,0.579841,2.08138,-1.77624,0.581971,0,2.00359,-1.86,0.78718,2.40275,-1.82365,0.845708,0,2.56867,-1.86,0.607174,3.1554,-1.8166,0.614285,0,1.90537,-1.86,0.524821,2.2768,-1.84565,0.497222,0,1.96389,-1.86,0.181005,2.3496,-1.7327,0.0371365,0,2.52251,-1.86,0.47286,3.09845,-1.80178,0.437206,0,2.5701,-1.86,0.778183,3.14503,-1.8416,0.834197,0,2.56333,-1.86,0.319655,3.14683,-1.81393,0.231241,0,2.03095,-1.86,0.409288,2.44255,-1.84021,0.342794,0,2.19649,-1.86,0.769923,2.66028,-1.82211,0.823802,0,1.81078,-1.86,0.447395,2.14643,-1.84431,0.392077,0,2.32144,-1.86,0.499459,2.8272,-1.82166,0.469803,0,1.81342,-1.86,0.767193,2.16632,-1.94136,0.781759,0,2.12639,-1.86,0.257407,2.57171,-1.77302,0.144912,0,2.41698,-1.86,0.214896,2.96833,-1.75606,0.0872211,0,1.74752,-1.86,0.21725,2.05251,-1.75596,0.0841677,0,1.64136,-1.86,0.431875,1.89779,-1.72879,0.387219,0,2.24558,-1.86,0.404912,2.73089,-1.79484,0.345427,0,2.05875,-1.86,0.677456,2.47245,-1.86467,0.692293,0,2.13081,-1.86,0.544103,2.57637,-1.78421,0.530978,0,2.66953,-1.86,0.470803,3.28755,-1.80795,0.441487,0,
0.300006,2.12955,-3.42331,0.262993,2.55783,-3.9122,0.149491,2.53942,-1.86,0.108752,3.14529,-1.73001,-0.0742007,0,1.76697,-1.86,0.579841,2.08595,-1.80731,0.573442,0,2.00359,-1.86,0.78718,2.40216,-1.85726,0.830081,0,2.56867,-1.86,0.607174,3.13933,-1.85706,0.599508,0,1.90537,-1.86,0.524821,2.27962,-1.89705,0.480782,0,1.96389,-1.86,0.181005,2.35012,-1.76371,0.0333821,0,2.52251,-1.86,0.47286,3.08169,-1.85031,0.422501,0,2.5701,-1.86,0.778183,3.13464,-1.86739,0.819823,0,2.56333,-1.86,0.319655,3.13058,-1.85844,0.224459,0,2.03095,-1.86,0.409288,2.44027,-1.897,0.333911,0,2.19649,-1.86,0.769923,2.65563,-1.85424,0.809025,0,1.81078,-1.86,0.447395,2.15211,-1.88903,0.385931,0,2.32144,-1.86,0.499459,2.81537,-1.87205,0.456293,0,1.81342,-1.86,0.767193,2.17028,-1.96183,0.770891,0,2.12639,-1.86,0.257407,2.56916,-1.80266,0.141239,0,2.41698,-1.86,0.214896,2.95591,-1.80095,0.0833278,0,1.74752,-1.86,0.21725,2.05642,-1.78625,0.0805503,0,1.64136,-1.86,0.431875,1.91225,-1.79871,0.372349,0,2.24558,-1.86,0.404912,2.7262,-1.82379,0.339044,0,2.05875,-1.86,0.677456,2.47229,-1.88025,0.686391,0,2.13081,-1.86,0.544103,2.57077,-1.83015,0.516678,0,2.66953,-1.86,0.470803,3.27503,-1.83971,0.42646,0,
0.33334,2.12955,-3.42331,0.262993,2.5702,-3.9117,0.149189,2.53942,-1.86,0.108752,3.10089,-1.84243,-0.0549775,0,1.76697,-1.86,0.579841,2.09046,-1.87376,0.559659,0,2.00359,-1.86,0.78718,2.39669,-1.94329,0.802006,0,2.56867,-1.86,0.607174,3.10459,-1.93819,0.584888,0,1.90537,-1.86,0.524821,2.28019,-1.97699,0.467958,0,1.96389,-1.86,0.181005,2.34635,-1.83178,0.0380449,0,2.52251,-1.86,0.47286,3.05676,-1.91214,0.419875,0,2.5701,-1.86,0.778183,3.09735,-1.95316,0.794887,0,2.56333,-1.86,0.319655,3.10031,-1.92939,0.226742,0,2.03095,-1.86,0.409288,2.43542,-1.9664,0.329441,0,2.19649,-1.86,0.769923,2.6397,-1.93915,0.783626,0,1.81078,-1.86,0.447395,2.15589,-1.95269,0.377036,0,2.32144,-1.86,0.499459,2.79949,-1.9311,0.446205,0,1.81342,-1.86,0.767193,2.16948,-1.99073,0.762696,0,2.12639,-1.86,0.257407,2.558,-1.87784,0.143265,0,2.41698,-1.86,0.214896,2.93296,-1.86966,0.0896346,0,1.74752,-1.86,0.21725,2.06259,-1.86068,0.0850643,0,1.64136,-1.86,0.431875,1.92683,-1.88254,0.363833,0,2.24558,-1.86,0.404912,2.70719,-1.91151,0.332842,0,2.05875,-1.86,0.677456,2.46338,-1.97193,0.659733,0,2.13081,-1.86,0.544103,2.558,-1.92866,0.502396,0,2.66953,-1.86,0.470803,3.2428,-1.89998,0.422293,0,
0.366675,2.1547,-3.42133,0.262511,2.58547,-3.91115,0.148814,2.53942,-1.86,0.108752,3.06859,-1.93969,-0.0465921,0,1.76697,-1.86,0.579841,2.10186,-1.95017,0.544472,0,2.00359,-1.86,0.78718,2.39777,-2.01873,0.777878,0,2.56867,-1.86,0.607174,3.0783,-2.01266,0.56864,0,1.90537,-1.86,0.524821,2.28489,-2.03321,0.459626,0,1.96389,-1.86,0.181005,2.3486,-1.91373,0.0425748,0,2.52251,-1.86,0.47286,3.03347,-1.98212,0.410584,0,2.5701,-1.86,0.778183,3.07932,-2.00696,0.778949,0,2.56333,-1.86,0.319655,3.07254,-2.00794,0.223164,0,2.03095,-1.86,0.409288,2.435,-2.04594,0.322349,0,2.19649,-1.86,0.769923,2.63066,-2.02099,0.757518,0,1.81078,-1.86,0.447395,2.16565,-2.02799,0.369255,0,2.32144,-1.86,0.499459,2.78232,-2.01882,0.436979,0,1.81342,-1.86,0.767193,2.17527,-2.0474,0.74415,0,2.12639,-1.86,0.257407,2.55217,-1.96222,0.143666,0,2.41698,-1.86,0.214896,2.90248,-1.98704,0.0926625,0,1.74752,-1.86,0.21725,2.07651,-1.94476,0.0877607,0,1.64136,-1.86,0.431875,1.94136,-1.9429,0.358472,0,2.24558,-1.86,0.404912,2.6973,-1.98377,0.326344,0,2.05875,-1.86,0.677456,2.4631,-2.02807,0.64643,0,2.13081,-1.86,0.544103,2.55474,-1.99008,0.491626,0,2.66953,-1.86,0.470803,3.2095,-1.97699,0.412058,0,
0.400009,2.1547,-3.42133,0.262511,2.59797,-3.91085,0.148503,2.53942,-1.86,0.108752,3.04731,-2.00088,-0.0418064,0,1.76697,-1.86,0.579841,2.10767,-1.99519,0.535508,0,2.00359,-1.86,0.78718,2.39701,-2.06383,0.761701,0,2.56867,-1.86,0.607174,3.06255,-2.05399,0.558417,0,1.90537,-1.86,0.524821,2.28615,-2.07151,0.455313,0,1.96389,-1.86,0.181005,2.34912,-1.95776,0.042919,0,2.52251,-1.86,0.47286,3.0187,-2.02391,0.40499,0,2.5701,-1.86,0.778183,3.06371,-2.04494,0.764696,0,2.56333,-1.86,0.319655,3.05642,-2.05158,0.221598,0,2.03095,-1.86,0.409288,2.43435,-2.07042,0.319597,0,2.19649,-1.86,0.769923,2.6259,-2.05664,0.746215,0,1.81078,-1.86,0.447395,2.20883,-2.23464,0.346183,0,2.32144,-1.86,0.499459,2.7694,-2.0809,0.426344,0,1.81342,-1.86,0.767193,2.17829,-2.0838,0.733246,0,2.12639,-1.86,0.257407,2.54783,-2.01199,0.143922,0,2.41698,-1.86,0.214896,2.88842,-2.04251,0.0937132,0,1.74752,-1.86,0.21725,2.08276,-1.98668,0.0898836,0,1.64136,-1.86,0.431875,1.95045,-1.98885,0.35118,0,2.24558,-1.86,0.404912,2.68944,-2.02963,0.320918,0,2.05875,-1.86,0.677456,2.46055,-2.07258,0.637321,0,2.13081,-1.86,0.544103,2.55014,-2.03669,0.479006,0,2.66953,-1.86,0.470803,3.12413,-2.22844,0.376813,0,
0.433343,2.18032,-3.41927,0.261997,2.62567,-3.90994,0.147821,2.53942,-1.86,0.108752,3.01426,-2.18089,-0.025279,0,1.76697,-1.86,0.579841,2.16756,-2.1898,0.494014,0,2.00359,-1.86,0.78718,2.42658,-2.24781,0.697856,0,2.56867,-1.86,0.607174,3.03171,-2.21911,0.520372,0,1.90537,-1.86,0.524821,2.32084,-2.21555,0.426709,0,1.96389,-1.86,0.181005,2.38306,-2.14596,0.0522251,0,2.52251,-1.86,0.47286,2.99118,-2.19418,0.37964,0,2.5701,-1.86,0.778183,3.01852,-2.26008,0.691749,0,2.56333,-1.86,0.319655,3.02276,-2.22815,0.215344,0,2.03095,-1.86,0.409288,2.45658,-2.21805,0.303343,0,2.19649,-1.86,0.769923,2.63393,-2.22225,0.689983,0,1.81078,-1.86,0.447395,2.21922,-2.23184,0.345601,0,2.32144,-1.86,0.499459,2.76698,-2.22582,0.401875,0,1.81342,-1.86,0.767193,2.22567,-2.2527,0.676183,0,2.12639,-1.86,0.257407,2.56579,-2.14769,0.145327,0,2.41698,-1.86,0.214896,2.87036,-2.21931,0.0974703,0,1.74752,-1.86,0.21725,2.14528,-2.18585,0.09305,0,1.64136,-1.86,0.431875,2.03046,-2.19411,0.328808,0,2.24558,-1.86,0.404912,2.69209,-2.18998,0.304686,0,2.05875,-1.86,0.677456,2.48509,-2.24855,0.585011,0,2.13081,-1.86,0.544103,2.56453,-2.21054,0.444955,0,2.66953,-1.86,0.470803,3.12966,-2.24696,0.371852,0,
0.466677,2.18032,-3.41927,0.261997,2.64108,-3.90942,0.147441,2.53942,-1.86,0.108752,3.00858,-2.20432,-0.0247437,0,1.76697,-1.86,0.579841,2.16587,-2.19082,0.490718,0,2.00359,-1.86,0.78718,2.42646,-2.24283,0.696425,0,2.56867,-1.86,0.607174,3.02701,-2.23909,0.512341,0,1.90537,-1.86,0.524821,2.31963,-2.22275,0.423969,0,1.96389,-1.86,0.181005,2.38236,-2.14605,0.0490694,0,2.52251,-1.86,0.47286,2.98795,-2.21164,0.375459,0,2.5701,-1.86,0.778183,3.01569,-2.27367,0.684186,0,2.56333,-1.86,0.319655,3.01698,-2.25234,0.214577,0,2.03095,-1.86,0.409288,2.45576,-2.22008,0.301322,0,2.19649,-1.86,0.769923,2.63388,-2.22278,0.687346,0,1.81078,-1.86,0.447395,2.22153,-2.23649,0.342578,0,2.32144,-1.86,0.499459,2.76404,-2.23991,0.39798,0,1.81342,-1.86,0.767193,2.22454,-2.24343,0.677458,0,2.12639,-1.86,0.257407,2.56573,-2.14777,0.14279,0,2.41698,-1.86,0.214896,2.86972,-2.22986,0.0956867,0,1.74752,-1.86,0.21725,2.14354,-2.18519,0.091438,0,1.64136,-1.86,0.431875,2.02344,-2.18148,0.325471,0,2.24558,-1.86,0.404912,2.69056,-2.19849,0.301472,0,2.05875,-1.86,0.677456,2.48524,-2.24398,0.582867,0,2.13081,-1.86,0.544103,2.56322,-2.20979,0.442653,0,2.66953,-1.86,0.470803,3.12358,-2.26751,0.366718,0,
0.500011,2.20785,-3.41718,0.262473,2.65256,-3.90894,0.147161,2.53942,-1.86,0.108752,3.00025,-2.21757,-0.025679,0,1.76697,-1.86,0.579841,2.16151,-2.20018,0.485317,0,2.00359,-1.86,0.78718,2.42031,-2.24378,0.693279,0,2.56867,-1.86,0.607174,3.01795,-2.24672,0.507878,0,1.90537,-1.86,0.524821,2.31525,-2.22546,0.420524,0,1.96389,-1.86,0.181005,2.37575,-2.14875,0.0455697,0,2.52251,-1.86,0.47286,2.97779,-2.22575,0.370731,0,2.5701,-1.86,0.778183,3.00679,-2.28686,0.679483,0,2.56333,-1.86,0.319655,3.00607,-2.26912,0.212318,0,2.03095,-1.86,0.409288,2.44969,-2.22085,0.297935,0,2.19649,-1.86,0.769923,2.62639,-2.22216,0.68471,0,1.81078,-1.86,0.447395,2.21182,-2.23683,0.336455,0,2.32144,-1.86,0.499459,2.75752,-2.24077,0.394421,0,1.81342,-1.86,0.767193,2.21973,-2.24854,0.672359,0,2.12639,-1.86,0.257407,2.55877,-2.14807,0.140424,0,2.41698,-1.86,0.214896,2.861,-2.24077,0.0944082,0,1.74752,-1.86,0.21725,2.14155,-2.19534,0.0880328,0,1.64136,-1.86,0.431875,2.02374,-2.1999,0.320318,0,2.24558,-1.86,0.404912,2.68369,-2.19888,0.299152,0,2.05875,-1.86,0.677456,2.47614,-2.24492,0.581522,0,2.13081,-1.86,0.544103,2.55507,-2.20958,0.439224,0,2.66953,-1.86,0.470803,3.11286,-2.2757,0.364091,0,
0.533345,2.21884,-3.41638,0.262664,2.66329,-3.90857,0.146898,2.53942,-1.86,0.108752,2.99356,-2.21896,-0.0260079,0,1.76697,-1.86,0.579841,2.15255,-2.20139,0.483439,0,2.00359,-1.86,0.78718,2.41306,-2.24348,0.691177,0,2.56867,-1.86,0.607174,3.00986,-2.24896,0.505844,0,1.90537,-1.86,0.524821,2.30903,-2.22532,0.417544,0,1.96389,-1.86,0.181005,2.36975,-2.14927,0.0428406,0,2.52251,-1.86,0.47286,2.96998,-2.22726,0.368945,0,2.5701,-1.86,0.778183,2.99991,-2.2878,0.678898,0,2.56333,-1.86,0.319655,3.00085,-2.27186,0.210184,0,2.03095,-1.86,0.409288,2.44138,-2.22118,0.29544,0,2.19649,-1.86,0.769923,2.61977,-2.22153,0.682054,0,1.81078,-1.86,0.447395,2.2067,-2.23905,0.333913,0,2.32144,-1.86,0.499459,2.75087,-2.24104,0.393117,0,1.81342,-1.86,0.767193,2.21652,-2.24714,0.668709,0,2.12639,-1.86,0.257407,2.5515,-2.14835,0.138065,0,2.41698,-1.86,0.214896,2.8538,-2.24175,0.0922184,0,1.74752,-1.86,0.21725,2.13415,-2.19604,0.0851915,0,1.64136,-1.86,0.431875,2.01503,-2.1998,0.319572,0,2.24558,-1.86,0.404912,2.67709,-2.19895,0.296238,0,2.05875,-1.86,0.677456,2.47184,-2.24477,0.581286,0,2.13081,-1.86,0.544103,2.54848,-2.20949,0.437585,0,2.66953,-1.86,0.470803,3.10351,-2.27916,0.36291,0,
0.566679,2.24747,-3.41438,0.263161,2.67889,-3.90803,0.146514,2.53942,-1.86,0.108752,2.99057,-2.21872,-0.0289722,0,1.76697,-1.86,0.579841,2.14997,-2.2013,0.482284,0,2.00359,-1.86,0.78718,2.41101,-2.24235,0.689773,0,2.56867,-1.86,0.607174,3.00705,-2.24801,0.503143,0,1.90537,-1.86,0.524821,2.30577,-2.22477,0.416115,0,1.96389,-1.86,0.181005,2.36807,-2.14853,0.0417531,0,2.52251,-1.86,0.47286,2.96376,-2.22601,0.365842,0,2.5701,-1.86,0.778183,2.99797,-2.28687,0.676285,0,2.56333,-1.86,0.319655,2.99825,-2.27013,0.207393,0,2.03095,-1.86,0.409288,2.4392,-2.2204,0.294031,0,2.19649,-1.86,0.769923,2.61786,-2.22041,0.680622,0,1.81078,-1.86,0.447395,2.20366,-2.23686,0.331767,0,2.32144,-1.86,0.499459,2.74859,-2.24013,0.392066,0,1.81342,-1.86,0.767193,2.21124,-2.24673,0.667157,0,2.12639,-1.86,0.257407,2.5489,-2.14773,0.136856,0,2.41698,-1.86,0.214896,2.85084,-2.24128,0.0892909,0,1.74752,-1.86,0.21725,2.13233,-2.19639,0.0833865,0,1.64136,-1.86,0.431875,2.01285,-2.2008,0.318291,0,2.24558,-1.86,0.404912,2.67461,-2.19817,0.295139,0,2.05875,-1.86,0.677456,2.46705,-2.24389,0.579403,0,2.13081,-1.86,0.544103,2.54652,-2.20854,0.435948,0,2.66953,-1.86,0.470803,3.10046,-2.27927,0.361724,0,
0.600013,2.24747,-3.41438,0.263161,2.69126,-3.90772,0.146207,2.53942,-1.86,0.108752,2.9864,-2.21963,-0.0282227,0,1.76697,-1.86,0.579841,2.1467,-2.20221,0.482181,0,2.00359,-1.86,0.78718,2.40643,-2.24355,0.689527,0,2.56867,-1.86,0.607174,3.00179,-2.24846,0.503862,0,1.90537,-1.86,0.524821,2.30164,-2.22678,0.417778,0,1.96389,-1.86,0.181005,2.36547,-2.14963,0.0409084,0,2.52251,-1.86,0.47286,2.96043,-2.22899,0.368753,0,2.5701,-1.86,0.778183,2.9939,-2.28732,0.676943,0,2.56333,-1.86,0.319655,2.99056,-2.2706,0.206543,0,2.03095,-1.86,0.409288,2.43667,-2.22131,0.295138,0,2.19649,-1.86,0.769923,2.61312,-2.22112,0.680574,0,1.81078,-1.86,0.447395,2.20062,-2.23864,0.331656,0,2.32144,-1.86,0.499459,2.7445,-2.24083,0.393907,0,1.81342,-1.86,0.767193,2.20766,-2.24997,0.667651,0,2.12639,-1.86,0.257407,2.54476,-2.14858,0.136328,0,2.41698,-1.86,0.214896,2.84794,-2.24187,0.0911574,0,1.74752,-1.86,0.21725,2.1266,-2.19869,0.0845045,0,1.64136,-1.86,0.431875,2.00975,-2.20194,0.317007,0,2.24558,-1.86,0.404912,2.67048,-2.1988,0.29582,0,2.05875,-1.86,0.677456,2.46244,-2.24506,0.579245,0,2.13081,-1.86,0.544103,2.54181,-2.20946,0.435937,0,2.66953,-1.86,0.470803,3.09471,-2.27969,0.366286,0,
0.633347,2.27481,-3.41239,0.263636,2.71799,-3.90682,0.145549,2.53942,-1.86,0.108752,2.99496,-2.21912,-0.027104,0,1.76697,-1.86,0.579841,2.15559,-2.19948,0.477414,0,2.00359,-1.86,0.78718,2.41542,-2.24221,0.686588,0,2.56867,-1.86,0.607174,3.00929,-2.24842,0.503615,0,1.90537,-1.86,0.524821,2.31105,-2.22512,0.412843,0,1.96389,-1.86,0.181005,2.37333,-2.14956,0.0375318,0,2.52251,-1.86,0.47286,2.96763,-2.22702,0.367964,0,2.5701,-1.86,0.778183,3.00266,-2.28693,0.675561,0,2.56333,-1.86,0.319655,3.00011,-2.27273,0.207377,0,2.03095,-1.86,0.409288,2.44484,-2.22059,0.290117,0,2.19649,-1.86,0.769923,2.61977,-2.21992,0.67639,0,1.81078,-1.86,0.447395,2.21027,-2.23649,0.327283,0,2.32144,-1.86,0.499459,2.75476,-2.24016,0.388667,0,1.81342,-1.86,0.767193,2.2177,-2.24665,0.66269,0,2.12639,-1.86,0.257407,2.55447,-2.14836,0.132283,0,2.41698,-1.86,0.214896,2.85717,-2.24159,0.0879508,0,1.74752,-1.86,0.21725,2.13798,-2.19789,0.0786181,0,1.64136,-1.86,0.431875,2.01958,-2.19895,0.312004,0,2.24558,-1.86,0.404912,2.67908,-2.19866,0.29436,0,2.05875,-1.86,0.677456,2.4708,-2.24354,0.574505,0,2.13081,-1.86,0.544103,2.54908,-2.20882,0.432115,0,2.66953,-1.86,0.470803,3.10263,-2.28053,0.365338,0,
0.666681,2.27946,-3.41193,0.263079,2.73333,-3.90629,0.145172,2.53942,-1.86,0.108752,2.9962,-2.21152,-0.0266747,0,1.76697,-1.86,0.579841,2.14944,-2.19263,0.477605,0,2.00359,-1.86,0.78718,2.41082,-2.23425,0.68867,0,2.56867,-1.86,0.607174,3.00765,-2.24074,0.505973,0,1.90537,-1.86,0.524821,2.30718,-2.21675,0.413143,0,1.96389,-1.86,0.181005,2.37157,-2.14086,0.0374871,0,2.52251,-1.86,0.47286,2.96531,-2.21896,0.367632,0,2.5701,-1.86,0.778183,3.00096,-2.28014,0.680354,0,2.56333,-1.86,0.319655,2.99847,-2.26292,0.205779,0,2.03095,-1.86,0.409288,2.4426,-2.21184,0.291603,0,2.19649,-1.86,0.769923,2.61558,-2.21187,0.680297,0,1.81078,-1.86,0.447395,2.20409,-2.2294,0.32734,0,2.32144,-1.86,0.499459,2.75245,-2.23122,0.390217,0,1.81342,-1.86,0.767193,2.21089,-2.23956,0.663602,0,2.12639,-1.86,0.257407,2.55226,-2.13918,0.132247,0,2.41698,-1.86,0.214896,2.85729,-2.23296,0.0894652,0,1.74752,-1.86,0.21725,2.13449,-2.18882,0.0776948,0,1.64136,-1.86,0.431875,2.01552,-2.19155,0.311204,0,2.24558,-1.86,0.404912,2.67756,-2.18949,0.295195,0,2.05875,-1.86,0.677456,2.4688,-2.23466,0.575406,0,2.13081,-1.86,0.544103,2.5475,-2.19985,0.434272,0,2.66953,-1.86,0.470803,3.10436,-2.27322,0.367503,0,
0.700015,2.30868,-3.40971,0.263575,2.72822,-3.90643,0.145298,2.53942,-1.86,0.108752,2.97427,-2.21041,-0.0311739,0,1.76697,-1.86,0.579841,2.13207,-2.1998,0.476785,0,2.00359,-1.86,0.78718,2.39356,-2.2382,0.686145,0,2.56867,-1.86,0.607174,2.98754,-2.23967,0.502669,0,1.90537,-1.86,0.524821,2.28928,-2.22194,0.410749,0,1.96389,-1.86,0.181005,2.34869,-2.14686,0.0357812,0,2.52251,-1.86,0.47286,2.94548,-2.21851,0.362843,0,2.5701,-1.86,0.778183,2.982,-2.27866,0.675063,0,2.56333,-1.86,0.319655,2.97873,-2.26306,0.201573,0,2.03095,-1.86,0.409288,2.42249,-2.21642,0.288904,0,2.19649,-1.86,0.769923,2.59654,-2.21412,0.677154,0,1.81078,-1.86,0.447395,2.18724,-2.23628,0.326183,0,2.32144,-1.86,0.499459,2.73019,-2.23304,0.388717,0,1.81342,-1.86,0.767193,2.19485,-2.24586,0.661594,0,2.12639,-1.86,0.257407,2.53163,-2.14324,0.130243,0,2.41698,-1.86,0.214896,2.83616,-2.23379,0.0863434,0,1.74752,-1.86,0.21725,2.11575,-2.19562,0.0772073,0,1.64136,-1.86,0.431875,1.99638,-2.19955,0.311762,0,2.24558,-1.86,0.404912,2.65844,-2.19189,0.29117,0,2.05875,-1.86,0.677456,2.44954,-2.23837,0.572643,0,2.13081,-1.86,0.544103,2.52865,-2.20316,0.431183,0,2.66953,-1.86,0.470803,3.08353,-2.2689,0.361179,0,
0.733349,2.30868,-3.40971,0.263575,2.75674,-3.90537,0.144599,2.53942,-1.86,0.108752,2.9832,-2.21021,-0.0339691,0,1.76697,-1.86,0.579841,2.1446,-2.19486,0.477347,0,2.00359,-1.86,0.78718,2.40771,-2.23493,0.684873,0,2.56867,-1.86,0.607174,3.00121,-2.23802,0.499537,0,1.90537,-1.86,0.524821,2.29999,-2.21935,0.410132,0,1.96389,-1.86,0.181005,2.36003,-2.14557,0.0344411,0,2.52251,-1.86,0.47286,2.95855,-2.21716,0.361406,0,2.5701,-1.86,0.778183,2.99571,-2.27653,0.672257,0,2.56333,-1.86,0.319655,2.9906,-2.26152,0.199136,0,2.03095,-1.86,0.409288,2.43197,-2.21497,0.287698,0,2.19649,-1.86,0.769923,2.60938,-2.21234,0.676023,0,1.81078,-1.86,0.447395,2.1976,-2.2322,0.325941,0,2.32144,-1.86,0.499459,2.74353,-2.23159,0.386033,0,1.81342,-1.86,0.767193,2.20485,-2.24125,0.661384,0,2.12639,-1.86,0.257407,2.54134,-2.14195,0.129355,0,2.41698,-1.86,0.214896,2.84735,-2.23294,0.0842604,0,1.74752,-1.86,0.21725,2.12558,-2.19385,0.0760626,0,1.64136,-1.86,0.431875,2.00725,-2.19751,0.311657,0,2.24558,-1.86,0.404912,2.66891,-2.19063,0.289746,0,2.05875,-1.86,0.677456,2.46194,-2.23606,0.570867,0,2.13081,-1.86,0.544103,2.54022,-2.20148,0.429874,0,2.66953,-1.86,0.470803,3.09507,-2.26929,0.36089,0,
0.766683,2.33648,-3.40763,0.264047,2.77262,-3.90477,0.14421,2.53942,-1.86,0.108752,2.98198,-2.21554,-0.0327962,0,1.76697,-1.86,0.579841,2.14395,-2.20004,0.476417,0,2.00359,-1.86,0.78718,2.40533,-2.24083,0.683094,0,2.56867,-1.86,0.607174,2.99778,-2.24198,0.500595,0,1.90537,-1.86,0.524821,2.29945,-2.22539,0.408772,0,1.96389,-1.86,0.181005,2.35934,-2.15092,0.0341834,0,2.52251,-1.86,0.47286,2.95864,-2.222,0.363418,0,2.5701,-1.86,0.778183,2.99292,-2.28045,0.672253,0,2.56333,-1.86,0.319655,2.98917,-2.26618,0.202986,0,2.03095,-1.86,0.409288,2.43444,-2.22036,0.287518,0,2.19649,-1.86,0.769923,2.60689,-2.21811,0.674939,0,1.81078,-1.86,0.447395,2.19834,-2.23803,0.325343,0,2.32144,-1.86,0.499459,2.73851,-2.23752,0.387713,0,1.81342,-1.86,0.767193,2.20316,-2.24766,0.658852,0,2.12639,-1.86,0.257407,2.54083,-2.14777,0.129434,0,2.41698,-1.86,0.214896,2.84674,-2.23818,0.0862789,0,1.74752,-1.86,0.21725,2.12492,-2.20049,0.0755629,0,1.64136,-1.86,0.431875,2.00955,-2.20126,0.309532,0,2.24558,-1.86,0.404912,2.66806,-2.19643,0.290525,0,2.05875,-1.86,0.677456,2.45859,-2.24276,0.571928,0,2.13081,-1.86,0.544103,2.53855,-2.20741,0.428957,0,2.66953,-1.86,0.470803,3.09271,-2.2724,0.361878,0,
0.800017,2.33648,-3.40763,0.264047,2.78396,-3.90439,0.143931,2.53942,-1.86,0.108752,2.97693,-2.21885,-0.0304974,0,1.76697,-1.86,0.579841,2.14157,-2.19879,0.476691,0,2.00359,-1.86,0.78718,2.40449,-2.24051,0.683202,0,2.56867,-1.86,0.607174,2.99461,-2.24638,0.49676,0,1.90537,-1.86,0.524821,2.29583,-2.22482,0.409811,0,1.96389,-1.86,0.181005,2.35826,-2.14973,0.0346443,0,2.52251,-1.86,0.47286,2.95474,-2.22535,0.360734,0,2.5701,-1.86,0.778183,2.99096,-2.28448,0.669268,0,2.56333,-1.86,0.319655,2.98607,-2.2705,0.202312,0,2.03095,-1.86,0.409288,2.43316,-2.21943,0.287112,0,2.19649,-1.86,0.769923,2.6049,-2.21833,0.672463,0,1.81078,-1.86,0.447395,2.19568,-2.23605,0.325602,0,2.32144,-1.86,0.499459,2.73598,-2.23962,0.386885,0,1.81342,-1.86,0.767193,2.20046,-2.24662,0.658778,0,2.12639,-1.86,0.257407,2.5371,-2.14854,0.127631,0,2.41698,-1.86,0.214896,2.84624,-2.24139,0.0852174,0,1.74752,-1.86,0.21725,2.12275,-2.19831,0.0767232,0,1.64136,-1.86,0.431875,2.00526,-2.19731,0.307021,0,2.24558,-1.86,0.404912,2.66497,-2.19799,0.289244,0,2.05875,-1.86,0.677456,2.45654,-2.24258,0.570808,0,2.13081,-1.86,0.544103,2.53514,-2.20792,0.427842,0,2.66953,-1.86,0.470803,3.08912,-2.27785,0.35949,0,
0.833351,2.36082,-3.40577,0.263133,2.81041,-3.90339,0.143283,2.53942,-1.86,0.108752,2.98824,-2.21778,-0.0408621,0,1.76697,-1.86,0.579841,2.153,-2.19283,0.47305,0,2.00359,-1.86,0.78718,2.41728,-2.23445,0.678529,0,2.56867,-1.86,0.607174,3.00669,-2.24241,0.491189,0,1.90537,-1.86,0.524821,2.30869,-2.21914,0.404526,0,1.96389,-1.86,0.181005,2.36786,-2.14607,0.0278188,0,2.52251,-1.86,0.47286,2.96547,-2.22208,0.354768,0,2.5701,-1.86,0.778183,3.0082,-2.28099,0.665568,0,2.56333,-1.86,0.319655,3.00061,-2.26787,0.194135,0,2.03095,-1.86,0.409288,2.44116,-2.21596,0.281981,0,2.19649,-1.86,0.769923,2.61791,-2.21326,0.667992,0,1.81078,-1.86,0.447395,2.20593,-2.23116,0.320608,0,2.32144,-1.86,0.499459,2.74718,-2.23546,0.380281,0,1.81342,-1.86,0.767193,2.21335,-2.23947,0.65622,0,2.12639,-1.86,0.257407,2.54647,-2.14515,0.121641,0,2.41698,-1.86,0.214896,2.85533,-2.23846,0.0778322,0,1.74752,-1.86,0.21725,2.13061,-2.19345,0.069843,0,1.64136,-1.86,0.431875,2.01536,-2.19359,0.302042,0,2.24558,-1.86,0.404912,2.67517,-2.19417,0.283087,0,2.05875,-1.86,0.677456,2.46835,-2.23703,0.566292,0,2.13081,-1.86,0.544103,2.54497,-2.20349,0.42207,0,2.66953,-1.86,0.470803,3.10129,-2.27438,0.353727,0,
0.866685,2.36863,-3.40521,0.261986,2.8256,-3.9028,0.142911,2.53942,-1.86,0.108752,2.98615,-2.21423,-0.0436071,0,1.76697,-1.86,0.579841,2.14735,-2.19008,0.466782,0,2.00359,-1.86,0.78718,2.4115,-2.23137,0.674762,0,2.56867,-1.86,0.607174,3.00239,-2.23757,0.488737,0,1.90537,-1.86,0.524821,2.30352,-2.216,0.400762,0,1.96389,-1.86,0.181005,2.36517,-2.144,0.023534,0,2.52251,-1.86,0.47286,2.96419,-2.21817,0.353119,0,2.5701,-1.86,0.778183,3.00411,-2.27521,0.664042,0,2.56333,-1.86,0.319655,2.99553,-2.26305,0.195554,0,2.03095,-1.86,0.409288,2.43981,-2.21284,0.277791,0,2.19649,-1.86,0.769923,2.61244,-2.20955,0.665592,0,1.81078,-1.86,0.447395,2.20149,-2.2291,0.315971,0,2.32144,-1.86,0.499459,2.74725,-2.23115,0.37632,0,1.81342,-1.86,0.767193,2.20718,-2.23567,0.651279,0,2.12639,-1.86,0.257407,2.54457,-2.14178,0.117814,0,2.41698,-1.86,0.214896,2.85753,-2.23497,0.0774878,0,1.74752,-1.86,0.21725,2.12766,-2.19272,0.0650662,0,1.64136,-1.86,0.431875,2.01333,-2.19094,0.29539,0,2.24558,-1.86,0.404912,2.67413,-2.19028,0.280322,0,2.05875,-1.86,0.677456,2.46681,-2.23211,0.559424,0,2.13081,-1.86,0.544103,2.54024,-2.19977,0.41658,0,2.66953,-1.86,0.470803,3.09675,-2.26921,0.348631,0,
0.900019,2.36863,-3.40521,0.261986,2.82018,-3.90299,0.143044,2.53942,-1.86,0.108752,2.96673,-2.2199,-0.0462234,0,1.76697,-1.86,0.579841,2.13413,-2.19992,0.463509,0,2.00359,-1.86,0.78718,2.39517,-2.23755,0.669688,0,2.56867,-1.86,0.607174,2.98411,-2.24299,0.484613,0,1.90537,-1.86,0.524821,2.28752,-2.22385,0.395311,0,1.96389,-1.86,0.181005,2.35008,-2.15085,0.0223565,0,2.52251,-1.86,0.47286,2.94317,-2.2228,0.348107,0,2.5701,-1.86,0.778183,2.98641,-2.2799,0.659087,0,2.56333,-1.86,0.319655,2.9758,-2.26919,0.190376,0,2.03095,-1.86,0.409288,2.42181,-2.21949,0.273792,0,2.19649,-1.86,0.769923,2.59403,-2.21458,0.660975,0,1.81078,-1.86,0.447395,2.18751,-2.23733,0.312393,0,2.32144,-1.86,0.499459,2.72651,-2.23691,0.373597,0,1.81342,-1.86,0.767193,2.19191,-2.24448,0.645672,0,2.12639,-1.86,0.257407,2.52539,-2.14865,0.114594,0,2.41698,-1.86,0.214896,2.83698,-2.24053,0.0732242,0,1.74752,-1.86,0.21725,2.11279,-2.20026,0.0637468,0,1.64136,-1.86,0.431875,1.99843,-2.20042,0.296124,0,2.24558,-1.86,0.404912,2.65565,-2.19624,0.276652,0,2.05875,-1.86,0.677456,2.45028,-2.23833,0.554764,0,2.13081,-1.86,0.544103,2.52516,-2.2056,0.412746,0,2.66953,-1.86,0.470803,3.07922,-2.27629,0.344252,0,
0.933353,2.36863,-3.40521,0.261986,2.83494,-3.90239,0.142684,2.53942,-1.86,0.108752,2.969,-2.22541,-0.0428955,0,1.76697,-1.86,0.579841,2.13593,-2.19821,0.465012,0,2.00359,-1.86,0.78718,2.39931,-2.23937,0.670212,0,2.56867,-1.86,0.607174,2.98546,-2.24882,0.486352,0,1.90537,-1.86,0.524821,2.28738,-2.22641,0.395422,0,1.96389,-1.86,0.181005,2.35136,-2.15313,0.0243972,0,2.52251,-1.86,0.47286,2.94244,-2.22928,0.351916,0,2.5701,-1.86,0.778183,2.98829,-2.28551,0.65958,0,2.56333,-1.86,0.319655,2.976,-2.27503,0.19428,0,2.03095,-1.86,0.409288,2.42447,-2.2228,0.275321,0,2.19649,-1.86,0.769923,2.59593,-2.219,0.662052,0,1.81078,-1.86,0.447395,2.18687,-2.23798,0.311585,0,2.32144,-1.86,0.499459,2.72871,-2.24203,0.375849,0,1.81342,-1.86,0.767193,2.19326,-2.24458,0.645334,0,2.12639,-1.86,0.257407,2.52675,-2.15264,0.11654,0,2.41698,-1.86,0.214896,2.83761,-2.24587,0.0752153,0,1.74752,-1.86,0.21725,2.11332,-2.20007,0.0655833,0,1.64136,-1.86,0.431875,1.99672,-2.20037,0.298737,0,2.24558,-1.86,0.404912,2.65621,-2.2011,0.278737,0,2.05875,-1.86,0.677456,2.45177,-2.24199,0.55689,0,2.13081,-1.86,0.544103,2.52771,-2.20917,0.415214,0,2.66953,-1.86,0.470803,3.07978,-2.28084,0.34599,0,
0.966688,2.41508,-3.40132,0.262701,2.86554,-3.90095,0.141942,2.53942,-1.86,0.108752,2.9789,-2.21675,-0.0356961,0,1.76697,-1.86,0.579841,2.14408,-2.19011,0.476671,0,2.00359,-1.86,0.78718,2.40868,-2.23231,0.679629,0,2.56867,-1.86,0.607174,2.99738,-2.24316,0.495489,0,1.90537,-1.86,0.524821,2.29815,-2.21662,0.402631,0,1.96389,-1.86,0.181005,2.36267,-2.14257,0.0306149,0,2.52251,-1.86,0.47286,2.9526,-2.22307,0.362609,0,2.5701,-1.86,0.778183,2.99952,-2.28155,0.670235,0,2.56333,-1.86,0.319655,2.98921,-2.26801,0.201215,0,2.03095,-1.86,0.409288,2.43398,-2.21333,0.283777,0,2.19649,-1.86,0.769923,2.60576,-2.21288,0.671702,0,1.81078,-1.86,0.447395,2.19787,-2.22852,0.319305,0,2.32144,-1.86,0.499459,2.74026,-2.23483,0.384378,0,1.81342,-1.86,0.767193,2.2014,-2.23702,0.65596,0,2.12639,-1.86,0.257407,2.53619,-2.14301,0.125026,0,2.41698,-1.86,0.214896,2.84904,-2.23787,0.0818093,0,1.74752,-1.86,0.21725,2.11992,-2.19015,0.072289,0,1.64136,-1.86,0.431875,2.004,-2.19377,0.311376,0,2.24558,-1.86,0.404912,2.66726,-2.19296,0.287126,0,2.05875,-1.86,0.677456,2.46194,-2.23458,0.566425,0,2.13081,-1.86,0.544103,2.53813,-2.20122,0.424261,0,2.66953,-1.86,0.470803,3.09266,-2.27471,0.352784,0,
1.00002,2.44227,-3.39922,0.263121,2.88053,-3.90022,0.141579,2.53942,-1.86,0.108752,2.97577,-2.19776,-0.0286426,0,1.76697,-1.86,0.579841,2.13814,-2.18634,0.490865,0,2.00359,-1.86,0.78718,2.40368,-2.22483,0.695185,0,2.56867,-1.86,0.607174,2.997,-2.22772,0.510376,0,1.90537,-1.86,0.524821,2.29212,-2.20595,0.416824,0,1.96389,-1.86,0.181005,2.3559,-2.12968,0.0418002,0,2.52251,-1.86,0.47286,2.95182,-2.20642,0.376494,0,2.5701,-1.86,0.778183,2.99956,-2.26933,0.687248,0,2.56333,-1.86,0.319655,2.98955,-2.24994,0.212578,0,2.03095,-1.86,0.409288,2.42913,-2.20132,0.296626,0,2.19649,-1.86,0.769923,2.60248,-2.2024,0.689448,0,1.81078,-1.86,0.447395,2.19288,-2.21748,0.330263,0,2.32144,-1.86,0.499459,2.73683,-2.21968,0.398885,0,1.81342,-1.86,0.767193,2.19706,-2.23064,0.668692,0,2.12639,-1.86,0.257407,2.53089,-2.12799,0.1365,0,2.41698,-1.86,0.214896,2.84719,-2.21966,0.0926613,0,1.74752,-1.86,0.21725,2.11529,-2.18158,0.084679,0,1.64136,-1.86,0.431875,1.99929,-2.19267,0.323078,0,2.24558,-1.86,0.404912,2.66376,-2.17763,0.30162,0,2.05875,-1.86,0.677456,2.45779,-2.22462,0.58076,0,2.13081,-1.86,0.544103,2.53402,-2.1889,0.439516,0,2.66953,-1.86,0.470803,3.094,-2.25802,0.365636,0,
1.03336,2.44227,-3.39922,0.263121,2.89212,-3.89993,0.141291,2.53942,-1.86,0.108752,2.97232,-2.20746,-0.021618,0,1.76697,-1.86,0.579841,2.15059,-2.21746,0.493493,0,2.00359,-1.86,0.78718,2.40744,-2.24988,0.697291,0,2.56867,-1.86,0.607174,2.99336,-2.23907,0.515289,0,1.90537,-1.86,0.524821,2.29904,-2.23373,0.422065,0,1.96389,-1.86,0.181005,2.35998,-2.15439,0.0513887,0,2.52251,-1.86,0.47286,2.94968,-2.21789,0.3795,0,2.5701,-1.86,0.778183,2.99649,-2.28099,0.692431,0,2.56333,-1.86,0.319655,2.9883,-2.26029,0.218055,0,2.03095,-1.86,0.409288,2.4331,-2.22464,0.302494,0,2.19649,-1.86,0.769923,2.60228,-2.22251,0.691079,0,1.81078,-1.86,0.447395,2.20265,-2.24353,0.332795,0,2.32144,-1.86,0.499459,2.73817,-2.23531,0.400419,0,1.81342,-1.86,0.767193,2.20367,-2.25774,0.669256,0,2.12639,-1.86,0.257407,2.53263,-2.14821,0.144876,0,2.41698,-1.86,0.214896,2.84509,-2.23212,0.101517,0,1.74752,-1.86,0.21725,2.12689,-2.20977,0.0919202,0,1.64136,-1.86,0.431875,2.01132,-2.22319,0.327146,0,2.24558,-1.86,0.404912,2.66249,-2.1957,0.30685,0,2.05875,-1.86,0.677456,2.46116,-2.24694,0.581606,0,2.13081,-1.86,0.544103,2.53171,-2.21106,0.441595,0,2.66953,-1.86,0.470803,3.09116,-2.26723,0.37156,0,
1.06669,2.46403,-3.3978,0.262671,2.90692,-3.89936,0.140929,2.53942,-1.86,0.108752,2.97147,-2.21635,-0.0177464,0,1.76697,-1.86,0.579841,2.14271,-2.20654,0.4996,0,2.00359,-1.86,0.78718,2.40696,-2.24629,0.700318,0,2.56867,-1.86,0.607174,2.99235,-2.24881,0.516108,0,1.90537,-1.86,0.524821,2.29707,-2.22813,0.427693,0,1.96389,-1.86,0.181005,2.35539,-2.14945,0.0521651,0,2.52251,-1.86,0.47286,2.9427,-2.22661,0.381026,0,2.5701,-1.86,0.778183,2.99836,-2.29015,0.691572,0,2.56333,-1.86,0.319655,2.98676,-2.26952,0.219996,0,2.03095,-1.86,0.409288,2.43251,-2.22036,0.30473,0,2.19649,-1.86,0.769923,2.60424,-2.22294,0.693956,0,1.81078,-1.86,0.447395,2.20002,-2.23304,0.335797,0,2.32144,-1.86,0.499459,2.73975,-2.23919,0.402559,0,1.81342,-1.86,0.767193,2.20335,-2.24992,0.672278,0,2.12639,-1.86,0.257407,2.53186,-2.14685,0.147435,0,2.41698,-1.86,0.214896,2.84359,-2.2386,0.103503,0,1.74752,-1.86,0.21725,2.12045,-2.19586,0.094007,0,1.64136,-1.86,0.431875,2.00276,-2.20723,0.33142,0,2.24558,-1.86,0.404912,2.65981,-2.19811,0.309794,0,2.05875,-1.86,0.677456,2.46209,-2.24298,0.584273,0,2.13081,-1.86,0.544103,2.52906,-2.21012,0.444315,0,2.66953,-1.86,0.470803,3.08885,-2.2783,0.372368,0,
1.10002,2.46403,-3.3978,0.262671,2.91886,-3.89909,0.140631,2.53942,-1.86,0.108752,2.96948,-2.21961,-0.0234207,0,1.76697,-1.86,0.579841,2.13363,-2.21089,0.493332,0,2.00359,-1.86,0.78718,2.39217,-2.24766,0.694211,0,2.56867,-1.86,0.607174,2.9805,-2.25121,0.516581,0,1.90537,-1.86,0.524821,2.28841,-2.22961,0.417843,0,1.96389,-1.86,0.181005,2.3497,-2.15161,0.0476225,0,2.52251,-1.86,0.47286,2.94236,-2.22904,0.376118,0,2.5701,-1.86,0.778183,2.99114,-2.28973,0.684537,0,2.56333,-1.86,0.319655,2.97952,-2.27179,0.213629,0,2.03095,-1.86,0.409288,2.41923,-2.22356,0.296129,0,2.19649,-1.86,0.769923,2.5901,-2.22562,0.690484,0,1.81078,-1.86,0.447395,2.19064,-2.23819,0.325719,0,2.32144,-1.86,0.499459,2.72985,-2.24205,0.399999,0,1.81342,-1.86,0.767193,2.19702,-2.24742,0.666714,0,2.12639,-1.86,0.257407,2.52611,-2.14899,0.143141,0,2.41698,-1.86,0.214896,2.83824,-2.24146,0.0948325,0,1.74752,-1.86,0.21725,2.11667,-2.19948,0.0843299,0,1.64136,-1.86,0.431875,2.00106,-2.20475,0.322918,0,2.24558,-1.86,0.404912,2.6564,-2.1998,0.305396,0,2.05875,-1.86,0.677456,2.44985,-2.24512,0.577236,0,2.13081,-1.86,0.544103,2.52483,-2.21123,0.44129,0,2.66953,-1.86,0.470803,3.07707,-2.28002,0.372268,0,
1.13336,2.49208,-3.39547,0.263093,2.94618,-3.89789,0.139966,2.53942,-1.86,0.108752,2.97967,-2.204,-0.0245267,0,1.76697,-1.86,0.579841,2.13706,-2.19775,0.491443,0,2.00359,-1.86,0.78718,2.40092,-2.23695,0.69559,0,2.56867,-1.86,0.607174,2.9895,-2.23604,0.516714,0,1.90537,-1.86,0.524821,2.29373,-2.21617,0.417898,0,1.96389,-1.86,0.181005,2.35497,-2.13644,0.0440028,0,2.52251,-1.86,0.47286,2.95549,-2.21341,0.378124,0,2.5701,-1.86,0.778183,3.00309,-2.27524,0.685271,0,2.56333,-1.86,0.319655,2.99041,-2.2567,0.214033,0,2.03095,-1.86,0.409288,2.43019,-2.21119,0.296269,0,2.19649,-1.86,0.769923,2.59815,-2.21116,0.691765,0,1.81078,-1.86,0.447395,2.19917,-2.22989,0.325717,0,2.32144,-1.86,0.499459,2.73829,-2.22609,0.397789,0,1.81342,-1.86,0.767193,2.20493,-2.23489,0.670956,0,2.12639,-1.86,0.257407,2.53286,-2.13351,0.140347,0,2.41698,-1.86,0.214896,2.84961,-2.22605,0.0935234,0,1.74752,-1.86,0.21725,2.11832,-2.18693,0.0798751,0,1.64136,-1.86,0.431875,2.002,-2.18666,0.322704,0,2.24558,-1.86,0.404912,2.66428,-2.18377,0.302585,0,2.05875,-1.86,0.677456,2.45685,-2.23335,0.578818,0,2.13081,-1.86,0.544103,2.52828,-2.19527,0.437884,0,2.66953,-1.86,0.470803,3.08866,-2.26672,0.372661,0,
1.16669,2.50231,-3.39457,0.263246,2.96191,-3.89718,0.139584,2.53942,-1.86,0.108752,2.97715,-2.21669,-0.0232493,0,1.76697,-1.86,0.579841,2.1543,-2.23074,0.487046,0,2.00359,-1.86,0.78718,2.40973,-2.26132,0.688017,0,2.56867,-1.86,0.607174,2.9893,-2.24869,0.513845,0,1.90537,-1.86,0.524821,2.30383,-2.24822,0.413707,0,1.96389,-1.86,0.181005,2.36473,-2.1685,0.0470266,0,2.52251,-1.86,0.47286,2.95494,-2.2271,0.375599,0,2.5701,-1.86,0.778183,3.00293,-2.29546,0.679592,0,2.56333,-1.86,0.319655,2.98598,-2.26921,0.212914,0,2.03095,-1.86,0.409288,2.43546,-2.23791,0.295501,0,2.19649,-1.86,0.769923,2.60312,-2.2343,0.684191,0,1.81078,-1.86,0.447395,2.21322,-2.25934,0.324223,0,2.32144,-1.86,0.499459,2.74183,-2.24735,0.395641,0,1.81342,-1.86,0.767193,2.22288,-2.26491,0.663938,0,2.12639,-1.86,0.257407,2.53787,-2.16193,0.141011,0,2.41698,-1.86,0.214896,2.84959,-2.24348,0.0940308,0,1.74752,-1.86,0.21725,2.13837,-2.22489,0.0843709,0,1.64136,-1.86,0.431875,2.02286,-2.22613,0.319751,0,2.24558,-1.86,0.404912,2.67047,-2.20729,0.299547,0,2.05875,-1.86,0.677456,2.46317,-2.2602,0.571512,0,2.13081,-1.86,0.544103,2.53214,-2.22443,0.430793,0,2.66953,-1.86,0.470803,3.08687,-2.27509,0.3715,0,
1.20003,2.5271,-3.39217,0.262023,2.95622,-3.89741,0.139723,2.53942,-1.86,0.108752,2.9526,-2.22077,-0.0209436,0,1.76697,-1.86,0.579841,2.11972,-2.20208,0.49017,0,2.00359,-1.86,0.78718,2.38069,-2.24572,0.693971,0,2.56867,-1.86,0.607174,2.96712,-2.25277,0.514909,0,1.90537,-1.86,0.524821,2.2756,-2.22812,0.417386,0,1.96389,-1.86,0.181005,2.33644,-2.15083,0.0442811,0,2.52251,-1.86,0.47286,2.9283,-2.2307,0.379167,0,2.5701,-1.86,0.778183,2.97926,-2.29909,0.678795,0,2.56333,-1.86,0.319655,2.96406,-2.27366,0.214603,0,2.03095,-1.86,0.409288,2.40733,-2.22414,0.297355,0,2.19649,-1.86,0.769923,2.57795,-2.22484,0.68745,0,1.81078,-1.86,0.447395,2.17946,-2.23753,0.327298,0,2.32144,-1.86,0.499459,2.71821,-2.24273,0.396445,0,1.81342,-1.86,0.767193,2.19074,-2.24502,0.671561,0,2.12639,-1.86,0.257407,2.51569,-2.14955,0.138121,0,2.41698,-1.86,0.214896,2.82729,-2.24298,0.0957225,0,1.74752,-1.86,0.21725,2.10104,-2.19722,0.0837694,0,1.64136,-1.86,0.431875,1.98407,-2.20051,0.323755,0,2.24558,-1.86,0.404912,2.64615,-2.20036,0.301631,0,2.05875,-1.86,0.677456,2.43518,-2.24631,0.575888,0,2.13081,-1.86,0.544103,2.50593,-2.21251,0.434153,0,2.66953,-1.86,0.470803,3.06376,-2.28228,0.371786,0,
1.23336,2.5271,-3.39217,0.262023,2.98302,-3.89622,0.139072,2.53942,-1.86,0.108752,2.96212,-2.2352,-0.0209378,0,1.76697,-1.86,0.579841,2.13607,-2.22231,0.487704,0,2.00359,-1.86,0.78718,2.39682,-2.2611,0.689687,0,2.56867,-1.86,0.607174,2.97771,-2.26639,0.510242,0,1.90537,-1.86,0.524821,2.28948,-2.24414,0.415152,0,1.96389,-1.86,0.181005,2.35174,-2.16728,0.0462103,0,2.52251,-1.86,0.47286,2.94174,-2.24435,0.374036,0,2.5701,-1.86,0.778183,2.98751,-2.31175,0.674185,0,2.56333,-1.86,0.319655,2.97469,-2.28781,0.212508,0,2.03095,-1.86,0.409288,2.42382,-2.23963,0.296323,0,2.19649,-1.86,0.769923,2.59059,-2.23862,0.682618,0,1.81078,-1.86,0.447395,2.19878,-2.25709,0.325426,1,2.32144,-1.86,0.499459,2.72983,-2.25709,0.396441,0,1.81342,-1.86,0.767193,2.20805,-2.26457,0.665017,0,2.12639,-1.86,0.257407,2.52826,-2.16442,0.138545,0,2.41698,-1.86,0.214896,2.84027,-2.25659,0.0958073,0,1.74752,-1.86,0.21725,2.12099,-2.2194,0.0846356,0,1.64136,-1.86,0.431875,2.00911,-2.22328,0.322212,0,2.24558,-1.86,0.404912,2.66012,-2.21455,0.299855,0,2.05875,-1.86,0.677456,2.45165,-2.26062,0.571737,0,2.13081,-1.86,0.544103,2.52104,-2.22667,0.432902,0,2.66953,-1.86,0.470803,3.07571,-2.29733,0.371947,1,
1.26669,2.53665,-3.39114,0.260568,2.99397,-3.89577,0.138804,2.53942,-1.86,0.108752,2.96088,-2.2339,-0.0212387,1,1.76697,-1.86,0.579841,2.12306,-2.1998,0.493223,1,2.00359,-1.86,0.78718,2.38948,-2.24334,0.693864,1,2.56867,-1.86,0.607174,2.97503,-2.26462,0.508357,1,1.90537,-1.86,0.524821,2.28085,-2.22495,0.417581,1,1.96389,-1.86,0.181005,2.34243,-2.14922,0.0427562,1,2.52251,-1.86,0.47286,2.94155,-2.24203,0.372835,1,2.5701,-1.86,0.778183,2.98649,-2.30993,0.671933,1,2.56333,-1.86,0.319655,2.97312,-2.2865,0.210286,1,2.03095,-1.86,0.409288,2.41442,-2.22193,0.29585,1,2.19649,-1.86,0.769923,2.5863,-2.22688,0.684057,1,1.81078,-1.86,0.447395,2.18689,-2.23181,0.327681,1,2.32144,-1.86,0.499459,2.72613,-2.24933,0.39575,1,1.81342,-1.86,0.767193,2.19843,-2.24379,0.671091,1,2.12639,-1.86,0.257407,2.52117,-2.15233,0.136101,1,2.41698,-1.86,0.214896,2.83602,-2.25243,0.0934179,1,1.74752,-1.86,0.21725,2.10478,-2.19342,0.0826079,1,1.64136,-1.86,0.431875,1.98858,-2.19084,0.323286,1,2.24558,-1.86,0.404912,2.6555,-2.20511,0.299374,1,2.05875,-1.86,0.677456,2.44398,-2.24376,0.574442,1,2.13081,-1.86,0.544103,2.51525,-2.21198,0.43411,1,2.66953,-1.86,0.470803,3.07089,-2.29763,0.370651,1,
1.30003,2.5645,-3.38864,0.260924,3.02125,-3.89438,0.138145,2.53942,-1.86,0.108752,2.96965,-2.21494,-0.0230237,1,1.76697,-1.86,0.579841,2.12413,-2.19025,0.49263,1,2.00359,-1.86,0.78718,2.39091,-2.23332,0.695965,1,2.56867,-1.86,0.607174,2.98085,-2.24673,0.515188,1,1.90537,-1.86,0.524821,2.28393,-2.21266,0.418067,1,1.96389,-1.86,0.181005,2.34275,-2.13897,0.0417654,1,2.52251,-1.86,0.47286,2.94777,-2.22382,0.376987,1,2.5701,-1.86,0.778183,2.99086,-2.29431,0.681379,1,2.56333,-1.86,0.319655,2.98073,-2.26753,0.21327,1,2.03095,-1.86,0.409288,2.41853,-2.21014,0.297376,1,2.19649,-1.86,0.769923,2.58897,-2.21413,0.688727,1,1.81078,-1.86,0.447395,2.1894,-2.223,0.325456,1,2.32144,-1.86,0.499459,2.73076,-2.23336,0.396131,1,1.81342,-1.86,0.767193,2.19944,-2.23537,0.670974,1,2.12639,-1.86,0.257407,2.52492,-2.13871,0.135887,1,2.41698,-1.86,0.214896,2.84274,-2.23513,0.0945401,1,1.74752,-1.86,0.21725,2.10834,-2.18542,0.0802054,1,1.64136,-1.86,0.431875,1.99304,-2.18732,0.32038,1,2.24558,-1.86,0.404912,2.6606,-2.19028,0.301842,1,2.05875,-1.86,0.677456,2.44477,-2.23326,0.576331,1,2.13081,-1.86,0.544103,2.51537,-2.19986,0.436978,1,2.66953,-1.86,0.470803,3.07791,-2.27813,0.375439,1,
1.33336,2.5645,-3.38864,0.260924,3.03641,-3.89357,0.13778,2.53942,-1.86,0.108752,2.96506,-2.20458,-0.0221185,1,1.76697,-1.86,0.579841,2.12579,-2.20522,0.493494,1,2.00359,-1.86,0.78718,2.39111,-2.24099,0.693322,1,2.56867,-1.86,0.607174,2.97698,-2.23709,0.518733,1,1.90537,-1.86,0.524821,2.28187,-2.22373,0.418878,1,1.96389,-1.86,0.181005,2.34259,-2.14832,0.0449048,1,2.52251,-1.86,0.47286,2.94489,-2.21466,0.379595,1,2.5701,-1.86,0.778183,2.9898,-2.28571,0.686008,1,2.56333,-1.86,0.319655,2.97612,-2.25743,0.218558,1,2.03095,-1.86,0.409288,2.41421,-2.21724,0.298157,1,2.19649,-1.86,0.769923,2.58648,-2.21636,0.689982,1,1.81078,-1.86,0.447395,2.19343,-2.23451,0.323725,1,2.32144,-1.86,0.499459,2.72586,-2.23147,0.400674,1,1.81342,-1.86,0.767193,2.20156,-2.24942,0.669111,1,2.12639,-1.86,0.257407,2.52195,-2.14181,0.135983,1,2.41698,-1.86,0.214896,2.83842,-2.22879,0.0956577,1,1.74752,-1.86,0.21725,2.10996,-2.19752,0.0829792,1,1.64136,-1.86,0.431875,1.99821,-2.20104,0.322148,1,2.24558,-1.86,0.404912,2.65613,-2.18998,0.3037,1,2.05875,-1.86,0.677456,2.44652,-2.239,0.573765,1,2.13081,-1.86,0.544103,2.51353,-2.20432,0.434569,1,2.66953,-1.86,0.470803,3.07467,-2.26626,0.380645,1,
1.3667,2.59326,-3.38618,0.261292,3.04919,-3.89394,0.137445,2.53942,-1.86,0.108752,2.96376,-2.21587,-0.0217359,1,1.76697,-1.86,0.579841,2.13849,-2.22635,0.489448,1,2.00359,-1.86,0.78718,2.39775,-2.25744,0.687657,1,2.56867,-1.86,0.607174,2.97677,-2.24798,0.515846,1,1.90537,-1.86,0.524821,2.29302,-2.24554,0.414791,1,1.96389,-1.86,0.181005,2.34863,-2.16739,0.0453679,1,2.52251,-1.86,0.47286,2.94494,-2.22622,0.377446,1,2.5701,-1.86,0.778183,2.99058,-2.29537,0.682417,1,2.56333,-1.86,0.319655,2.9736,-2.26857,0.214382,1,2.03095,-1.86,0.409288,2.42383,-2.23744,0.296419,1,2.19649,-1.86,0.769923,2.59075,-2.23198,0.684849,1,1.81078,-1.86,0.447395,2.2043,-2.25256,0.321591,1,2.32144,-1.86,0.499459,2.73031,-2.24609,0.397158,1,1.81342,-1.86,0.767193,2.20979,-2.26888,0.663572,1,2.12639,-1.86,0.257407,2.52537,-2.16036,0.137489,1,2.41698,-1.86,0.214896,2.83937,-2.2422,0.0953789,1,1.74752,-1.86,0.21725,2.12459,-2.21814,0.0829329,1,1.64136,-1.86,0.431875,2.01065,-2.22188,0.319801,1,2.24558,-1.86,0.404912,2.65702,-2.20693,0.300939,1,2.05875,-1.86,0.677456,2.45292,-2.25439,0.570821,1,2.13081,-1.86,0.544103,2.51878,-2.22147,0.43464,1,2.66953,-1.86,0.470803,3.07021,-2.27564,0.379773,1,
1.40003,2.61864,-3.38396,0.260114,3.06482,-3.89321,0.137065,2.53942,-1.86,0.108752,2.96183,-2.20446,-0.0240032,1,1.76697,-1.86,0.579841,2.12222,-2.19864,0.492602,1,2.00359,-1.86,0.78718,2.38676,-2.2367,0.693502,1,2.56867,-1.86,0.607174,2.97315,-2.23658,0.51797,1,1.90537,-1.86,0.524821,2.27842,-2.2199,0.41804,1,1.96389,-1.86,0.181005,2.33654,-2.14463,0.0429389,1,2.52251,-1.86,0.47286,2.94034,-2.21424,0.379146,1,2.5701,-1.86,0.778183,2.98774,-2.28496,0.684884,1,2.56333,-1.86,0.319655,2.97258,-2.25699,0.215958,1,2.03095,-1.86,0.409288,2.41177,-2.21281,0.297185,1,2.19649,-1.86,0.769923,2.58177,-2.21375,0.689762,1,1.81078,-1.86,0.447395,2.19023,-2.22943,0.322402,1,2.32144,-1.86,0.499459,2.72212,-2.22965,0.399663,1,1.81342,-1.86,0.767193,2.19533,-2.24675,0.668214,1,2.12639,-1.86,0.257407,2.51645,-2.14012,0.136279,1,2.41698,-1.86,0.214896,2.8356,-2.22797,0.0944602,1,1.74752,-1.86,0.21725,2.10465,-2.19237,0.081765,1,1.64136,-1.86,0.431875,1.99437,-2.19822,0.321168,1,2.24558,-1.86,0.404912,2.65006,-2.18892,0.301938,1,2.05875,-1.86,0.677456,2.44335,-2.23388,0.574474,1,2.13081,-1.86,0.544103,2.50851,-2.20058,0.435161,1,2.66953,-1.86,0.470803,3.06729,-2.26594,0.37955,1,
1.43336,2.61864,-3.38396,0.260114,3.07632,-3.89321,0.136772,2.53942,-1.86,0.108752,2.96065,-2.19945,-0.0226882,1,1.76697,-1.86,0.579841,2.12976,-2.2127,0.490146,1,2.00359,-1.86,0.78718,2.39078,-2.24511,0.691126,1,2.56867,-1.86,0.607174,2.97197,-2.232,0.519737,1,1.90537,-1.86,0.524821,2.28408,-2.2318,0.416018,1,1.96389,-1.86,0.181005,2.33977,-2.15352,0.0453788,1,2.52251,-1.86,0.47286,2.93695,-2.21031,0.380483,1,2.5701,-1.86,0.778183,2.98714,-2.28096,0.68757,1,2.56333,-1.86,0.319655,2.96841,-2.25225,0.216655,1,2.03095,-1.86,0.409288,2.41259,-2.22279,0.297154,1,2.19649,-1.86,0.769923,2.58357,-2.21828,0.690055,1,1.81078,-1.86,0.447395,2.19748,-2.24402,0.322566,1,2.32144,-1.86,0.499459,2.72301,-2.23063,0.399896,1,1.81342,-1.86,0.767193,2.2004,-2.25927,0.665062,1,2.12639,-1.86,0.257407,2.518,-2.14502,0.137564,1,2.41698,-1.86,0.214896,2.8344,-2.22607,0.0950243,1,1.74752,-1.86,0.21725,2.11527,-2.21139,0.0820629,1,1.64136,-1.86,0.431875,2.00587,-2.21359,0.320628,1,2.24558,-1.86,0.404912,2.65145,-2.19073,0.302718,1,2.05875,-1.86,0.677456,2.44681,-2.24168,0.574143,1,2.13081,-1.86,0.544103,2.5128,-2.20658,0.438891,1,2.66953,-1.86,0.470803,3.0711,-2.25906,0.379689,1,
1.4667,2.64376,-3.38161,0.258892,3.09176,-3.89261,0.136394,2.53942,-1.86,0.108752,2.9625,-2.20042,-0.0244539,1,1.76697,-1.86,0.579841,2.13288,-2.21004,0.491795,1,2.00359,-1.86,0.78718,2.39343,-2.24429,0.689444,1,2.56867,-1.86,0.607174,2.97318,-2.23257,0.518351,1,1.90537,-1.86,0.524821,2.2852,-2.23024,0.414615,1,1.96389,-1.86,0.181005,2.34215,-2.15329,0.0427748,1,2.52251,-1.86,0.47286,2.93617,-2.21109,0.377325,1,2.5701,-1.86,0.778183,2.98825,-2.28095,0.685158,1,2.56333,-1.86,0.319655,2.97172,-2.25293,0.217024,1,2.03095,-1.86,0.409288,2.41422,-2.22396,0.294556,1,2.19649,-1.86,0.769923,2.58542,-2.21853,0.686801,1,1.81078,-1.86,0.447395,2.19976,-2.24267,0.320802,1,2.32144,-1.86,0.499459,2.725,-2.23192,0.398354,1,1.81342,-1.86,0.767193,2.20571,-2.25461,0.664083,1,2.12639,-1.86,0.257407,2.51963,-2.14632,0.134989,1,2.41698,-1.86,0.214896,2.83544,-2.22773,0.0971904,1,1.74752,-1.86,0.21725,2.11512,-2.20693,0.0793879,1,1.64136,-1.86,0.431875,2.00644,-2.20969,0.317845,1,2.24558,-1.86,0.404912,2.65352,-2.19193,0.299797,1,2.05875,-1.86,0.677456,2.44812,-2.2424,0.571736,1,2.13081,-1.86,0.544103,2.51408,-2.2069,0.436315,1,2.66953,-1.86,0.470803,3.07164,-2.25885,0.380457,1,
1.50003,2.64376,-3.38161,0.258892,3.10167,-3.89339,0.13612,2.53942,-1.86,0.108752,2.95874,-2.19974,-0.0251955,1,1.76697,-1.86,0.579841,2.13004,-2.21285,0.488589,1,2.00359,-1.86,0.78718,2.38919,-2.24555,0.686778,1,2.56867,-1.86,0.607174,2.96701,-2.23191,0.518336,1,1.90537,-1.86,0.524821,2.28217,-2.23248,0.411023,1,1.96389,-1.86,0.181005,2.33789,-2.15505,0.0396196,1,2.52251,-1.86,0.47286,2.92841,-2.21071,0.377469,1,2.5701,-1.86,0.778183,2.98456,-2.27951,0.683172,1,2.56333,-1.86,0.319655,2.96697,-2.25208,0.213468,1,2.03095,-1.86,0.409288,2.41195,-2.22376,0.291792,1,2.19649,-1.86,0.769923,2.57977,-2.21891,0.684606,1,1.81078,-1.86,0.447395,2.1993,-2.24466,0.318301,1,2.32144,-1.86,0.499459,2.7196,-2.23179,0.395867,1,1.81342,-1.86,0.767193,2.19961,-2.2556,0.659802,1,2.12639,-1.86,0.257407,2.51542,-2.14719,0.132531,1,2.41698,-1.86,0.214896,2.83301,-2.2271,0.0967898,1,1.74752,-1.86,0.21725,2.11464,-2.21081,0.0767572,1,1.64136,-1.86,0.431875,2.00553,-2.21599,0.312948,1,2.24558,-1.86,0.404912,2.64691,-2.19274,0.298276,1,2.05875,-1.86,0.677456,2.44436,-2.24328,0.567325,1,2.13081,-1.86,0.544103,2.50821,-2.20837,0.434475,1,2.66953,-1.86,0.470803,3.06561,-2.25782,0.380359,1,
1.53337,2.67092,-3.37929,0.259182,3.12615,-3.89383,0.135483,2.53942,-1.86,0.108752,2.97143,-2.2012,-0.0248645,1,1.76697,-1.86,0.579841,2.14527,-2.21837,0.486306,1,2.00359,-1.86,0.78718,2.40477,-2.24994,0.687866,1,2.56867,-1.86,0.607174,2.97911,-2.23369,0.518993,1,1.90537,-1.86,0.524821,2.29618,-2.23735,0.41059,1,1.96389,-1.86,0.181005,2.35228,-2.15968,0.039623,1,2.52251,-1.86,0.47286,2.94118,-2.21241,0.378815,1,2.5701,-1.86,0.778183,2.99287,-2.28168,0.683735,1,2.56333,-1.86,0.319655,2.98044,-2.2537,0.216703,1,2.03095,-1.86,0.409288,2.42563,-2.22657,0.291789,1,2.19649,-1.86,0.769923,2.59127,-2.22297,0.684853,1,1.81078,-1.86,0.447395,2.21382,-2.2484,0.317499,1,2.32144,-1.86,0.499459,2.73026,-2.23502,0.397417,1,1.81342,-1.86,0.767193,2.21235,-2.26428,0.656269,1,2.12639,-1.86,0.257407,2.52813,-2.15064,0.132887,1,2.41698,-1.86,0.214896,2.8462,-2.22873,0.0981635,1,1.74752,-1.86,0.21725,2.12773,-2.21512,0.0789491,1,1.64136,-1.86,0.431875,2.02222,-2.22269,0.311219,1,2.24558,-1.86,0.404912,2.658,-2.19631,0.29838,1,2.05875,-1.86,0.677456,2.45784,-2.24747,0.566617,1,2.13081,-1.86,0.544103,2.5218,-2.21252,0.434627,1,2.66953,-1.86,0.470803,3.08039,-2.25909,0.378443,1,
1.5667,2.68152,-3.37841,0.259295,3.14137,-3.89322,0.135112,2.53942,-1.86,0.108752,2.96978,-2.19614,-0.0216614,1,1.76697,-1.86,0.579841,2.14289,-2.21655,0.489225,1,2.00359,-1.86,0.78718,2.4019,-2.24629,0.691595,1,2.56867,-1.86,0.607174,2.97817,-2.22963,0.522993,1,1.90537,-1.86,0.524821,2.29326,-2.23394,0.41169,1,1.96389,-1.86,0.181005,2.34893,-2.15516,0.0419385,1,2.52251,-1.86,0.47286,2.94085,-2.20778,0.381743,1,2.5701,-1.86,0.778183,2.99582,-2.27756,0.686897,1,2.56333,-1.86,0.319655,2.97829,-2.24907,0.218133,1,2.03095,-1.86,0.409288,2.42333,-2.22265,0.295243,1,2.19649,-1.86,0.769923,2.58904,-2.21986,0.689644,1,1.81078,-1.86,0.447395,2.21217,-2.24661,0.320758,1,2.32144,-1.86,0.499459,2.72927,-2.23048,0.399388,1,1.81342,-1.86,0.767193,2.21132,-2.26359,0.659561,1,2.12639,-1.86,0.257407,2.52477,-2.14646,0.137384,1,2.41698,-1.86,0.214896,2.84424,-2.22417,0.101711,1,1.74752,-1.86,0.21725,2.12878,-2.21249,0.0791944,1,1.64136,-1.86,0.431875,2.02015,-2.21968,0.314021,1,2.24558,-1.86,0.404912,2.65694,-2.1916,0.301872,1,2.05875,-1.86,0.677456,2.45369,-2.24466,0.57118,1,2.13081,-1.86,0.544103,2.51795,-2.20796,0.435518,1,2.66953,-1.86,0.470803,3.07741,-2.25485,0.382603,1,
1.60003,2.70762,-3.37597,0.257992,3.13587,-3.89397,0.135232,2.53942,-1.86,0.108752,2.95004,-2.20894,-0.0180534,1,1.76697,-1.86,0.579841,2.12845,-2.23029,0.49651,1,2.00359,-1.86,0.78718,2.38904,-2.25956,0.696255,1,2.56867,-1.86,0.607174,2.96083,-2.24324,0.525352,1,1.90537,-1.86,0.524821,2.27866,-2.24684,0.420176,1,1.96389,-1.86,0.181005,2.33524,-2.16629,0.0505363,1,2.52251,-1.86,0.47286,2.92755,-2.22092,0.386768,1,2.5701,-1.86,0.778183,2.97894,-2.29101,0.689593,1,2.56333,-1.86,0.319655,2.96031,-2.26225,0.223303,1,2.03095,-1.86,0.409288,2.41028,-2.23466,0.30251,1,2.19649,-1.86,0.769923,2.57492,-2.2322,0.692989,1,1.81078,-1.86,0.447395,2.20022,-2.25775,0.326636,1,2.32144,-1.86,0.499459,2.71313,-2.24304,0.404202,1,1.81342,-1.86,0.767193,2.19668,-2.27308,0.666799,1,2.12639,-1.86,0.257407,2.50977,-2.15891,0.143532,1,2.41698,-1.86,0.214896,2.82945,-2.23628,0.106731,1,1.74752,-1.86,0.21725,2.11348,-2.21997,0.0880691,1,1.64136,-1.86,0.431875,2.00931,-2.22863,0.322754,1,2.24558,-1.86,0.404912,2.64537,-2.20235,0.307714,1,2.05875,-1.86,0.677456,2.44198,-2.25738,0.57624,1,2.13081,-1.86,0.544103,2.50575,-2.21985,0.439964,1,2.66953,-1.86,0.470803,3.06384,-2.26801,0.384842,1,
1.63337,2.70762,-3.37597,0.257992,3.16056,-3.89453,0.134587,2.53942,-1.86,0.108752,2.9645,-2.19473,-0.0223132,1,1.76697,-1.86,0.579841,2.13656,-2.20869,0.500788,1,2.00359,-1.86,0.78718,2.40177,-2.23731,0.703582,1,2.56867,-1.86,0.607174,2.979,-2.22756,0.523151,1,1.90537,-1.86,0.524821,2.28855,-2.22461,0.424684,1,1.96389,-1.86,0.181005,2.33878,-2.14429,0.0502513,1,2.52251,-1.86,0.47286,2.94476,-2.20531,0.385066,1,2.5701,-1.86,0.778183,2.99879,-2.27626,0.688327,1,2.56333,-1.86,0.319655,2.97212,-2.24797,0.222529,1,2.03095,-1.86,0.409288,2.42062,-2.21155,0.30364,1,2.19649,-1.86,0.769923,2.59024,-2.21018,0.697733,1,1.81078,-1.86,0.447395,2.20648,-2.23344,0.33008,1,2.32144,-1.86,0.499459,2.72688,-2.22351,0.403827,1,1.81342,-1.86,0.767193,2.20601,-2.25013,0.674521,1,2.12639,-1.86,0.257407,2.51796,-2.13665,0.141961,1,2.41698,-1.86,0.214896,2.8432,-2.21954,0.102367,1,1.74752,-1.86,0.21725,2.11707,-2.19996,0.0892836,1,1.64136,-1.86,0.431875,2.0132,-2.20451,0.326699,1,2.24558,-1.86,0.404912,2.66072,-2.18097,0.30756,1,2.05875,-1.86,0.677456,2.45211,-2.23351,0.580319,1,2.13081,-1.86,0.544103,2.51501,-2.1959,0.440136,1,2.66953,-1.86,0.470803,3.08173,-2.25497,0.381104,1,
1.6667,2.73238,-3.37355,0.256819,3.17591,-3.89399,0.13421,2.53942,-1.86,0.108752,2.96667,-2.19874,-0.0286809,1,1.76697,-1.86,0.579841,2.14544,-2.21101,0.493797,1,2.00359,-1.86,0.78718,2.41019,-2.24185,0.693225,1,2.56867,-1.86,0.607174,2.98037,-2.23003,0.517671,1,1.90537,-1.86,0.524821,2.29558,-2.22889,0.415888,1,1.96389,-1.86,0.181005,2.34571,-2.15528,0.0436721,1,2.52251,-1.86,0.47286,2.94633,-2.20871,0.379616,1,2.5701,-1.86,0.778183,2.99765,-2.27788,0.681875,1,2.56333,-1.86,0.319655,2.9739,-2.25081,0.212942,1,2.03095,-1.86,0.409288,2.42665,-2.21896,0.295905,1,2.19649,-1.86,0.769923,2.59601,-2.21475,0.687962,1,1.81078,-1.86,0.447395,2.21948,-2.2403,0.320768,1,2.32144,-1.86,0.499459,2.7306,-2.22882,0.396803,1,1.81342,-1.86,0.767193,2.21553,-2.25292,0.666586,1,2.12639,-1.86,0.257407,2.52452,-2.14425,0.135461,1,2.41698,-1.86,0.214896,2.84454,-2.22522,0.0974581,1,1.74752,-1.86,0.21725,2.12775,-2.20965,0.0834064,1,1.64136,-1.86,0.431875,2.02432,-2.21349,0.319314,1,2.24558,-1.86,0.404912,2.66473,-2.1885,0.301141,1,2.05875,-1.86,0.677456,2.45837,-2.23975,0.572399,1,2.13081,-1.86,0.544103,2.52119,-2.20414,0.435275,1,2.66953,-1.86,0.470803,3.08121,-2.25612,0.376214,1,
1.70004,2.73238,-3.37355,0.256819,3.18426,-3.89465,0.133979,2.53942,-1.86,0.108752,2.96516,-2.21738,-0.0287287,1,1.76697,-1.86,0.579841,2.1453,-2.22435,0.48906,1,2.00359,-1.86,0.78718,2.41485,-2.25423,0.683659,1,2.56867,-1.86,0.607174,2.98149,-2.24678,0.509648,1,1.90537,-1.86,0.524821,2.3004,-2.24145,0.411011,1,1.96389,-1.86,0.181005,2.34866,-2.168,0.0431365,1,2.52251,-1.86,0.47286,2.94348,-2.22677,0.372984,1,2.5701,-1.86,0.778183,2.99571,-2.2944,0.676986,1,2.56333,-1.86,0.319655,2.97263,-2.26933,0.209438,1,2.03095,-1.86,0.409288,2.43145,-2.23421,0.29328,1,2.19649,-1.86,0.769923,2.59873,-2.23038,0.679933,1,1.81078,-1.86,0.447395,2.22441,-2.25224,0.318259,1,2.32144,-1.86,0.499459,2.7335,-2.24587,0.391778,1,1.81342,-1.86,0.767193,2.21826,-2.26411,0.661238,1,2.12639,-1.86,0.257407,2.52737,-2.16034,0.134251,1,2.41698,-1.86,0.214896,2.84394,-2.24355,0.0951642,1,1.74752,-1.86,0.21725,2.13078,-2.21777,0.0810088,1,1.64136,-1.86,0.431875,2.02751,-2.22159,0.319087,1,2.24558,-1.86,0.404912,2.6634,-2.20698,0.297018,1,2.05875,-1.86,0.677456,2.46384,-2.2533,0.567114,1,2.13081,-1.86,0.544103,2.52437,-2.21949,0.430891,1,2.66953,-1.86,0.470803,3.07894,-2.27426,0.373554,1,
1.73337,2.7596,-3.37145,0.256363,3.2088,-3.89457,0.133355,2.53942,-1.86,0.108752,2.9723,-2.20132,-0.0318006,1,1.76697,-1.86,0.579841,2.14292,-2.20157,0.494141,1,2.00359,-1.86,0.78718,2.41823,-2.23121,0.690959,1,2.56867,-1.86,0.607174,2.9918,-2.23081,0.512439,1,1.90537,-1.86,0.524821,2.29882,-2.21578,0.415832,1,1.96389,-1.86,0.181005,2.34909,-2.14037,0.0417701,1,2.52251,-1.86,0.47286,2.95623,-2.20915,0.374767,1,2.5701,-1.86,0.778183,3.00576,-2.28017,0.68256,1,2.56333,-1.86,0.319655,2.98204,-2.25259,0.208735,1,2.03095,-1.86,0.409288,2.43032,-2.2092,0.294435,1,2.19649,-1.86,0.769923,2.60433,-2.2078,0.68637,1,1.81078,-1.86,0.447395,2.22282,-2.22589,0.322413,1,2.32144,-1.86,0.499459,2.73842,-2.22491,0.396491,1,1.81342,-1.86,0.767193,2.21736,-2.23907,0.666383,1,2.12639,-1.86,0.257407,2.52855,-2.13578,0.133985,1,2.41698,-1.86,0.214896,2.85039,-2.22449,0.0938599,1,1.74752,-1.86,0.21725,2.12515,-2.19326,0.0811262,1,1.64136,-1.86,0.431875,2.02271,-2.19549,0.321606,1,2.24558,-1.86,0.404912,2.66604,-2.1858,0.29816,1,2.05875,-1.86,0.677456,2.46595,-2.22875,0.57201,1,2.13081,-1.86,0.544103,2.52719,-2.19558,0.435156,1,2.66953,-1.86,0.470803,3.08881,-2.26038,0.373094,1,
1.7667,2.7596,-3.37145,0.256363,3.22405,-3.89389,0.132984,2.53942,-1.86,0.108752,2.96954,-2.19506,-0.0317629,1,1.76697,-1.86,0.579841,2.14561,-2.20832,0.493701,1,2.00359,-1.86,0.78718,2.417,-2.23644,0.689345,1,2.56867,-1.86,0.607174,2.98677,-2.22519,0.514474,1,1.90537,-1.86,0.524821,2.29998,-2.22359,0.414457,1,1.96389,-1.86,0.181005,2.34959,-2.14536,0.0414343,1,2.52251,-1.86,0.47286,2.95273,-2.20392,0.376945,1,2.5701,-1.86,0.778183,3.0021,-2.2749,0.685064,1,2.56333,-1.86,0.319655,2.97877,-2.24643,0.210277,1,2.03095,-1.86,0.409288,2.42973,-2.21629,0.293604,1,2.19649,-1.86,0.769923,2.60075,-2.21006,0.685166,1,1.81078,-1.86,0.447395,2.22585,-2.23518,0.320203,1,2.32144,-1.86,0.499459,2.73531,-2.22475,0.398447,1,1.81342,-1.86,0.767193,2.21928,-2.24856,0.665054,1,2.12639,-1.86,0.257407,2.52734,-2.13934,0.134046,1,2.41698,-1.86,0.214896,2.84724,-2.22107,0.0941819,1,1.74752,-1.86,0.21725,2.13058,-2.20278,0.080552,1,1.64136,-1.86,0.431875,2.02271,-2.19549,0.321606,1,2.24558,-1.86,0.404912,2.66422,-2.18607,0.298946,1,2.05875,-1.86,0.677456,2.46534,-2.23431,0.570037,1,2.13081,-1.86,0.544103,2.52573,-2.19925,0.434756,1,2.66953,-1.86,0.470803,3.08407,-2.25263,0.376148,1,
1.80004,2.78654,-3.36929,0.25582,3.2335,-3.89509,0.132711,2.53942,-1.86,0.108752,2.96684,-2.19497,-0.0300153,1,1.76697,-1.86,0.579841,2.14735,-2.21366,0.495499,1,2.00359,-1.86,0.78718,2.41802,-2.24392,0.689818,1,2.56867,-1.86,0.607174,2.9854,-2.22583,0.517643,1,1.90537,-1.86,0.524821,2.30294,-2.22965,0.415896,1,1.96389,-1.86,0.181005,2.35038,-2.15109,0.045032,1,2.52251,-1.86,0.47286,2.95382,-2.20442,0.379809,1,2.5701,-1.86,0.778183,2.99976,-2.27579,0.687457,1,2.56333,-1.86,0.319655,2.97798,-2.24643,0.213589,1,2.03095,-1.86,0.409288,2.43084,-2.22222,0.29551,1,2.19649,-1.86,0.769923,2.60099,-2.21577,0.685827,1,1.81078,-1.86,0.447395,2.22902,-2.24164,0.321245,1,2.32144,-1.86,0.499459,2.73499,-2.22797,0.398382,1,1.81342,-1.86,0.767193,2.22224,-2.2555,0.666195,1,2.12639,-1.86,0.257407,2.52694,-2.14416,0.137301,1,2.41698,-1.86,0.214896,2.84435,-2.22298,0.0966886,1,1.74752,-1.86,0.21725,2.13192,-2.20619,0.0837292,1,1.64136,-1.86,0.431875,2.02271,-2.19549,0.321606,1,2.24558,-1.86,0.404912,2.66327,-2.18919,0.300534,1,2.05875,-1.86,0.677456,2.46478,-2.24156,0.571719,1,2.13081,-1.86,0.544103,2.52532,-2.2052,0.436079,1,2.66953,-1.86,0.470803,3.08105,-2.25155,0.37812,1,
1.83337,2.81201,-3.36722,0.254843,3.24871,-3.89446,0.132339,2.53942,-1.86,0.108752,2.96451,-2.20005,-0.0305386,1,1.76697,-1.86,0.579841,2.15213,-2.22203,0.491847,1,2.00359,-1.86,0.78718,2.42045,-2.25125,0.688617,1,2.56867,-1.86,0.607174,2.9842,-2.23006,0.514901,1,1.90537,-1.86,0.524821,2.30445,-2.23748,0.414484,1,1.96389,-1.86,0.181005,2.35199,-2.16056,0.0436791,1,2.52251,-1.86,0.47286,2.951,-2.20952,0.377944,1,2.5701,-1.86,0.778183,2.99798,-2.27974,0.685004,1,2.56333,-1.86,0.319655,2.97474,-2.25157,0.212055,1,2.03095,-1.86,0.409288,2.43239,-2.22865,0.294754,1,2.19649,-1.86,0.769923,2.60134,-2.22073,0.682112,1,1.81078,-1.86,0.447395,2.23214,-2.25078,0.319056,1,2.32144,-1.86,0.499459,2.73615,-2.23281,0.396593,1,1.81342,-1.86,0.767193,2.22744,-2.26167,0.661632,1,2.12639,-1.86,0.257407,2.52574,-2.15228,0.135481,1,2.41698,-1.86,0.214896,2.84326,-2.22853,0.0953005,1,1.74752,-1.86,0.21725,2.13593,-2.2171,0.0822676,1,1.64136,-1.86,0.431875,2.02271,-2.19549,0.321606,1,2.24558,-1.86,0.404912,2.65891,-2.19646,0.297979,1,2.05875,-1.86,0.677456,2.4676,-2.24941,0.570229,1,2.13081,-1.86,0.544103,2.52517,-2.21307,0.435308,1,2.66953,-1.86,0.470803,3.08143,-2.2557,0.378132,1,
1.86671,2.81201,-3.36722,0.254843,3.25681,-3.89632,0.132083,2.53942,-1.86,0.108752,2.96452,-2.20204,-0.0328892,1,1.76697,-1.86,0.579841,2.15328,-2.21933,0.490784,1,2.00359,-1.86,0.78718,2.41921,-2.25061,0.685514,1,2.56867,-1.86,0.607174,2.98226,-2.23134,0.511264,1,1.90537,-1.86,0.524821,2.30402,-2.23941,0.410812,1,1.96389,-1.86,0.181005,2.35156,-2.16202,0.0400929,1,2.52251,-1.86,0.47286,2.94641,-2.21152,0.373306,1,2.5701,-1.86,0.778183,2.99759,-2.28059,0.682153,1,2.56333,-1.86,0.319655,2.97358,-2.25346,0.208767,1,2.03095,-1.86,0.409288,2.43123,-2.22879,0.291328,1,2.19649,-1.86,0.769923,2.59953,-2.22075,0.678364,1,1.81078,-1.86,0.447395,2.23144,-2.2536,0.318047,1,2.32144,-1.86,0.499459,2.73437,-2.23381,0.39541,1,1.81342,-1.86,0.767193,2.22586,-2.25973,0.658739,1,2.12639,-1.86,0.257407,2.5244,-2.15424,0.133642,1,2.41698,-1.86,0.214896,2.84204,-2.2299,0.0923787,1,1.74752,-1.86,0.21725,2.13657,-2.21805,0.0808558,1,1.64136,-1.86,0.431875,2.02271,-2.19549,0.321606,1,2.24558,-1.86,0.404912,2.66025,-2.19856,0.295455,1,2.05875,-1.86,0.677456,2.46624,-2.24742,0.565019,1,2.13081,-1.86,0.544103,2.52495,-2.21335,0.430157,1,2.66953,-1.86,0.470803,3.0806,-2.25758,0.374499,1,
1.90004,2.8214,-3.36646,0.253549,3.2664,-3.89668,0.131828,2.53942,-1.86,0.108752,2.96049,-2.20278,-0.0346096,1,1.76697,-1.86,0.579841,2.14848,-2.21721,0.490058,1,2.00359,-1.86,0.78718,2.41651,-2.2487,0.684733,1,2.56867,-1.86,0.607174,2.97703,-2.23213,0.510729,1,1.90537,-1.86,0.524821,2.30098,-2.2376,0.410789,1,1.96389,-1.86,0.181005,2.34433,-2.16218,0.0409473,1,2.52251,-1.86,0.47286,2.94227,-2.21219,0.372889,1,2.5701,-1.86,0.778183,2.99483,-2.28153,0.683703,1,2.56333,-1.86,0.319655,2.96951,-2.25401,0.209452,1,2.03095,-1.86,0.409288,2.42993,-2.22637,0.291638,1,2.19649,-1.86,0.769923,2.59418,-2.22086,0.677926,1,1.81078,-1.86,0.447395,2.22814,-2.25296,0.316371,1,2.32144,-1.86,0.499459,2.72958,-2.23404,0.394087,1,1.81342,-1.86,0.767193,2.22165,-2.26062,0.655233,1,2.12639,-1.86,0.257407,2.51898,-2.15264,0.132486,1,2.41698,-1.86,0.214896,2.83899,-2.22958,0.093027,1,1.74752,-1.86,0.21725,2.13146,-2.21644,0.0805786,1,1.64136,-1.86,0.431875,2.02271,-2.19549,0.321606,1,2.24558,-1.86,0.404912,2.65603,-2.19479,0.294725,1,2.05875,-1.86,0.677456,2.46286,-2.24689,0.565346,1,2.13081,-1.86,0.544103,2.52269,-2.2109,0.432916,1,2.66953,-1.86,0.470803,3.07507,-2.25839,0.371622,1,
1.93338,2.84661,-3.36399,0.252597,3.29011,-3.8976,0.131198,2.53942,-1.86,0.108752,2.97466,-2.22417,-0.0334844,1,1.76697,-1.86,0.579841,2.17075,-2.23052,0.484864,1,2.00359,-1.86,0.78718,2.4363,-2.26085,0.677757,1,2.56867,-1.86,0.607174,2.99315,-2.25206,0.504216,1,1.90537,-1.86,0.524821,2.32019,-2.25012,0.405737,1,1.96389,-1.86,0.181005,2.3652,-2.17902,0.0396915,1,2.52251,-1.86,0.47286,2.95723,-2.23236,0.36801,1,2.5701,-1.86,0.778183,3.00691,-2.30058,0.676202,1,2.56333,-1.86,0.319655,2.9866,-2.27466,0.205381,1,2.03095,-1.86,0.409288,2.44916,-2.24018,0.288769,1,2.19649,-1.86,0.769923,2.61275,-2.23671,0.671221,1,1.81078,-1.86,0.447395,2.24839,-2.26442,0.313469,1,2.32144,-1.86,0.499459,2.74811,-2.25213,0.387271,1,1.81342,-1.86,0.767193,2.24444,-2.27278,0.649515,1,2.12639,-1.86,0.257407,2.53853,-2.16942,0.129652,1,2.41698,-1.86,0.214896,2.8572,-2.24883,0.0897944,1,1.74752,-1.86,0.21725,2.15335,-2.22931,0.0784122,1,1.64136,-1.86,0.431875,2.02271,-2.19549,0.321606,1,2.24558,-1.86,0.404912,2.6734,-2.21323,0.291398,1,2.05875,-1.86,0.677456,2.48173,-2.26049,0.558978,1,2.13081,-1.86,0.544103,2.54095,-2.22595,0.426841,1,2.66953,-1.86,0.470803,3.0872,-2.28021,0.36814,1,
1.96671,2.84661,-3.36399,0.252597,3.30524,-3.89708,0.130826,2.53942,-1.86,0.108752,2.96844,-2.20838,-0.0367931,1,1.76697,-1.86,0.579841,2.14934,-2.20294,0.487203,1,2.00359,-1.86,0.78718,2.42105,-2.2369,0.684617,1,2.56867,-1.86,0.607174,2.98611,-2.23706,0.509731,1,1.90537,-1.86,0.524821,2.30259,-2.22472,0.408909,1,1.96389,-1.86,0.181005,2.34557,-2.15153,0.0351562,1,2.52251,-1.86,0.47286,2.94791,-2.21573,0.367369,1,2.5701,-1.86,0.778183,3.00129,-2.28638,0.680568,1,2.56333,-1.86,0.319655,2.97683,-2.25919,0.204287,1,2.03095,-1.86,0.409288,2.43286,-2.216,0.28871,1,2.19649,-1.86,0.769923,2.60094,-2.21335,0.677438,1,1.81078,-1.86,0.447395,2.22796,-2.23774,0.314706,1,2.32144,-1.86,0.499459,2.73802,-2.23112,0.391197,1,1.81342,-1.86,0.767193,2.22398,-2.2445,0.656281,1,2.12639,-1.86,0.257407,2.52054,-2.1453,0.130555,1,2.41698,-1.86,0.214896,2.84963,-2.22992,0.0881434,1,1.74752,-1.86,0.21725,2.13125,-2.20108,0.0751001,1,1.64136,-1.86,0.431875,2.02271,-2.19549,0.321606,1,2.24558,-1.86,0.404912,2.66158,-2.19098,0.292132,1,2.05875,-1.86,0.677456,2.46657,-2.23664,0.562246,1,2.13081,-1.86,0.544103,2.52396,-2.2036,0.425488,1,2.66953,-1.86,0.470803,3.08404,-2.26629,0.367079,1,
