time,pcwx,pcwy,pcwz,pcwHatx,pcwHaty,pcwHatz,p0wx,p0wy,p0wz,p0wHatx,p0wHaty,p0wHatz,converged0,p1wx,p1wy,p1wz,p1wHatx,p1wHaty,p1wHatz,converged1,p2wx,p2wy,p2wz,p2wHatx,p2wHaty,p2wHatz,converged2,p3wx,p3wy,p3wz,p3wHatx,p3wHaty,p3wHatz,converged3,p4wx,p4wy,p4wz,p4wHatx,p4wHaty,p4wHatz,converged4,p5wx,p5wy,p5wz,p5wHatx,p5wHaty,p5wHatz,converged5,p6wx,p6wy,p6wz,p6wHatx,p6wHaty,p6wHatz,converged6,p7wx,p7wy,p7wz,p7wHatx,p7wHaty,p7wHatz,converged7,p8wx,p8wy,p8wz,p8wHatx,p8wHaty,p8wHatz,converged8,p9wx,p9wy,p9wz,p9wHatx,p9wHaty,p9wHatz,converged9,p10wx,p10wy,p10wz,p10wHatx,p10wHaty,p10wHatz,converged10,p11wx,p11wy,p11wz,p11wHatx,p11wHaty,p11wHatz,converged11,p12wx,p12wy,p12wz,p12wHatx,p12wHaty,p12wHatz,converged12,p13wx,p13wy,p13wz,p13wHatx,p13wHaty,p13wHatz,converged13,p14wx,p14wy,p14wz,p14wHatx,p14wHaty,p14wHatz,converged14,p15wx,p15wy,p15wz,p15wHatx,p15wHaty,p15wHatz,converged15,p16wx,p16wy,p16wz,p16wHatx,p16wHaty,p16wHatz,converged16,p17wx,p17wy,p17wz,p17wHatx,p17wHaty,p17wHatz,converged17,p18wx,p18wy,p18wz,p18wHatx,p18wHaty,p18wHatz,converged18,p19wx,p19wy,p19wz,p19wHatx,p19wHaty,p19wHatz,converged19,p20wx,p20wy,p20wz,p20wHatx,p20wHaty,p20wHatz,converged20,p21wx,p21wy,p21wz,p21wHatx,p21wHaty,p21wHatz,converged21,p22wx,p22wy,p22wz,p22wHatx,p22wHaty,p22wHatz,converged22,p23wx,p23wy,p23wz,p23wHatx,p23wHaty,p23wHatz,converged23,p24wx,p24wy,p24wz,p24wHatx,p24wHaty,p24wHatz,converged24,p25wx,p25wy,p25wz,p25wHatx,p25wHaty,p25wHatz,converged25,p26wx,p26wy,p26wz,p26wHatx,p26wHaty,p26wHatz,converged26,p27wx,p27wy,p27wz,p27wHatx,p27wHaty,p27wHatz,converged27,p28wx,p28wy,p28wz,p28wHatx,p28wHaty,p28wHatz,converged28,p29wx,p29wy,p29wz,p29wHatx,p29wHaty,p29wHatz,converged29,p30wx,p30wy,p30wz,p30wHatx,p30wHaty,p30wHatz,converged30,p31wx,p31wy,p31wz,p31wHatx,p31wHaty,p31wHatz,converged31,p32wx,p32wy,p32wz,p32wHatx,p32wHaty,p32wHatz,converged32,p33wx,p33wy,p33wz,p33wHatx,p33wHaty,p33wHatz,converged33,p34wx,p34wy,p34wz,p34wHatx,p34wHaty,p34wHatz,converged34,p35wx,p35wy,p35wz,p35wHatx,p35wHaty,p35wHatz,converged35,p36wx,p36wy,p36wz,p36wHatx,p36wHaty,p36wHatz,converged36,p37wx,p37wy,p37wz,p37wHatx,p37wHaty,p37wHatz,converged37,p38wx,p38wy,p38wz,p38wHatx,p38wHaty,p38wHatz,converged38,p39wx,p39wy,p39wz,p39wHatx,p39wHaty,p39wHatz,converged39,p40wx,p40wy,p40wz,p40wHatx,p40wHaty,p40wHatz,converged40,p41wx,p41wy,p41wz,p41wHatx,p41wHaty,p41wHatz,converged41,p42wx,p42wy,p42wz,p42wHatx,p42wHaty,p42wHatz,converged42,p43wx,p43wy,p43wz,p43wHatx,p43wHaty,p43wHatz,converged43,p44wx,p44wy,p44wz,p44wHatx,p44wHaty,p44wHatz,converged44,p45wx,p45wy,p45wz,p45wHatx,p45wHaty,p45wHatz,converged45,p46wx,p46wy,p46wz,p46wHatx,p46wHaty,p46wHatz,converged46,p47wx,p47wy,p47wz,p47wHatx,p47wHaty,p47wHatz,converged47,p48wx,p48wy,p48wz,p48wHatx,p48wHaty,p48wHatz,converged48,p49wx,p49wy,p49wz,p49wHatx,p49wHaty,p49wHatz,converged49,p50wx,p50wy,p50wz,p50wHatx,p50wHaty,p50wHatz,converged50,p51wx,p51wy,p51wz,p51wHatx,p51wHaty,p51wHatz,converged51,p52wx,p52wy,p52wz,p52wHatx,p52wHaty,p52wHatz,converged52,p53wx,p53wy,p53wz,p53wHatx,p53wHaty,p53wHatz,converged53,p54wx,p54wy,p54wz,p54wHatx,p54wHaty,p54wHatz,converged54,
0,3.89614,3.64153,0.241313,4.01607,3.65727,0.323316,4.44141,1.86,0.675488,4.82135,1.02625,0.964519,0,4.22364,1.86,0.710121,4.50599,0.992178,1.02463,0,4.56734,1.86,0.594925,5.02169,0.988097,0.853116,0,4.19637,1.86,0.177929,4.47694,0.922541,0.22602,0,3.9059,1.86,0.718425,4.03071,0.984443,1.03913,0,4.17197,1.86,0.535983,4.43665,0.940829,0.772624,0,3.69279,1.86,0.509369,3.70825,0.960471,0.729087,0,3.87072,1.86,0.49878,3.97688,0.910509,0.720279,0,4.42439,1.86,0.469469,4.81265,0.970834,0.667361,0,3.93574,1.86,0.212506,4.07604,0.959622,0.279696,0,3.67208,1.86,0.671971,3.67938,0.980174,0.970465,0,4.21754,1.86,0.360275,4.50491,0.947625,0.504254,0,3.52832,1.86,0.095633,3.47659,1.04426,0.109644,0,3.40657,1.86,0.713917,3.29122,1.01957,1.02304,0,3.25796,1.86,0.750395,3.09286,1.08008,1.05976,0,4.24294,1.86,0.0339146,4.53909,0.97046,0.0105292,0,3.64053,1.86,0.214165,3.63341,0.990181,0.282675,0,3.18611,1.86,0.544489,2.97438,1.04358,0.768109,0,3.37386,1.86,0.541204,3.26115,1.08215,0.756795,0,3.54117,1.86,0.436442,3.486,0.996944,0.6147,0,4.43955,1.86,0.0450994,4.81046,1.05295,0.0364827,0,4.04713,1.86,0.434987,4.24414,0.966244,0.615864,0,3.71344,1.86,0.365785,3.73668,0.932849,0.513667,0,4.08904,1.86,0.279679,4.30529,0.986229,0.380839,0,3.39354,1.86,0.00293583,3.25169,0.947842,-0.0392177,0,3.25585,1.86,0.353281,3.08895,1.07768,0.485442,0,3.54959,1.86,0.609539,3.51353,1.07383,0.857291,0,4.04641,1.86,0.71521,4.24084,0.992484,1.03216,0,4.67374,1.86,0.712494,5.13251,1.09943,0.999817,0,3.19378,1.86,0.243608,3.01504,1.11817,0.326587,0,4.62861,1.86,0.438314,5.09144,1.04176,0.612539,0,3.85006,1.86,0.338257,3.94689,0.982324,0.468878,0,4.58839,1.86,0.147206,5.01842,1.0777,0.187054,0,3.13588,1.86,0.0477947,2.92284,1.09548,0.0450422,0,3.42626,1.86,0.339112,3.31629,1.0041,0.468965,0,4.44133,1.86,0.278231,4.80911,1.06584,0.377018,0,4.56378,1.86,0.321611,5.01098,1.00246,0.442976,0,4.09651,1.86,0.0899499,4.31942,0.960171,0.0941646,0,3.38555,1.86,0.142578,3.25712,1.00914,0.176553,0,4.03463,1.86,0.56306,4.22347,0.989329,0.805151,0,3.62961,1.86,0.0143817,3.62821,1.06482,-0.00690916,0,4.32734,1.86,0.612462,4.64252,1.06906,0.862524,0,3.93251,1.86,0.0447638,4.06939,1.04532,0.0351505,0,3.78016,1.86,0.608605,3.83994,0.951862,0.881081,0,3.13658,1.86,0.665197,2.94426,1.14337,0.921456,0,3.13743,1.86,0.427541,2.92042,1.08456,0.592248,0,4.604,1.86,-0.0289569,5.0241,1.12028,-0.0615619,0,3.54338,1.86,0.74184,3.4949,1.0252,1.06281,0,3.80892,1.86,0.135957,3.88248,0.928713,0.161956,0,3.25424,1.86,0.00871447,3.08207,1.06506,-0.0151247,0,4.36294,1.86,0.149973,4.69751,1.05659,0.189978,0,3.25886,1.86,0.137068,3.06769,1.00607,0.168183,0,4.3004,1.86,0.470448,4.61604,1.01329,0.663377,0,3.78082,1.86,-0.00926672,3.84689,1.04372,-0.0442905,0,3.51605,1.86,0.234499,3.44509,0.981002,0.31308,0,
0.033334,3.86944,3.64116,0.241702,4.00597,3.65708,0.323572,4.44141,1.86,0.675488,4.81455,1.09191,0.952432,0,4.22364,1.86,0.710121,4.50606,1.06301,1.01032,0,4.56734,1.86,0.594925,5.00316,1.08446,0.834719,0,4.19637,1.86,0.177929,4.47634,0.999218,0.230351,0,3.9059,1.86,0.718425,4.0441,1.06811,1.0201,0,4.17197,1.86,0.535983,4.43686,1.0263,0.756847,0,3.69279,1.86,0.509369,3.732,1.04684,0.719499,0,3.87072,1.86,0.49878,3.98927,0.980672,0.712745,0,4.42439,1.86,0.469469,4.80561,1.039,0.659259,0,3.93574,1.86,0.212506,4.08565,1.03235,0.28153,0,3.67208,1.86,0.671971,3.70871,1.08694,0.946501,0,4.21754,1.86,0.360275,4.50491,1.01087,0.502606,0,3.52832,1.86,0.095633,3.50356,1.11716,0.118946,0,3.40657,1.86,0.713917,3.33079,1.10552,1.00225,0,3.25796,1.86,0.750395,3.1148,1.11983,1.05326,0,4.24294,1.86,0.0339146,4.53829,1.03291,0.0184464,0,3.64053,1.86,0.214165,3.65847,1.07695,0.290505,0,3.18611,1.86,0.544489,3.01687,1.11082,0.761772,0,3.37386,1.86,0.541204,3.29443,1.15365,0.750248,0,3.54117,1.86,0.436442,3.51039,1.06316,0.611813,0,4.43955,1.86,0.0450994,4.79861,1.13774,0.0467589,0,4.04713,1.86,0.434987,4.24938,1.06148,0.609143,0,3.71344,1.86,0.365785,3.75826,1.02157,0.510408,0,4.08904,1.86,0.279679,4.30864,1.0752,0.383247,0,3.39354,1.86,0.00293583,3.29008,1.02977,-0.0241158,0,3.25585,1.86,0.353281,3.11471,1.12049,0.48589,0,3.54959,1.86,0.609539,3.54385,1.16069,0.842593,0,4.04641,1.86,0.71521,4.24764,1.08927,1.00984,0,4.67374,1.86,0.712494,5.11909,1.16047,0.982289,0,3.19378,1.86,0.243608,3.05368,1.18317,0.333502,0,4.62861,1.86,0.438314,5.07741,1.10969,0.606525,0,3.85006,1.86,0.338257,3.96324,1.08346,0.466732,0,4.58839,1.86,0.147206,5.00408,1.14864,0.190712,0,3.13588,1.86,0.0477947,2.94831,1.13119,0.0522703,0,3.42626,1.86,0.339112,3.34503,1.06726,0.468907,0,4.44133,1.86,0.278231,4.80147,1.11535,0.3804,0,4.56378,1.86,0.321611,5.00528,1.04332,0.44082,0,4.09651,1.86,0.0899499,4.32225,1.07066,0.105848,0,3.38555,1.86,0.142578,3.28666,1.06999,0.183325,0,4.03463,1.86,0.56306,4.22986,1.07262,0.790402,0,3.62961,1.86,0.0143817,3.66042,1.17413,0.00630069,0,4.32734,1.86,0.612462,4.63456,1.15336,0.848211,0,3.93251,1.86,0.0447638,4.07884,1.12443,0.0481659,0,3.78016,1.86,0.608605,3.8598,1.04369,0.865565,0,3.13658,1.86,0.665197,2.97437,1.19065,0.912585,0,3.13743,1.86,0.427541,2.95551,1.13811,0.59032,0,4.604,1.86,-0.0289569,5.01194,1.17653,-0.0514911,0,3.54338,1.86,0.74184,3.51876,1.08591,1.05015,0,3.80892,1.86,0.135957,3.8932,0.979509,0.160324,0,3.25424,1.86,0.00871447,3.11362,1.11938,-0.00471199,0,4.36294,1.86,0.149973,4.68973,1.13267,0.197682,0,3.25886,1.86,0.137068,3.09921,1.06024,0.174759,0,4.3004,1.86,0.470448,4.612,1.08829,0.656187,0,3.78082,1.86,-0.00926672,3.86531,1.13071,-0.0306764,0,3.51605,1.86,0.234499,3.47214,1.05126,0.314912,0,
0.0666681,3.86944,3.64116,0.241702,3.97931,3.6566,0.324247,4.44141,1.86,0.675488,4.79071,1.15462,0.93896,0,4.22364,1.86,0.710121,4.48503,1.16469,0.991069,0,4.56734,1.86,0.594925,4.97403,1.14579,0.826689,0,4.19637,1.86,0.177929,4.45977,1.06619,0.234268,0,3.9059,1.86,0.718425,4.03884,1.14274,1.00189,0,4.17197,1.86,0.535983,4.42089,1.09438,0.7485,0,3.69279,1.86,0.509369,3.73595,1.12332,0.709784,0,3.87072,1.86,0.49878,3.98588,1.05362,0.704079,0,4.42439,1.86,0.469469,4.78128,1.10595,0.654445,0,3.93574,1.86,0.212506,4.08094,1.12999,0.287387,0,3.67208,1.86,0.671971,3.71048,1.15344,0.932265,0,4.21754,1.86,0.360275,4.48763,1.08215,0.501586,0,3.52832,1.86,0.095633,3.51302,1.18611,0.1264,0,3.40657,1.86,0.713917,3.33875,1.16013,0.991065,0,3.25796,1.86,0.750395,3.13623,1.18624,1.03775,0,4.24294,1.86,0.0339146,4.5205,1.10153,0.0283827,0,3.64053,1.86,0.214165,3.66759,1.16486,0.291377,0,3.18611,1.86,0.544489,3.02313,1.1467,0.757079,0,3.37386,1.86,0.541204,3.30267,1.20379,0.742702,0,3.54117,1.86,0.436442,3.51918,1.1303,0.606236,0,4.43955,1.86,0.0450994,4.77335,1.20195,0.0548355,0,4.04713,1.86,0.434987,4.23778,1.15531,0.599623,0,3.71344,1.86,0.365785,3.76449,1.11453,0.505705,0,4.08904,1.86,0.279679,4.29517,1.15462,0.383319,0,3.39354,1.86,0.00293583,3.30304,1.09392,-0.0134145,0,3.25585,1.86,0.353281,3.12638,1.16752,0.485648,0,3.54959,1.86,0.609539,3.5488,1.21997,0.832106,0,4.04641,1.86,0.71521,4.23558,1.16386,0.994436,0,4.67374,1.86,0.712494,5.09694,1.19257,0.976733,0,3.19378,1.86,0.243608,3.07161,1.24107,0.336111,0,4.62861,1.86,0.438314,5.04731,1.17171,0.603332,0,3.85006,1.86,0.338257,3.95946,1.16012,0.465275,0,4.58839,1.86,0.147206,4.97614,1.20614,0.196829,0,3.13588,1.86,0.0477947,2.97357,1.19451,0.0633892,0,3.42626,1.86,0.339112,3.3573,1.13105,0.467221,0,4.44133,1.86,0.278231,4.77151,1.21138,0.378002,0,4.56378,1.86,0.321611,4.97939,1.10343,0.439129,0,4.09651,1.86,0.0899499,4.30729,1.16714,0.115943,0,3.38555,1.86,0.142578,3.30229,1.13764,0.188604,0,4.03463,1.86,0.56306,4.21903,1.14991,0.780113,0,3.62961,1.86,0.0143817,3.66002,1.22875,0.01971,0,4.32734,1.86,0.612462,4.60982,1.23885,0.835578,0,3.93251,1.86,0.0447638,4.07238,1.20034,0.058317,0,3.78016,1.86,0.608605,3.85874,1.11338,0.852112,0,3.13658,1.86,0.665197,2.9878,1.23525,0.904779,0,3.13743,1.86,0.427541,2.97174,1.18829,0.588207,0,4.604,1.86,-0.0289569,4.98589,1.2284,-0.0426381,0,3.54338,1.86,0.74184,3.5326,1.16786,1.02799,0,3.80892,1.86,0.135957,3.8912,1.03986,0.162256,0,3.25424,1.86,0.00871447,3.12889,1.17426,0.0043076,0,4.36294,1.86,0.149973,4.66241,1.22796,0.201504,0,3.25886,1.86,0.137068,3.11482,1.11602,0.179889,0,4.3004,1.86,0.470448,4.59121,1.15898,0.648934,0,3.78082,1.86,-0.00926672,3.87216,1.25846,-0.00611117,0,3.51605,1.86,0.234499,3.48433,1.12627,0.316148,0,
0.100002,3.85919,3.64112,0.241517,3.96923,3.65642,0.324503,4.44141,1.86,0.675488,4.68893,1.51208,0.851073,0,4.22364,1.86,0.710121,4.43801,1.45179,0.914007,0,4.56734,1.86,0.594925,4.89869,1.35783,0.782857,0,4.19637,1.86,0.177929,4.41555,1.38087,0.242367,0,3.9059,1.86,0.718425,4.04544,1.22775,0.975792,0,4.17197,1.86,0.535983,4.39717,1.2986,0.713581,0,3.69279,1.86,0.509369,3.76521,1.31768,0.681632,0,3.87072,1.86,0.49878,3.99931,1.35599,0.661423,0,4.42439,1.86,0.469469,4.73346,1.29245,0.630046,0,3.93574,1.86,0.212506,4.08494,1.28218,0.288493,0,3.67208,1.86,0.671971,3.73304,1.27848,0.902569,0,4.21754,1.86,0.360275,4.47338,1.21195,0.492369,0,3.52832,1.86,0.095633,3.5354,1.24766,0.133644,0,3.40657,1.86,0.713917,3.40876,1.38825,0.929926,0,3.25796,1.86,0.750395,3.12,1.11062,1.06084,0,4.24294,1.86,0.0339146,4.50339,1.23574,0.0436169,0,3.64053,1.86,0.214165,3.69458,1.30176,0.294758,0,3.18611,1.86,0.544489,3.06771,1.23613,0.744001,0,3.37386,1.86,0.541204,3.35543,1.3476,0.719954,0,3.54117,1.86,0.436442,3.54043,1.18733,0.600499,0,4.43955,1.86,0.0450994,4.71018,1.43349,0.0821941,0,4.04713,1.86,0.434987,4.22106,1.42757,0.571432,0,3.71344,1.86,0.365785,3.77631,1.15991,0.503422,0,4.08904,1.86,0.279679,4.28551,1.31705,0.379214,0,3.39354,1.86,0.00293583,3.39362,1.39076,0.026884,0,3.25585,1.86,0.353281,3.12842,1.14011,0.488049,0,3.54959,1.86,0.609539,3.57689,1.31592,0.813532,0,4.04641,1.86,0.71521,4.22905,1.32388,0.950379,0,4.67374,1.86,0.712494,5.07682,1.26441,0.958292,0,3.19378,1.86,0.243608,3.10982,1.31477,0.334406,0,4.62861,1.86,0.438314,4.98691,1.3355,0.583862,0,3.85006,1.86,0.338257,3.97069,1.27853,0.457483,0,4.58839,1.86,0.147206,4.88429,1.46369,0.211088,0,3.13588,1.86,0.0477947,3.07009,1.39854,0.0888941,0,3.42626,1.86,0.339112,3.40587,1.28054,0.459322,0,4.44133,1.86,0.278231,4.77367,1.23412,0.378853,0,4.56378,1.86,0.321611,4.9493,1.20982,0.434056,0,4.09651,1.86,0.0899499,4.28257,1.42924,0.13866,0,3.38555,1.86,0.142578,3.35003,1.2742,0.197378,0,4.03463,1.86,0.56306,4.20713,1.40548,0.734569,0,3.62961,1.86,0.0143817,3.70527,1.47103,0.0472172,0,4.32734,1.86,0.612462,4.55,1.51854,0.776444,0,3.93251,1.86,0.0447638,4.08434,1.10724,0.0468597,0,3.78016,1.86,0.608605,3.87977,1.3162,0.812265,0,3.13658,1.86,0.665197,2.93179,1.07502,0.945501,0,3.13743,1.86,0.427541,3.01909,1.27641,0.579618,0,4.604,1.86,-0.0289569,5.02418,1.16002,-0.0522633,0,3.54338,1.86,0.74184,3.58029,1.37548,0.972175,0,3.80892,1.86,0.135957,3.90033,0.962205,0.160937,0,3.25424,1.86,0.00871447,3.15653,1.22343,0.0112182,0,4.36294,1.86,0.149973,4.65762,1.26952,0.201501,0,3.25886,1.86,0.137068,3.16288,1.22397,0.187469,0,4.3004,1.86,0.470448,4.55426,1.35609,0.622221,0,3.78082,1.86,-0.00926672,3.89104,1.47455,0.0241906,0,3.51605,1.86,0.234499,3.5175,1.2427,0.317123,0,
0.133336,3.83197,3.64073,0.241901,3.94225,3.65597,0.325187,4.44141,1.86,0.675488,4.70152,1.43911,0.871707,0,4.22364,1.86,0.710121,4.43279,1.42656,0.923343,0,4.56734,1.86,0.594925,4.89853,1.33606,0.789875,0,4.19637,1.86,0.177929,4.40523,1.38736,0.244204,0,3.9059,1.86,0.718425,4.03537,1.23423,0.975976,0,4.17197,1.86,0.535983,4.38113,1.34816,0.712128,0,3.69279,1.86,0.509369,3.75832,1.34558,0.676764,0,3.87072,1.86,0.49878,3.98825,1.3339,0.665811,0,4.42439,1.86,0.469469,4.70599,1.36003,0.623832,0,3.93574,1.86,0.212506,4.07473,1.31841,0.290944,0,3.67208,1.86,0.671971,3.73121,1.33949,0.888256,0,4.21754,1.86,0.360275,4.45977,1.23782,0.492528,0,3.52832,1.86,0.095633,3.54052,1.31996,0.138741,0,3.40657,1.86,0.713917,3.39492,1.37744,0.932319,0,3.25796,1.86,0.750395,3.14559,1.21048,1.03056,0,4.24294,1.86,0.0339146,4.48967,1.26038,0.0484462,0,3.64053,1.86,0.214165,3.69185,1.35137,0.294521,0,3.18611,1.86,0.544489,3.05996,1.24433,0.741981,0,3.37386,1.86,0.541204,3.34664,1.35561,0.721231,0,3.54117,1.86,0.436442,3.54183,1.24449,0.594315,0,4.43955,1.86,0.0450994,4.69256,1.46535,0.0889497,0,4.04713,1.86,0.434987,4.21514,1.36356,0.577871,0,3.71344,1.86,0.365785,3.77352,1.22466,0.499027,0,4.08904,1.86,0.279679,4.2746,1.32995,0.379977,0,3.39354,1.86,0.00293583,3.37978,1.37966,0.0258473,0,3.25585,1.86,0.353281,3.15242,1.23545,0.482912,0,3.54959,1.86,0.609539,3.56712,1.32189,0.813353,0,4.04641,1.86,0.71521,4.22017,1.30844,0.95724,0,4.67374,1.86,0.712494,5.08673,1.22038,0.972763,0,3.19378,1.86,0.243608,3.1233,1.37562,0.33163,0,4.62861,1.86,0.438314,4.98729,1.31423,0.588968,0,3.85006,1.86,0.338257,3.96147,1.30265,0.457203,0,4.58839,1.86,0.147206,4.90192,1.3946,0.206413,0,3.13588,1.86,0.0477947,3.06122,1.40297,0.088972,0,3.42626,1.86,0.339112,3.40977,1.33339,0.456538,0,4.44133,1.86,0.278231,4.76424,1.23529,0.382371,0,4.56378,1.86,0.321611,4.92657,1.24959,0.435942,0,4.09651,1.86,0.0899499,4.27275,1.43017,0.139582,0,3.38555,1.86,0.142578,3.35547,1.32829,0.200491,0,4.03463,1.86,0.56306,4.19787,1.3933,0.737434,0,3.62961,1.86,0.0143817,3.6959,1.47919,0.0489482,0,4.32734,1.86,0.612462,4.53529,1.54444,0.77188,0,3.93251,1.86,0.0447638,4.07407,1.18114,0.0555609,0,3.78016,1.86,0.608605,3.86753,1.2954,0.816852,0,3.13658,1.86,0.665197,2.99234,1.24097,0.904672,0,3.13743,1.86,0.427541,3.02282,1.31051,0.577108,0,4.604,1.86,-0.0289569,4.99703,1.20654,-0.0441338,0,3.54338,1.86,0.74184,3.57029,1.37901,0.971133,0,3.80892,1.86,0.135957,3.90172,1.14148,0.176542,0,3.25424,1.86,0.00871447,3.1757,1.30441,0.0227063,0,4.36294,1.86,0.149973,4.63249,1.33474,0.209356,0,3.25886,1.86,0.137068,3.17979,1.29862,0.192727,0,4.3004,1.86,0.470448,4.54525,1.35579,0.624939,0,3.78082,1.86,-0.00926672,3.88241,1.49718,0.0267834,0,3.51605,1.86,0.234499,3.52266,1.31241,0.316697,0,
0.16667,3.82078,3.64061,0.241741,3.92672,3.65571,0.325581,4.44141,1.86,0.675488,4.71424,1.41617,0.875181,0,4.22364,1.86,0.710121,4.44847,1.3686,0.941411,0,4.56734,1.86,0.594925,4.92351,1.28135,0.800309,0,4.19637,1.86,0.177929,4.41871,1.33534,0.241433,0,3.9059,1.86,0.718425,4.04155,1.17604,0.984321,0,4.17197,1.86,0.535983,4.39417,1.29056,0.719633,0,3.69279,1.86,0.509369,3.75323,1.26458,0.688207,0,3.87072,1.86,0.49878,3.99266,1.26143,0.673809,0,4.42439,1.86,0.469469,4.7224,1.31916,0.628244,0,3.93574,1.86,0.212506,4.08167,1.29291,0.290176,0,3.67208,1.86,0.671971,3.72883,1.28241,0.899547,0,4.21754,1.86,0.360275,4.47446,1.18721,0.494161,0,3.52832,1.86,0.095633,3.5352,1.26767,0.132746,0,3.40657,1.86,0.713917,3.37897,1.30229,0.952736,0,3.25796,1.86,0.750395,3.12898,1.14266,1.04651,0,4.24294,1.86,0.0339146,4.50333,1.22112,0.0446679,0,3.64053,1.86,0.214165,3.68931,1.29781,0.291523,0,3.18611,1.86,0.544489,3.05279,1.20528,0.745219,0,3.37386,1.86,0.541204,3.32099,1.25424,0.736964,0,3.54117,1.86,0.436442,3.53329,1.17471,0.601146,0,4.43955,1.86,0.0450994,4.71396,1.40468,0.0788999,0,4.04713,1.86,0.434987,4.228,1.26776,0.58583,0,3.71344,1.86,0.365785,3.77371,1.17253,0.500884,0,4.08904,1.86,0.279679,4.28732,1.25063,0.380944,0,3.39354,1.86,0.00293583,3.37159,1.331,0.0162582,0,3.25585,1.86,0.353281,3.13015,1.15529,0.484472,0,3.54959,1.86,0.609539,3.55336,1.22766,0.830447,0,4.04641,1.86,0.71521,4.23202,1.2202,0.978375,0,4.67374,1.86,0.712494,5.12793,1.13967,0.995051,0,3.19378,1.86,0.243608,3.09929,1.30092,0.327555,0,4.62861,1.86,0.438314,5.03054,1.21511,0.594359,0,3.85006,1.86,0.338257,3.96633,1.2592,0.456951,0,4.58839,1.86,0.147206,4.92221,1.35532,0.205169,0,3.13588,1.86,0.0477947,3.04435,1.35093,0.0773875,0,3.42626,1.86,0.339112,3.39199,1.25018,0.458632,0,4.44133,1.86,0.278231,4.79867,1.13777,0.383696,0,4.56378,1.86,0.321611,4.9654,1.15583,0.439118,0,4.09651,1.86,0.0899499,4.28578,1.34351,0.13069,0,3.38555,1.86,0.142578,3.34124,1.2612,0.193632,0,4.03463,1.86,0.56306,4.20881,1.29674,0.753729,0,3.62961,1.86,0.0143817,3.68532,1.38646,0.0382969,0,4.32734,1.86,0.612462,4.55362,1.47808,0.783594,0,3.93251,1.86,0.0447638,4.08046,1.13412,0.0485037,0,3.78016,1.86,0.608605,3.86706,1.20973,0.832908,0,3.13658,1.86,0.665197,2.94028,1.10445,0.934695,0,3.13743,1.86,0.427541,2.99126,1.22289,0.582104,0,4.604,1.86,-0.0289569,5.03019,1.14125,-0.053198,0,3.54338,1.86,0.74184,3.56009,1.30312,0.989267,0,3.80892,1.86,0.135957,3.90539,1.11402,0.174471,0,3.25424,1.86,0.00871447,3.15839,1.23995,0.0108257,0,4.36294,1.86,0.149973,4.65437,1.26747,0.209351,0,3.25886,1.86,0.137068,3.16397,1.23838,0.18577,0,4.3004,1.86,0.470448,4.56605,1.28163,0.63372,0,3.78082,1.86,-0.00926672,3.8821,1.42924,0.0180757,0,3.51605,1.86,0.234499,3.51713,1.26104,0.314697,0,
0.200004,3.79251,3.64008,0.242112,3.93171,3.65576,0.325453,4.44141,1.86,0.675488,4.72788,1.44633,0.869898,0,4.22364,1.86,0.710121,4.47223,1.37237,0.942174,0,4.56734,1.86,0.594925,4.93183,1.32185,0.793136,0,4.19637,1.86,0.177929,4.43642,1.3654,0.243115,0,3.9059,1.86,0.718425,4.0626,1.17618,0.98228,0,4.17197,1.86,0.535983,4.40917,1.35378,0.71172,0,3.69279,1.86,0.509369,3.77778,1.26571,0.690035,0,3.87072,1.86,0.49878,4.017,1.29644,0.671951,0,4.42439,1.86,0.469469,4.72839,1.37707,0.621106,0,3.93574,1.86,0.212506,4.10694,1.29389,0.292337,0,3.67208,1.86,0.671971,3.75288,1.2845,0.902754,0,4.21754,1.86,0.360275,4.49981,1.19225,0.494066,0,3.52832,1.86,0.095633,3.56015,1.27052,0.136622,0,3.40657,1.86,0.713917,3.41093,1.33224,0.945452,0,3.25796,1.86,0.750395,3.15983,1.15718,1.04573,0,4.24294,1.86,0.0339146,4.52773,1.22606,0.0463107,0,3.64053,1.86,0.214165,3.71511,1.29887,0.293938,0,3.18611,1.86,0.544489,3.09658,1.2606,0.739451,0,3.37386,1.86,0.541204,3.34986,1.2591,0.736149,0,3.54117,1.86,0.436442,3.55929,1.17803,0.603714,0,4.43955,1.86,0.0450994,4.73892,1.41547,0.0839162,0,4.04713,1.86,0.434987,4.25233,1.26962,0.587616,0,3.71344,1.86,0.365785,3.8043,1.17322,0.503111,0,4.08904,1.86,0.279679,4.30724,1.25268,0.381354,0,3.39354,1.86,0.00293583,3.40649,1.37119,0.0242414,0,3.25585,1.86,0.353281,3.16021,1.17008,0.486462,0,3.54959,1.86,0.609539,3.57835,1.23067,0.833588,0,4.04641,1.86,0.71521,4.25805,1.2228,0.979722,0,4.67374,1.86,0.712494,5.14974,1.1517,0.993065,0,3.19378,1.86,0.243608,3.13031,1.31489,0.334233,0,4.62861,1.86,0.438314,5.04982,1.23133,0.59279,0,3.85006,1.86,0.338257,3.99173,1.25994,0.45973,0,4.58839,1.86,0.147206,4.94519,1.35948,0.206232,0,3.13588,1.86,0.0477947,3.0711,1.36171,0.0799145,0,3.42626,1.86,0.339112,3.41769,1.25604,0.460285,0,4.44133,1.86,0.278231,4.82229,1.14896,0.384657,0,4.56378,1.86,0.321611,4.98515,1.17421,0.439458,0,4.09651,1.86,0.0899499,4.309,1.34604,0.131948,0,3.38555,1.86,0.142578,3.36721,1.26751,0.19763,0,4.03463,1.86,0.56306,4.23745,1.29959,0.755633,0,3.62961,1.86,0.0143817,3.70973,1.38703,0.040282,0,4.32734,1.86,0.612462,4.57134,1.48374,0.785492,0,3.93251,1.86,0.0447638,4.11036,1.13525,0.0507089,0,3.78016,1.86,0.608605,3.8943,1.21076,0.835579,0,3.13658,1.86,0.665197,2.98157,1.13441,0.930371,0,3.13743,1.86,0.427541,3.02677,1.23641,0.583357,0,4.604,1.86,-0.0289569,5.04852,1.15816,-0.0495368,0,3.54338,1.86,0.74184,3.58614,1.3058,0.991877,0,3.80892,1.86,0.135957,3.93111,1.11469,0.171085,0,3.25424,1.86,0.00871447,3.18813,1.25158,0.0142201,0,4.36294,1.86,0.149973,4.67394,1.27723,0.213005,0,3.25886,1.86,0.137068,3.19356,1.24961,0.188324,0,4.3004,1.86,0.470448,4.59058,1.2881,0.634822,0,3.78082,1.86,-0.00926672,3.90557,1.42923,0.0206538,0,3.51605,1.86,0.234499,3.5438,1.2642,0.316622,0,
0.233338,3.79251,3.64008,0.242112,3.90408,3.65521,0.326151,4.44141,1.86,0.675488,4.71773,1.44942,0.872573,0,4.22364,1.86,0.710121,4.4581,1.39885,0.938209,0,4.56734,1.86,0.594925,4.91817,1.33947,0.792858,0,4.19637,1.86,0.177929,4.42446,1.39578,0.247554,0,3.9059,1.86,0.718425,4.05722,1.23992,0.970883,0,4.17197,1.86,0.535983,4.39566,1.38475,0.711739,0,3.69279,1.86,0.509369,3.77209,1.29154,0.688772,0,3.87072,1.86,0.49878,4.00947,1.32162,0.670068,0,4.42439,1.86,0.469469,4.71302,1.40183,0.621324,0,3.93574,1.86,0.212506,4.09511,1.35954,0.295593,0,3.67208,1.86,0.671971,3.74775,1.31597,0.896055,0,4.21754,1.86,0.360275,4.47719,1.26149,0.492948,0,3.52832,1.86,0.095633,3.55841,1.30717,0.140578,0,3.40657,1.86,0.713917,3.40531,1.34064,0.946054,0,3.25796,1.86,0.750395,3.17299,1.22199,1.02864,0,4.24294,1.86,0.0339146,4.50505,1.29134,0.0574195,0,3.64053,1.86,0.214165,3.71414,1.35786,0.296653,0,3.18611,1.86,0.544489,3.10709,1.29903,0.735154,0,3.37386,1.86,0.541204,3.34142,1.25538,0.737799,0,3.54117,1.86,0.436442,3.56049,1.22934,0.599813,0,4.43955,1.86,0.0450994,4.70905,1.47633,0.0930343,0,4.04713,1.86,0.434987,4.24245,1.28881,0.588234,0,3.71344,1.86,0.365785,3.80506,1.29642,0.497114,0,4.08904,1.86,0.279679,4.30148,1.24768,0.384359,0,3.39354,1.86,0.00293583,3.40398,1.389,0.0285167,0,3.25585,1.86,0.353281,3.16783,1.21515,0.485414,0,3.54959,1.86,0.609539,3.57087,1.22791,0.835145,0,4.04641,1.86,0.71521,4.24512,1.2639,0.97139,0,4.67374,1.86,0.712494,5.11831,1.20337,0.983034,0,3.19378,1.86,0.243608,3.12029,1.30901,0.338526,0,4.62861,1.86,0.438314,5.05047,1.20433,0.599605,0,3.85006,1.86,0.338257,3.98285,1.31256,0.459486,0,4.58839,1.86,0.147206,4.91682,1.41215,0.212398,0,3.13588,1.86,0.0477947,3.07049,1.37464,0.0846129,0,3.42626,1.86,0.339112,3.41446,1.27468,0.46195,0,4.44133,1.86,0.278231,4.81904,1.14179,0.388621,0,4.56378,1.86,0.321611,4.95717,1.22515,0.440813,0,4.09651,1.86,0.0899499,4.29911,1.36594,0.135448,0,3.38555,1.86,0.142578,3.3682,1.29928,0.201204,0,4.03463,1.86,0.56306,4.22225,1.36274,0.745682,0,3.62961,1.86,0.0143817,3.70989,1.43054,0.0455605,0,4.32734,1.86,0.612462,4.56613,1.4871,0.788512,0,3.93251,1.86,0.0447638,4.0966,1.27678,0.0683966,0,3.78016,1.86,0.608605,3.88937,1.27784,0.822544,0,3.13658,1.86,0.665197,2.97287,1.12317,0.936588,0,3.13743,1.86,0.427541,3.03379,1.28232,0.577073,0,4.604,1.86,-0.0289569,5.04401,1.14676,-0.0420448,0,3.54338,1.86,0.74184,3.58201,1.33451,0.986959,0,3.80892,1.86,0.135957,3.92342,1.18046,0.178026,0,3.25424,1.86,0.00871447,3.19701,1.30158,0.022605,0,4.36294,1.86,0.149973,4.66198,1.29253,0.218199,0,3.25886,1.86,0.137068,3.20256,1.3005,0.193101,0,4.3004,1.86,0.470448,4.57207,1.32768,0.632358,0,3.78082,1.86,-0.00926672,3.89733,1.44046,0.0240347,0,3.51605,1.86,0.234499,3.54261,1.30893,0.316253,0,
0.266672,3.76503,3.63954,0.24244,3.88872,3.65489,0.326539,4.44141,1.86,0.675488,4.71528,1.46851,0.866191,0,4.22364,1.86,0.710121,4.45578,1.43153,0.931537,0,4.56734,1.86,0.594925,4.90276,1.39502,0.778805,0,4.19637,1.86,0.177929,4.42169,1.43116,0.24784,0,3.9059,1.86,0.718425,4.05802,1.26184,0.959739,0,4.17197,1.86,0.535983,4.3931,1.42393,0.701267,0,3.69279,1.86,0.509369,3.77934,1.32165,0.683197,0,3.87072,1.86,0.49878,4.01405,1.35538,0.664157,0,4.42439,1.86,0.469469,4.70277,1.45146,0.610927,0,3.93574,1.86,0.212506,4.09672,1.40569,0.294863,0,3.67208,1.86,0.671971,3.75533,1.34734,0.887481,0,4.21754,1.86,0.360275,4.47076,1.31499,0.487383,0,3.52832,1.86,0.095633,3.56223,1.30449,0.1411,0,3.40657,1.86,0.713917,3.41932,1.37131,0.936617,0,3.25796,1.86,0.750395,3.19947,1.28042,1.01056,0,4.24294,1.86,0.0339146,4.49891,1.33728,0.0599603,0,3.64053,1.86,0.214165,3.72192,1.3941,0.297687,0,3.18611,1.86,0.544489,3.1253,1.33791,0.727328,0,3.37386,1.86,0.541204,3.34921,1.25218,0.737554,0,3.54117,1.86,0.436442,3.57479,1.27891,0.594899,0,4.43955,1.86,0.0450994,4.70064,1.51276,0.0952194,0,4.04713,1.86,0.434987,4.24369,1.31961,0.583855,0,3.71344,1.86,0.365785,3.81677,1.37922,0.48924,0,4.08904,1.86,0.279679,4.30318,1.28158,0.380209,0,3.39354,1.86,0.00293583,3.41419,1.41275,0.0310044,0,3.25585,1.86,0.353281,3.17274,1.20846,0.485683,0,3.54959,1.86,0.609539,3.57843,1.22656,0.836125,0,4.04641,1.86,0.71521,4.24505,1.33804,0.948814,0,4.67374,1.86,0.712494,5.10114,1.25142,0.966591,0,3.19378,1.86,0.243608,3.12657,1.30606,0.338726,0,4.62861,1.86,0.438314,5.04177,1.2393,0.592915,0,3.85006,1.86,0.338257,3.9869,1.35352,0.454545,0,4.58839,1.86,0.147206,4.90801,1.44083,0.214357,0,3.13588,1.86,0.0477947,3.08168,1.39235,0.0881229,0,3.42626,1.86,0.339112,3.42539,1.30046,0.459502,0,4.44133,1.86,0.278231,4.82742,1.14504,0.385324,0,4.56378,1.86,0.321611,4.93885,1.28665,0.434801,0,4.09651,1.86,0.0899499,4.29961,1.38594,0.136185,0,3.38555,1.86,0.142578,3.37656,1.3183,0.202947,0,4.03463,1.86,0.56306,4.2213,1.39541,0.738798,0,3.62961,1.86,0.0143817,3.71364,1.44676,0.0475129,0,4.32734,1.86,0.612462,4.56597,1.49604,0.783032,0,3.93251,1.86,0.0447638,4.10171,1.27661,0.0665136,0,3.78016,1.86,0.608605,3.89675,1.33434,0.809773,0,3.13658,1.86,0.665197,2.97715,1.12551,0.933868,0,3.13743,1.86,0.427541,3.05579,1.32043,0.576262,0,4.604,1.86,-0.0289569,5.04826,1.15138,-0.046123,0,3.54338,1.86,0.74184,3.59378,1.37063,0.974341,0,3.80892,1.86,0.135957,3.92876,1.2286,0.178127,0,3.25424,1.86,0.00871447,3.20739,1.32283,0.0260751,0,4.36294,1.86,0.149973,4.65426,1.34145,0.214785,0,3.25886,1.86,0.137068,3.21755,1.33215,0.195577,0,4.3004,1.86,0.470448,4.56691,1.36495,0.626508,0,3.78082,1.86,-0.00926672,3.90264,1.46523,0.0209392,0,3.51605,1.86,0.234499,3.55132,1.336,0.315217,0,
0.300007,3.75441,3.63942,0.242228,3.87727,3.65464,0.326828,4.44141,1.86,0.675488,4.70398,1.51983,0.851823,0,4.22364,1.86,0.710121,4.44675,1.50688,0.911616,0,4.56734,1.86,0.594925,4.87303,1.48873,0.758108,0,4.19637,1.86,0.177929,4.4148,1.49671,0.247588,0,3.9059,1.86,0.718425,4.06248,1.33801,0.936989,0,4.17197,1.86,0.535983,4.38674,1.47475,0.690225,0,3.69279,1.86,0.509369,3.79174,1.3959,0.670847,0,3.87072,1.86,0.49878,4.01938,1.42529,0.651762,0,4.42439,1.86,0.469469,4.68519,1.52272,0.600759,0,3.93574,1.86,0.212506,4.09741,1.4701,0.299195,0,3.67208,1.86,0.671971,3.77216,1.43608,0.864282,0,4.21754,1.86,0.360275,4.45857,1.40003,0.48051,0,3.52832,1.86,0.095633,3.58572,1.41158,0.146889,0,3.40657,1.86,0.713917,3.44225,1.44055,0.915612,0,3.25796,1.86,0.750395,3.22965,1.36478,0.987168,0,4.24294,1.86,0.0339146,4.48659,1.41818,0.0682075,0,3.64053,1.86,0.214165,3.73405,1.46114,0.294345,0,3.18611,1.86,0.544489,3.16436,1.42305,0.71024,0,3.37386,1.86,0.541204,3.40327,1.45648,0.701756,0,3.54117,1.86,0.436442,3.59659,1.3711,0.58264,0,4.43955,1.86,0.0450994,4.68029,1.59418,0.103245,0,4.04713,1.86,0.434987,4.24227,1.41706,0.569206,0,3.71344,1.86,0.365785,3.82649,1.46538,0.482624,0,4.08904,1.86,0.279679,4.29909,1.38747,0.375012,0,3.39354,1.86,0.00293583,3.42992,1.46209,0.0374329,0,3.25585,1.86,0.353281,3.22818,1.36363,0.474534,0,3.54959,1.86,0.609539,3.61308,1.42095,0.793888,0,4.04641,1.86,0.71521,4.24036,1.44844,0.917926,0,4.67374,1.86,0.712494,5.06286,1.34692,0.939292,0,3.19378,1.86,0.243608,3.19511,1.49206,0.332296,0,4.62861,1.86,0.438314,5.01355,1.31955,0.58214,0,3.85006,1.86,0.338257,3.99249,1.43012,0.449272,0,4.58839,1.86,0.147206,4.88397,1.51206,0.213042,0,3.13588,1.86,0.0477947,3.11007,1.45307,0.0963761,0,3.42626,1.86,0.339112,3.44943,1.37739,0.454131,0,4.44133,1.86,0.278231,4.73416,1.42676,0.376399,0,4.56378,1.86,0.321611,4.90381,1.39059,0.427997,0,4.09651,1.86,0.0899499,4.29701,1.47611,0.145238,0,3.38555,1.86,0.142578,3.40158,1.39217,0.204177,0,4.03463,1.86,0.56306,4.21972,1.4654,0.723145,0,3.62961,1.86,0.0143817,3.72891,1.5151,0.0536979,0,4.32734,1.86,0.612462,4.56004,1.53342,0.773142,0,3.93251,1.86,0.0447638,4.09845,1.45391,0.0842628,0,3.78016,1.86,0.608605,3.90522,1.41864,0.78965,0,3.13658,1.86,0.665197,3.08204,1.38474,0.870401,0,3.13743,1.86,0.427541,3.09592,1.4107,0.564966,0,4.604,1.86,-0.0289569,4.96244,1.36023,-0.0170111,0,3.54338,1.86,0.74184,3.61278,1.44852,0.951885,0,3.80892,1.86,0.135957,3.93788,1.32439,0.182861,0,3.25424,1.86,0.00871447,3.24872,1.42167,0.0360781,0,4.36294,1.86,0.149973,4.63938,1.40536,0.216123,0,3.25886,1.86,0.137068,3.25043,1.41592,0.197654,0,4.3004,1.86,0.470448,4.55127,1.45917,0.609586,0,3.78082,1.86,-0.00926672,3.9121,1.53577,0.0283177,0,3.51605,1.86,0.234499,3.57116,1.41152,0.314555,0,
0.33334,3.75441,3.63942,0.242228,3.86704,3.65443,0.327086,4.44141,1.86,0.675488,4.69676,1.56585,0.837615,0,4.22364,1.86,0.710121,4.45498,1.504,0.911477,0,4.56734,1.86,0.594925,4.85822,1.52965,0.747747,0,4.19637,1.86,0.177929,4.41156,1.53519,0.245765,0,3.9059,1.86,0.718425,4.06699,1.39115,0.922012,0,4.17197,1.86,0.535983,4.38599,1.51369,0.680484,0,3.69279,1.86,0.509369,3.79529,1.42204,0.660306,0,3.87072,1.86,0.49878,4.0236,1.47032,0.6427,0,4.42439,1.86,0.469469,4.67558,1.57051,0.591295,0,3.93574,1.86,0.212506,4.10054,1.5099,0.298743,0,3.67208,1.86,0.671971,3.78148,1.48621,0.848156,0,4.21754,1.86,0.360275,4.4533,1.44821,0.474668,0,3.52832,1.86,0.095633,3.59285,1.40902,0.14567,0,3.40657,1.86,0.713917,3.45713,1.48203,0.902561,0,3.25796,1.86,0.750395,3.25763,1.42313,0.966081,0,4.24294,1.86,0.0339146,4.481,1.47058,0.0716462,0,3.64053,1.86,0.214165,3.74749,1.51328,0.294035,0,3.18611,1.86,0.544489,3.1857,1.47104,0.700397,0,3.37386,1.86,0.541204,3.40837,1.44261,0.700931,0,3.54117,1.86,0.436442,3.6122,1.4288,0.572012,0,4.43955,1.86,0.0450994,4.67072,1.63695,0.104832,0,4.04713,1.86,0.434987,4.24203,1.49362,0.562505,0,3.71344,1.86,0.365785,3.83456,1.51429,0.47635,0,4.08904,1.86,0.279679,4.29498,1.43723,0.373604,0,3.39354,1.86,0.00293583,3.45049,1.5084,0.0402002,0,3.25585,1.86,0.353281,3.25137,1.41807,0.469246,0,3.54959,1.86,0.609539,3.62061,1.41537,0.79171,0,4.04641,1.86,0.71521,4.23761,1.50912,0.900345,0,4.67374,1.86,0.712494,5.04417,1.39895,0.923687,0,3.19378,1.86,0.243608,3.19611,1.47176,0.329817,0,4.62861,1.86,0.438314,4.99823,1.36773,0.575025,0,3.85006,1.86,0.338257,3.99782,1.47883,0.444838,0,4.58839,1.86,0.147206,4.87342,1.55046,0.212674,0,3.13588,1.86,0.0477947,3.13012,1.48828,0.0982831,0,3.42626,1.86,0.339112,3.46616,1.4247,0.449704,0,4.44133,1.86,0.278231,4.75284,1.40049,0.375137,0,4.56378,1.86,0.321611,4.88779,1.44012,0.423747,0,4.09651,1.86,0.0899499,4.29448,1.53217,0.14396,0,3.38555,1.86,0.142578,3.42829,1.45816,0.204616,0,4.03463,1.86,0.56306,4.22093,1.51511,0.713145,0,3.62961,1.86,0.0143817,3.7371,1.55102,0.0581951,0,4.32734,1.86,0.612462,4.55926,1.55598,0.766749,0,3.93251,1.86,0.0447638,4.10683,1.45277,0.0823143,0,3.78016,1.86,0.608605,3.91165,1.46764,0.777026,0,3.13658,1.86,0.665197,3.07983,1.35451,0.875862,0,3.13743,1.86,0.427541,3.11925,1.45579,0.558948,0,4.604,1.86,-0.0289569,4.98703,1.33206,-0.02239,0,3.54338,1.86,0.74184,3.62707,1.49807,0.935252,0,3.80892,1.86,0.135957,3.94742,1.39854,0.185945,0,3.25424,1.86,0.00871447,3.27241,1.47878,0.0401531,0,4.36294,1.86,0.149973,4.63309,1.44997,0.217289,0,3.25886,1.86,0.137068,3.26998,1.46065,0.199259,0,4.3004,1.86,0.470448,4.54248,1.51084,0.600456,0,3.78082,1.86,-0.00926672,3.91639,1.56974,0.0309865,0,3.51605,1.86,0.234499,3.5889,1.46783,0.312251,0,
0.366675,3.7264,3.63892,0.242575,3.83944,3.65388,0.327784,4.44141,1.86,0.675488,4.67004,1.60627,0.828419,0,4.22364,1.86,0.710121,4.42598,1.59099,0.889427,0,4.56734,1.86,0.594925,4.82696,1.58612,0.738181,0,4.19637,1.86,0.177929,4.39322,1.59178,0.250179,0,3.9059,1.86,0.718425,4.05533,1.44728,0.907416,0,4.17197,1.86,0.535983,4.36816,1.56967,0.673676,0,3.69279,1.86,0.509369,3.78659,1.4526,0.655857,0,3.87072,1.86,0.49878,4.01322,1.52093,0.637031,0,4.42439,1.86,0.469469,4.6476,1.62761,0.58493,0,3.93574,1.86,0.212506,4.08783,1.55272,0.300116,0,3.67208,1.86,0.671971,3.77428,1.53245,0.841168,0,4.21754,1.86,0.360275,4.43166,1.48653,0.47169,0,3.52832,1.86,0.095633,3.59905,1.50642,0.154471,0,3.40657,1.86,0.713917,3.46044,1.5326,0.892269,0,3.25796,1.86,0.750395,3.26871,1.48868,0.950179,0,4.24294,1.86,0.0339146,4.45837,1.53157,0.0796987,0,3.64053,1.86,0.214165,3.74256,1.56383,0.294847,0,3.18611,1.86,0.544489,3.19623,1.52462,0.694372,0,3.37386,1.86,0.541204,3.42456,1.55655,0.684847,0,3.54117,1.86,0.436442,3.61399,1.49174,0.56752,0,4.43955,1.86,0.0450994,4.64528,1.67325,0.110395,0,4.04713,1.86,0.434987,4.22221,1.54772,0.55814,0,3.71344,1.86,0.365785,3.82822,1.56491,0.473737,0,4.08904,1.86,0.279679,4.27751,1.4885,0.373338,0,3.39354,1.86,0.00293583,3.44844,1.55066,0.0490327,0,3.25585,1.86,0.353281,3.26826,1.49399,0.46528,0,3.54959,1.86,0.609539,3.62752,1.53209,0.769865,0,4.04641,1.86,0.71521,4.22129,1.57339,0.883085,0,4.67374,1.86,0.712494,4.99901,1.48229,0.900279,0,3.19378,1.86,0.243608,3.22886,1.59565,0.3287,0,4.62861,1.86,0.438314,4.95982,1.43648,0.567689,0,3.85006,1.86,0.338257,3.98771,1.53024,0.442989,0,4.58839,1.86,0.147206,4.84242,1.60018,0.217258,0,3.13588,1.86,0.0477947,3.14218,1.5403,0.103467,0,3.42626,1.86,0.339112,3.46874,1.47728,0.447753,0,4.44133,1.86,0.278231,4.68758,1.54645,0.372005,0,4.56378,1.86,0.321611,4.85124,1.51199,0.420703,0,4.09651,1.86,0.0899499,4.27606,1.58317,0.150979,0,3.38555,1.86,0.142578,3.43399,1.52199,0.209131,0,4.03463,1.86,0.56306,4.20362,1.55446,0.706809,0,3.62961,1.86,0.0143817,3.73701,1.60532,0.0640741,0,4.32734,1.86,0.612462,4.53978,1.59,0.761286,0,3.93251,1.86,0.0447638,4.08733,1.56962,0.097002,0,3.78016,1.86,0.608605,3.90494,1.52439,0.766224,0,3.13658,1.86,0.665197,3.13285,1.5217,0.837874,0,3.13743,1.86,0.427541,3.13135,1.51172,0.555484,0,4.604,1.86,-0.0289569,4.89931,1.50141,0.00246203,0,3.54338,1.86,0.74184,3.62785,1.55532,0.921598,0,3.80892,1.86,0.135957,3.94085,1.4754,0.193553,0,3.25424,1.86,0.00871447,3.28073,1.53467,0.0500231,0,4.36294,1.86,0.149973,4.60666,1.51629,0.218996,0,3.25886,1.86,0.137068,3.27558,1.50985,0.201184,0,4.3004,1.86,0.470448,4.51823,1.56982,0.593822,0,3.78082,1.86,-0.00926672,3.90828,1.61092,0.0377778,0,3.51605,1.86,0.234499,3.58485,1.51476,0.311278,0,
0.400009,3.69861,3.63866,0.242878,3.82407,3.65356,0.328172,4.44141,1.86,0.675488,4.66192,1.63512,0.824205,0,4.22364,1.86,0.710121,4.41639,1.63894,0.879159,0,4.56734,1.86,0.594925,4.81116,1.62694,0.731141,0,4.19637,1.86,0.177929,4.3864,1.63907,0.252876,0,3.9059,1.86,0.718425,4.05721,1.49869,0.896053,0,4.17197,1.86,0.535983,4.36241,1.61748,0.668715,0,3.69279,1.86,0.509369,3.7959,1.49376,0.651891,0,3.87072,1.86,0.49878,4.01752,1.57331,0.631429,0,4.42439,1.86,0.469469,4.63533,1.67035,0.582967,0,3.93574,1.86,0.212506,4.08869,1.59127,0.300941,0,3.67208,1.86,0.671971,3.78488,1.5837,0.83012,0,4.21754,1.86,0.360275,4.42764,1.52417,0.470552,0,3.52832,1.86,0.095633,3.61226,1.56807,0.161534,0,3.40657,1.86,0.713917,3.47707,1.58391,0.878672,0,3.25796,1.86,0.750395,3.28146,1.53159,0.939937,0,4.24294,1.86,0.0339146,4.44994,1.57754,0.0856921,0,3.64053,1.86,0.214165,3.75188,1.612,0.299498,0,3.18611,1.86,0.544489,3.21468,1.57211,0.687321,0,3.37386,1.86,0.541204,3.44371,1.61668,0.675708,0,3.54117,1.86,0.436442,3.62419,1.54268,0.562513,0,4.43955,1.86,0.0450994,4.63767,1.70672,0.115437,0,4.04713,1.86,0.434987,4.21929,1.59073,0.554064,0,3.71344,1.86,0.365785,3.83071,1.60069,0.473555,0,4.08904,1.86,0.279679,4.27398,1.53034,0.3756,0,3.39354,1.86,0.00293583,3.46123,1.58917,0.0554722,0,3.25585,1.86,0.353281,3.28802,1.55039,0.463825,0,3.54959,1.86,0.609539,3.6428,1.60274,0.756427,0,4.04641,1.86,0.71521,4.21717,1.62205,0.873614,0,4.67374,1.86,0.712494,4.97258,1.54814,0.889027,0,3.19378,1.86,0.243608,3.25212,1.65092,0.333166,0,4.62861,1.86,0.438314,4.93978,1.48957,0.565695,0,3.85006,1.86,0.338257,3.99027,1.57484,0.441926,0,4.58839,1.86,0.147206,4.82735,1.65067,0.219992,0,3.13588,1.86,0.0477947,3.16463,1.5895,0.109261,0,3.42626,1.86,0.339112,3.48262,1.52511,0.446501,0,4.44133,1.86,0.278231,4.67533,1.59423,0.371588,0,4.56378,1.86,0.321611,4.83168,1.5671,0.418911,0,4.09651,1.86,0.0899499,4.2736,1.63189,0.158849,0,3.38555,1.86,0.142578,3.45149,1.57716,0.213511,0,4.03463,1.86,0.56306,4.20403,1.59762,0.698806,0,3.62961,1.86,0.0143817,3.74178,1.64463,0.0718251,0,4.32734,1.86,0.612462,4.53454,1.61801,0.758225,0,3.93251,1.86,0.0447638,4.08339,1.62289,0.103829,0,3.78016,1.86,0.608605,3.90802,1.56944,0.760318,0,3.13658,1.86,0.665197,3.15725,1.57813,0.825435,0,3.13743,1.86,0.427541,3.15711,1.56588,0.548633,0,4.604,1.86,-0.0289569,4.88485,1.5459,0.0105223,0,3.54338,1.86,0.74184,3.64115,1.61058,0.908367,0,3.80892,1.86,0.135957,3.94442,1.5367,0.197925,0,3.25424,1.86,0.00871447,3.29943,1.58401,0.0574646,0,4.36294,1.86,0.149973,4.59398,1.56971,0.218883,0,3.25886,1.86,0.137068,3.29094,1.5516,0.206756,0,4.3004,1.86,0.470448,4.50867,1.62068,0.588632,0,3.78082,1.86,-0.00926672,3.91318,1.65057,0.0454133,0,3.51605,1.86,0.234499,3.59903,1.56435,0.310222,0,
0.433343,3.69861,3.63866,0.242878,3.81251,3.65355,0.32847,4.44141,1.86,0.675488,4.65182,1.67198,0.815568,0,4.22364,1.86,0.710121,4.40741,1.68715,0.865045,0,4.56734,1.86,0.594925,4.79576,1.66651,0.723283,0,4.19637,1.86,0.177929,4.37823,1.68025,0.252788,0,3.9059,1.86,0.718425,4.0607,1.56204,0.88268,0,4.17197,1.86,0.535983,4.35555,1.66423,0.663008,0,3.69279,1.86,0.509369,3.80329,1.54268,0.64492,0,3.87072,1.86,0.49878,4.01874,1.62502,0.623743,0,4.42439,1.86,0.469469,4.62271,1.71181,0.575621,0,3.93574,1.86,0.212506,4.08772,1.62962,0.300614,0,3.67208,1.86,0.671971,3.78934,1.6304,0.820642,0,4.21754,1.86,0.360275,4.42065,1.56522,0.467653,0,3.52832,1.86,0.095633,3.61865,1.61492,0.167172,0,3.40657,1.86,0.713917,3.48816,1.6323,0.866493,0,3.25796,1.86,0.750395,3.30339,1.58505,0.924202,0,4.24294,1.86,0.0339146,4.44106,1.62214,0.0908134,0,3.64053,1.86,0.214165,3.7584,1.65936,0.300088,0,3.18611,1.86,0.544489,3.23324,1.62063,0.677151,0,3.37386,1.86,0.541204,3.45698,1.67076,0.665193,0,3.54117,1.86,0.436442,3.63519,1.59554,0.556545,0,4.43955,1.86,0.0450994,4.62618,1.74174,0.117004,0,4.04713,1.86,0.434987,4.2179,1.64358,0.548106,0,3.71344,1.86,0.365785,3.83776,1.64507,0.469307,0,4.08904,1.86,0.279679,4.26988,1.57509,0.373701,0,3.39354,1.86,0.00293583,3.47451,1.63517,0.0606281,0,3.25585,1.86,0.353281,3.30845,1.60786,0.460029,0,3.54959,1.86,0.609539,3.65667,1.67072,0.744594,0,4.04641,1.86,0.71521,4.21268,1.66525,0.864339,0,4.67374,1.86,0.712494,4.94507,1.6075,0.870646,0,3.19378,1.86,0.243608,3.27323,1.7113,0.333953,0,4.62861,1.86,0.438314,4.91452,1.55787,0.555017,0,3.85006,1.86,0.338257,3.9914,1.61885,0.439401,0,4.58839,1.86,0.147206,4.80683,1.69732,0.221024,0,3.13588,1.86,0.0477947,3.1879,1.64444,0.11632,0,3.42626,1.86,0.339112,3.49414,1.57316,0.444514,0,4.44133,1.86,0.278231,4.654,1.65794,0.36936,0,4.56378,1.86,0.321611,4.8111,1.62164,0.416333,0,4.09651,1.86,0.0899499,4.26797,1.67853,0.160261,0,3.38555,1.86,0.142578,3.46276,1.62711,0.216082,0,4.03463,1.86,0.56306,4.20017,1.63764,0.693108,0,3.62961,1.86,0.0143817,3.74631,1.68124,0.0789476,0,4.32734,1.86,0.612462,4.52821,1.66321,0.747121,0,3.93251,1.86,0.0447638,4.08222,1.67188,0.108831,0,3.78016,1.86,0.608605,3.91409,1.62206,0.749826,0,3.13658,1.86,0.665197,3.18766,1.65317,0.808439,0,3.13743,1.86,0.427541,3.17956,1.62394,0.544288,0,4.604,1.86,-0.0289569,4.85079,1.62754,0.0238077,0,3.54338,1.86,0.74184,3.64936,1.65991,0.893666,0,3.80892,1.86,0.135957,3.94655,1.59302,0.201995,0,3.25424,1.86,0.00871447,3.31474,1.6332,0.0606737,0,4.36294,1.86,0.149973,4.58057,1.61651,0.226022,0,3.25886,1.86,0.137068,3.30835,1.59987,0.210125,0,4.3004,1.86,0.470448,4.49749,1.66926,0.581495,0,3.78082,1.86,-0.00926672,3.91602,1.6909,0.0509762,0,3.51605,1.86,0.234499,3.60809,1.6132,0.309817,0,
0.466677,3.68723,3.63866,0.242674,3.80165,3.65345,0.328748,4.44141,1.86,0.675488,4.6492,1.68361,0.812036,0,4.22364,1.86,0.710121,4.40479,1.70541,0.860054,0,4.56734,1.86,0.594925,4.79167,1.68134,0.719794,0,4.19637,1.86,0.177929,4.37612,1.69549,0.257317,0,3.9059,1.86,0.718425,4.0598,1.59168,0.873316,0,4.17197,1.86,0.535983,4.35201,1.68025,0.65538,0,3.69279,1.86,0.509369,3.80674,1.56658,0.639872,0,3.87072,1.86,0.49878,4.01711,1.64597,0.619368,0,4.42439,1.86,0.469469,4.61895,1.72447,0.573474,0,3.93574,1.86,0.212506,4.09038,1.6514,0.30077,0,3.67208,1.86,0.671971,3.79372,1.65411,0.813345,0,4.21754,1.86,0.360275,4.41989,1.58496,0.465489,0,3.52832,1.86,0.095633,3.62463,1.6344,0.167152,0,3.40657,1.86,0.713917,3.49732,1.65729,0.858227,0,3.25796,1.86,0.750395,3.31472,1.61445,0.912326,0,4.24294,1.86,0.0339146,4.43947,1.64574,0.0934035,0,3.64053,1.86,0.214165,3.76206,1.68224,0.29783,0,3.18611,1.86,0.544489,3.24417,1.64467,0.670025,0,3.37386,1.86,0.541204,3.46431,1.68917,0.658911,0,3.54117,1.86,0.436442,3.64085,1.62206,0.55278,0,4.43955,1.86,0.0450994,4.62583,1.75832,0.119498,0,4.04713,1.86,0.434987,4.21645,1.66953,0.544937,0,3.71344,1.86,0.365785,3.84033,1.66585,0.466702,0,4.08904,1.86,0.279679,4.27032,1.60063,0.370855,0,3.39354,1.86,0.00293583,3.48744,1.66544,0.0623616,0,3.25585,1.86,0.353281,3.32716,1.64515,0.452941,0,3.54959,1.86,0.609539,3.6606,1.69469,0.73879,0,4.04641,1.86,0.71521,4.21341,1.68847,0.853659,0,4.67374,1.86,0.712494,4.93712,1.62468,0.864731,0,3.19378,1.86,0.243608,3.27896,1.72562,0.332884,0,4.62861,1.86,0.438314,4.90281,1.58935,0.552566,0,3.85006,1.86,0.338257,3.99355,1.64145,0.436622,0,4.58839,1.86,0.147206,4.80449,1.70534,0.224002,0,3.13588,1.86,0.0477947,3.20304,1.67428,0.11653,0,3.42626,1.86,0.339112,3.50183,1.59666,0.441615,0,4.44133,1.86,0.278231,4.65109,1.67525,0.368913,0,4.56378,1.86,0.321611,4.80452,1.63772,0.416581,0,4.09651,1.86,0.0899499,4.26574,1.69576,0.159546,0,3.38555,1.86,0.142578,3.4709,1.6505,0.215835,0,4.03463,1.86,0.56306,4.20231,1.66191,0.687759,0,3.62961,1.86,0.0143817,3.75415,1.7058,0.0775823,0,4.32734,1.86,0.612462,4.52431,1.6802,0.74285,0,3.93251,1.86,0.0447638,4.08391,1.69474,0.109999,0,3.78016,1.86,0.608605,3.91616,1.64805,0.742212,0,3.13658,1.86,0.665197,3.19283,1.66973,0.800436,0,3.13743,1.86,0.427541,3.19038,1.64743,0.539756,0,4.604,1.86,-0.0289569,4.84491,1.64908,0.0261326,0,3.54338,1.86,0.74184,3.64998,1.67604,0.886081,0,3.80892,1.86,0.135957,3.94576,1.61632,0.202356,0,3.25424,1.86,0.00871447,3.329,1.66101,0.0636809,0,4.36294,1.86,0.149973,4.57727,1.63603,0.226793,0,3.25886,1.86,0.137068,3.3204,1.62642,0.21006,0,4.3004,1.86,0.470448,4.49467,1.69393,0.578252,0,3.78082,1.86,-0.00926672,3.91733,1.70847,0.0516113,0,3.51605,1.86,0.234499,3.61819,1.64293,0.30839,0,
0.500011,3.65939,3.63839,0.243001,3.77423,3.65312,0.329447,4.44141,1.86,0.675488,4.63283,1.69043,0.80914,0,4.22364,1.86,0.710121,4.38804,1.71199,0.857108,0,4.56734,1.86,0.594925,4.773,1.69043,0.71713,0,4.19637,1.86,0.177929,4.35896,1.70173,0.255883,0,3.9059,1.86,0.718425,4.04785,1.61502,0.868438,0,4.17197,1.86,0.535983,4.3363,1.69059,0.652861,0,3.69279,1.86,0.509369,3.793,1.57667,0.637731,0,3.87072,1.86,0.49878,4.00342,1.65816,0.616654,0,4.42439,1.86,0.469469,4.60201,1.7331,0.572466,0,3.93574,1.86,0.212506,4.075,1.66097,0.300541,0,3.67208,1.86,0.671971,3.77642,1.6586,0.809578,0,4.21754,1.86,0.360275,4.4019,1.59018,0.464663,0,3.52832,1.86,0.095633,3.60801,1.63504,0.166118,0,3.40657,1.86,0.713917,3.48587,1.66973,0.854719,0,3.25796,1.86,0.750395,3.30649,1.62804,0.907334,0,4.24294,1.86,0.0339146,4.42147,1.65792,0.0945103,0,3.64053,1.86,0.214165,3.74924,1.69291,0.298119,0,3.18611,1.86,0.544489,3.23757,1.65879,0.667944,0,3.37386,1.86,0.541204,3.45031,1.69274,0.660366,0,3.54117,1.86,0.436442,3.62769,1.63272,0.551233,0,4.43955,1.86,0.0450994,4.60641,1.76174,0.119308,0,4.04713,1.86,0.434987,4.20096,1.68469,0.542772,0,3.71344,1.86,0.365785,3.82619,1.67397,0.464352,0,4.08904,1.86,0.279679,4.25493,1.61744,0.370269,0,3.39354,1.86,0.00293583,3.47759,1.68253,0.063387,0,3.25585,1.86,0.353281,3.31952,1.66648,0.450216,0,3.54959,1.86,0.609539,3.64708,1.70054,0.735822,0,4.04641,1.86,0.71521,4.19699,1.6999,0.848773,0,4.67374,1.86,0.712494,4.91558,1.63878,0.861136,0,3.19378,1.86,0.243608,3.26571,1.72711,0.333055,0,4.62861,1.86,0.438314,4.88008,1.61041,0.549327,0,3.85006,1.86,0.338257,3.9792,1.65242,0.434919,0,4.58839,1.86,0.147206,4.78608,1.7127,0.228014,0,3.13588,1.86,0.0477947,3.19384,1.68869,0.116225,0,3.42626,1.86,0.339112,3.48994,1.60656,0.439949,0,4.44133,1.86,0.278231,4.63314,1.69305,0.36391,0,4.56378,1.86,0.321611,4.78571,1.65259,0.415747,0,4.09651,1.86,0.0899499,4.25114,1.7078,0.160407,0,3.38555,1.86,0.142578,3.45853,1.66036,0.216035,0,4.03463,1.86,0.56306,4.18652,1.67491,0.684459,0,3.62961,1.86,0.0143817,3.7383,1.71314,0.0788558,0,4.32734,1.86,0.612462,4.50899,1.69124,0.739579,0,3.93251,1.86,0.0447638,4.06673,1.69816,0.110084,0,3.78016,1.86,0.608605,3.90149,1.66,0.739347,0,3.13658,1.86,0.665197,3.1799,1.67104,0.79889,0,3.13743,1.86,0.427541,3.18067,1.65815,0.537819,0,4.604,1.86,-0.0289569,4.82295,1.66511,0.0289798,0,3.54338,1.86,0.74184,3.6375,1.68175,0.883,0,3.80892,1.86,0.135957,3.93097,1.62663,0.201169,0,3.25424,1.86,0.00871447,3.31926,1.67632,0.0646261,0,4.36294,1.86,0.149973,4.55911,1.64823,0.226309,0,3.25886,1.86,0.137068,3.30984,1.63826,0.209645,0,4.3004,1.86,0.470448,4.47613,1.70841,0.575275,0,3.78082,1.86,-0.00926672,3.90354,1.71602,0.0525819,0,3.51605,1.86,0.234499,3.60455,1.65558,0.31071,0,
0.533345,3.65939,3.63839,0.243001,3.75897,3.65295,0.329837,4.44141,1.86,0.675488,4.63329,1.69324,0.810083,0,4.22364,1.86,0.710121,4.387,1.70672,0.858597,0,4.56734,1.86,0.594925,4.77215,1.69012,0.719301,0,4.19637,1.86,0.177929,4.35939,1.70183,0.254729,0,3.9059,1.86,0.718425,4.04392,1.61852,0.866165,0,4.17197,1.86,0.535983,4.33466,1.69083,0.654349,0,3.69279,1.86,0.509369,3.79749,1.58321,0.637497,0,3.87072,1.86,0.49878,4.00221,1.65937,0.617775,0,4.42439,1.86,0.469469,4.59981,1.72945,0.575104,0,3.93574,1.86,0.212506,4.07437,1.66061,0.301272,0,3.67208,1.86,0.671971,3.77507,1.65446,0.812021,0,4.21754,1.86,0.360275,4.40231,1.58695,0.467535,0,3.52832,1.86,0.095633,3.6074,1.62728,0.166794,0,3.40657,1.86,0.713917,3.4836,1.66992,0.854124,0,3.25796,1.86,0.750395,3.30501,1.6313,0.907478,0,4.24294,1.86,0.0339146,4.42042,1.65911,0.0968467,0,3.64053,1.86,0.214165,3.74805,1.69299,0.29797,0,3.18611,1.86,0.544489,3.23909,1.66545,0.668065,0,3.37386,1.86,0.541204,3.44989,1.68769,0.661288,0,3.54117,1.86,0.436442,3.62452,1.63003,0.548387,0,4.43955,1.86,0.0450994,4.60876,1.7611,0.121426,0,4.04713,1.86,0.434987,4.19833,1.68645,0.543283,0,3.71344,1.86,0.365785,3.82553,1.67285,0.466999,0,4.08904,1.86,0.279679,4.25365,1.62214,0.371843,0,3.39354,1.86,0.00293583,3.47878,1.68823,0.0654824,0,3.25585,1.86,0.353281,3.31989,1.67167,0.45092,0,3.54959,1.86,0.609539,3.64396,1.69405,0.738622,0,4.04641,1.86,0.71521,4.19263,1.69503,0.851329,0,4.67374,1.86,0.712494,4.91373,1.6396,0.863823,0,3.19378,1.86,0.243608,3.26419,1.72194,0.332569,0,4.62861,1.86,0.438314,4.87472,1.61608,0.550716,0,3.85006,1.86,0.338257,3.97907,1.65391,0.436275,0,4.58839,1.86,0.147206,4.78645,1.71195,0.230776,0,3.13588,1.86,0.0477947,3.19584,1.69301,0.118068,0,3.42626,1.86,0.339112,3.4892,1.60647,0.440704,0,4.44133,1.86,0.278231,4.63163,1.69661,0.366675,0,4.56378,1.86,0.321611,4.78318,1.65734,0.417751,0,4.09651,1.86,0.0899499,4.24983,1.70908,0.162058,0,3.38555,1.86,0.142578,3.45864,1.66095,0.217505,0,4.03463,1.86,0.56306,4.18537,1.67696,0.684316,0,3.62961,1.86,0.0143817,3.73948,1.71352,0.0800345,0,4.32734,1.86,0.612462,4.50669,1.69234,0.74194,0,3.93251,1.86,0.0447638,4.06752,1.69376,0.111272,0,3.78016,1.86,0.608605,3.89943,1.65942,0.740219,0,3.13658,1.86,0.665197,3.17463,1.66319,0.80175,0,3.13743,1.86,0.427541,3.17869,1.65888,0.539249,0,4.604,1.86,-0.0289569,4.82339,1.66599,0.0317307,0,3.54338,1.86,0.74184,3.63651,1.67973,0.884041,0,3.80892,1.86,0.135957,3.93164,1.62803,0.203434,0,3.25424,1.86,0.00871447,3.3191,1.6786,0.0670938,0,4.36294,1.86,0.149973,4.55758,1.64864,0.229276,0,3.25886,1.86,0.137068,3.31028,1.64013,0.211206,0,4.3004,1.86,0.470448,4.47444,1.71313,0.576068,0,3.78082,1.86,-0.00926672,3.90303,1.71424,0.0544598,0,3.51605,1.86,0.234499,3.60623,1.65929,0.310286,0,
0.566679,3.63091,3.63804,0.243346,3.74648,3.65268,0.330151,4.44141,1.86,0.675488,4.63644,1.69948,0.807175,0,4.22364,1.86,0.710121,4.39238,1.70552,0.856783,0,4.56734,1.86,0.594925,4.7753,1.69544,0.716561,0,4.19637,1.86,0.177929,4.36132,1.69917,0.254179,0,3.9059,1.86,0.718425,4.04901,1.62311,0.861978,0,4.17197,1.86,0.535983,4.33961,1.69364,0.651008,0,3.69279,1.86,0.509369,3.80175,1.58662,0.635175,0,3.87072,1.86,0.49878,4.00558,1.65844,0.616181,0,4.42439,1.86,0.469469,4.60465,1.73037,0.574255,0,3.93574,1.86,0.212506,4.07928,1.66145,0.299001,0,3.67208,1.86,0.671971,3.77981,1.64992,0.810932,0,4.21754,1.86,0.360275,4.40856,1.59129,0.464705,0,3.52832,1.86,0.095633,3.6151,1.6248,0.163747,0,3.40657,1.86,0.713917,3.48928,1.66787,0.852048,0,3.25796,1.86,0.750395,3.31087,1.62874,0.904373,0,4.24294,1.86,0.0339146,4.42484,1.66567,0.095234,0,3.64053,1.86,0.214165,3.75229,1.69147,0.295008,0,3.18611,1.86,0.544489,3.24279,1.6634,0.663788,0,3.37386,1.86,0.541204,3.45387,1.68217,0.659806,0,3.54117,1.86,0.436442,3.62734,1.62412,0.54348,0,4.43955,1.86,0.0450994,4.61081,1.76486,0.118461,0,4.04713,1.86,0.434987,4.20323,1.69005,0.539727,0,3.71344,1.86,0.365785,3.83415,1.6759,0.464572,0,4.08904,1.86,0.279679,4.26033,1.63356,0.369471,0,3.39354,1.86,0.00293583,3.48515,1.69188,0.0627435,0,3.25585,1.86,0.353281,3.3246,1.67152,0.446866,0,3.54959,1.86,0.609539,3.6478,1.68661,0.737243,0,4.04641,1.86,0.71521,4.19763,1.6921,0.849291,0,4.67374,1.86,0.712494,4.91498,1.64446,0.860508,0,3.19378,1.86,0.243608,3.26841,1.71585,0.332494,0,4.62861,1.86,0.438314,4.87555,1.62586,0.54815,0,3.85006,1.86,0.338257,3.98116,1.65129,0.434701,0,4.58839,1.86,0.147206,4.78928,1.72066,0.229616,0,3.13588,1.86,0.0477947,3.19936,1.69246,0.115553,0,3.42626,1.86,0.339112,3.49723,1.6071,0.438254,0,4.44133,1.86,0.278231,4.63516,1.70422,0.36364,0,4.56378,1.86,0.321611,4.78456,1.66494,0.415676,0,4.09651,1.86,0.0899499,4.2551,1.7136,0.161066,0,3.38555,1.86,0.142578,3.46341,1.65967,0.213719,0,4.03463,1.86,0.56306,4.1889,1.67821,0.682339,0,3.62961,1.86,0.0143817,3.74649,1.71581,0.078183,0,4.32734,1.86,0.612462,4.5109,1.69491,0.740689,0,3.93251,1.86,0.0447638,4.07232,1.69124,0.109016,0,3.78016,1.86,0.608605,3.9051,1.65951,0.737236,0,3.13658,1.86,0.665197,3.17614,1.65099,0.800861,0,3.13743,1.86,0.427541,3.18208,1.65316,0.536103,0,4.604,1.86,-0.0289569,4.82415,1.67862,0.0319052,0,3.54338,1.86,0.74184,3.64114,1.67545,0.880185,0,3.80892,1.86,0.135957,3.93778,1.63149,0.199824,0,3.25424,1.86,0.00871447,3.32644,1.67977,0.0642437,0,4.36294,1.86,0.149973,4.56167,1.65519,0.2287,0,3.25886,1.86,0.137068,3.31673,1.64024,0.207434,0,4.3004,1.86,0.470448,4.47689,1.71851,0.573958,0,3.78082,1.86,-0.00926672,3.91029,1.71695,0.0496463,0,3.51605,1.86,0.234499,3.61501,1.66515,0.303983,0,
0.600013,3.60271,3.63796,0.243708,3.73105,3.65244,0.330543,4.44141,1.86,0.675488,4.644,1.6984,0.805892,0,4.22364,1.86,0.710121,4.39982,1.70482,0.85707,0,4.56734,1.86,0.594925,4.78249,1.69057,0.715348,0,4.19637,1.86,0.177929,4.36928,1.68989,0.251554,0,3.9059,1.86,0.718425,4.05381,1.61714,0.859736,0,4.17197,1.86,0.535983,4.34675,1.69057,0.651543,0,3.69279,1.86,0.509369,3.80748,1.58113,0.634645,0,3.87072,1.86,0.49878,4.01425,1.65379,0.615353,0,4.42439,1.86,0.469469,4.61421,1.72987,0.570693,0,3.93574,1.86,0.212506,4.08498,1.65363,0.298766,0,3.67208,1.86,0.671971,3.78577,1.63976,0.813248,0,4.21754,1.86,0.360275,4.41594,1.58697,0.463353,0,3.52832,1.86,0.095633,3.61692,1.62172,0.163373,0,3.40657,1.86,0.713917,3.49393,1.65991,0.85402,0,3.25796,1.86,0.750395,3.31537,1.62642,0.905867,0,4.24294,1.86,0.0339146,4.43059,1.66162,0.0931864,0,3.64053,1.86,0.214165,3.76065,1.68567,0.29815,0,3.18611,1.86,0.544489,3.24619,1.6541,0.667431,0,3.37386,1.86,0.541204,3.46039,1.67764,0.65626,0,3.54117,1.86,0.436442,3.63437,1.62044,0.543695,0,4.43955,1.86,0.0450994,4.61951,1.76021,0.116045,0,4.04713,1.86,0.434987,4.2079,1.68344,0.537657,0,3.71344,1.86,0.365785,3.83623,1.6667,0.464103,0,4.08904,1.86,0.279679,4.26485,1.63331,0.367151,0,3.39354,1.86,0.00293583,3.48828,1.68527,0.0626771,0,3.25585,1.86,0.353281,3.32828,1.66809,0.449169,0,3.54959,1.86,0.609539,3.65184,1.68329,0.737838,0,4.04641,1.86,0.71521,4.2052,1.6839,0.849941,0,4.67374,1.86,0.712494,4.92433,1.64383,0.859158,0,3.19378,1.86,0.243608,3.27317,1.71266,0.333748,0,4.62861,1.86,0.438314,4.88168,1.62931,0.543942,0,3.85006,1.86,0.338257,3.98859,1.64361,0.43422,0,4.58839,1.86,0.147206,4.79647,1.71983,0.225532,0,3.13588,1.86,0.0477947,3.20423,1.68738,0.117357,0,3.42626,1.86,0.339112,3.50305,1.60089,0.437685,0,4.44133,1.86,0.278231,4.63748,1.70245,0.360467,0,4.56378,1.86,0.321611,4.79155,1.66229,0.413435,0,4.09651,1.86,0.0899499,4.26202,1.7114,0.160208,0,3.38555,1.86,0.142578,3.46276,1.64662,0.211454,0,4.03463,1.86,0.56306,4.19533,1.67211,0.682433,0,3.62961,1.86,0.0143817,3.75342,1.71181,0.0755786,0,4.32734,1.86,0.612462,4.51866,1.69189,0.737263,0,3.93251,1.86,0.0447638,4.07777,1.68845,0.107853,0,3.78016,1.86,0.608605,3.91074,1.65231,0.739306,0,3.13658,1.86,0.665197,3.18081,1.64877,0.803413,0,3.13743,1.86,0.427541,3.18672,1.65028,0.537505,0,4.604,1.86,-0.0289569,4.82721,1.67753,0.0266373,0,3.54338,1.86,0.74184,3.64633,1.66597,0.882703,0,3.80892,1.86,0.135957,3.9422,1.62412,0.199985,0,3.25424,1.86,0.00871447,3.32993,1.67267,0.0638648,0,4.36294,1.86,0.149973,4.56745,1.65004,0.226161,0,3.25886,1.86,0.137068,3.32105,1.63255,0.204974,0,4.3004,1.86,0.470448,4.48419,1.71766,0.571123,0,3.78082,1.86,-0.00926672,3.91136,1.70494,0.0521154,0,3.51605,1.86,0.234499,3.62049,1.6618,0.303793,0,
0.633347,3.60271,3.63796,0.243708,3.71883,3.65247,0.33086,4.44141,1.86,0.675488,4.63778,1.70584,0.799755,0,4.22364,1.86,0.710121,4.39685,1.70637,0.854461,0,4.56734,1.86,0.594925,4.77756,1.69717,0.711767,0,4.19637,1.86,0.177929,4.3691,1.69567,0.249618,0,3.9059,1.86,0.718425,4.05207,1.61981,0.855193,0,4.17197,1.86,0.535983,4.34443,1.69717,0.649341,0,3.69279,1.86,0.509369,3.81218,1.59026,0.62705,0,3.87072,1.86,0.49878,4.01538,1.66023,0.609288,0,4.42439,1.86,0.469469,4.60731,1.74004,0.567614,0,3.93574,1.86,0.212506,4.08583,1.6586,0.293757,0,3.67208,1.86,0.671971,3.78073,1.63372,0.808048,0,4.21754,1.86,0.360275,4.41556,1.59822,0.458613,0,3.52832,1.86,0.095633,3.62033,1.62153,0.157045,0,3.40657,1.86,0.713917,3.49667,1.66264,0.845841,0,3.25796,1.86,0.750395,3.31565,1.62595,0.897932,0,4.24294,1.86,0.0339146,4.429,1.67079,0.0921196,0,3.64053,1.86,0.214165,3.76082,1.69012,0.289954,0,3.18611,1.86,0.544489,3.24926,1.65824,0.657966,0,3.37386,1.86,0.541204,3.45927,1.67656,0.652624,0,3.54117,1.86,0.436442,3.63604,1.62144,0.535589,0,4.43955,1.86,0.0450994,4.61618,1.7735,0.117409,0,4.04713,1.86,0.434987,4.20805,1.68932,0.534887,0,3.71344,1.86,0.365785,3.83874,1.6706,0.458303,0,4.08904,1.86,0.279679,4.26151,1.64045,0.364263,0,3.39354,1.86,0.00293583,3.49204,1.69233,0.0564041,0,3.25585,1.86,0.353281,3.33053,1.67097,0.441733,0,3.54959,1.86,0.609539,3.64843,1.67383,0.73318,0,4.04641,1.86,0.71521,4.20498,1.68639,0.84663,0,4.67374,1.86,0.712494,4.91466,1.65492,0.853846,0,3.19378,1.86,0.243608,3.27296,1.71102,0.327488,0,4.62861,1.86,0.438314,4.87114,1.64494,0.54146,0,3.85006,1.86,0.338257,3.98811,1.64595,0.433282,0,4.58839,1.86,0.147206,4.7894,1.7326,0.224143,0,3.13588,1.86,0.0477947,3.20731,1.69363,0.109501,0,3.42626,1.86,0.339112,3.50444,1.60606,0.430086,0,4.44133,1.86,0.278231,4.63577,1.70646,0.358246,0,4.56378,1.86,0.321611,4.78532,1.67433,0.411001,0,4.09651,1.86,0.0899499,4.26116,1.72159,0.157503,0,3.38555,1.86,0.142578,3.46511,1.64694,0.204166,0,4.03463,1.86,0.56306,4.19608,1.67879,0.676645,0,3.62961,1.86,0.0143817,3.75477,1.71896,0.070809,0,4.32734,1.86,0.612462,4.51604,1.70394,0.731559,0,3.93251,1.86,0.0447638,4.07709,1.6881,0.103352,0,3.78016,1.86,0.608605,3.90896,1.65214,0.73367,0,3.13658,1.86,0.665197,3.18458,1.64805,0.7943,0,3.13743,1.86,0.427541,3.1908,1.65196,0.528544,0,4.604,1.86,-0.0289569,4.82396,1.68753,0.0273017,0,3.54338,1.86,0.74184,3.64587,1.66558,0.879273,0,3.80892,1.86,0.135957,3.94335,1.62953,0.195168,0,3.25424,1.86,0.00871447,3.33222,1.67919,0.0541183,0,4.36294,1.86,0.149973,4.56526,1.65898,0.224426,0,3.25886,1.86,0.137068,3.3218,1.63757,0.198599,0,4.3004,1.86,0.470448,4.47994,1.72914,0.566136,0,3.78082,1.86,-0.00926672,3.91694,1.71237,0.0433162,0,3.51605,1.86,0.234499,3.62188,1.66983,0.298169,0,
0.666681,3.57506,3.63806,0.244081,3.70345,3.65239,0.331255,4.44141,1.86,0.675488,4.64316,1.70053,0.799573,0,4.22364,1.86,0.710121,4.40066,1.69969,0.85622,0,4.56734,1.86,0.594925,4.7829,1.68824,0.712621,0,4.19637,1.86,0.177929,4.37166,1.69029,0.248663,0,3.9059,1.86,0.718425,4.05491,1.6202,0.855022,0,4.17197,1.86,0.535983,4.34682,1.69346,0.650658,0,3.69279,1.86,0.509369,3.81552,1.59684,0.626749,0,3.87072,1.86,0.49878,4.0173,1.66171,0.607091,0,4.42439,1.86,0.469469,4.61342,1.7302,0.569865,0,3.93574,1.86,0.212506,4.08815,1.65802,0.295849,0,3.67208,1.86,0.671971,3.78613,1.63152,0.811944,0,4.21754,1.86,0.360275,4.42052,1.60441,0.457631,0,3.52832,1.86,0.095633,3.62182,1.61874,0.15808,0,3.40657,1.86,0.713917,3.50119,1.66529,0.846461,0,3.25796,1.86,0.750395,3.3211,1.62615,0.897951,0,4.24294,1.86,0.0339146,4.4316,1.66958,0.0897522,0,3.64053,1.86,0.214165,3.76435,1.69205,0.292376,0,3.18611,1.86,0.544489,3.25244,1.65868,0.66033,0,3.37386,1.86,0.541204,3.46251,1.67342,0.654733,0,3.54117,1.86,0.436442,3.64451,1.62635,0.536135,0,4.43955,1.86,0.0450994,4.61917,1.76716,0.116888,0,4.04713,1.86,0.434987,4.20934,1.68709,0.534393,0,3.71344,1.86,0.365785,3.83984,1.6701,0.458276,0,4.08904,1.86,0.279679,4.26216,1.63754,0.36536,0,3.39354,1.86,0.00293583,3.49125,1.69204,0.0600461,0,3.25585,1.86,0.353281,3.33498,1.67196,0.441056,0,3.54959,1.86,0.609539,3.65178,1.66724,0.735141,0,4.04641,1.86,0.71521,4.20653,1.6826,0.851275,0,4.67374,1.86,0.712494,4.92323,1.65019,0.853284,0,3.19378,1.86,0.243608,3.27289,1.70435,0.328838,0,4.62861,1.86,0.438314,4.87781,1.64148,0.539979,0,3.85006,1.86,0.338257,3.99093,1.64479,0.433236,0,4.58839,1.86,0.147206,4.79569,1.72649,0.222329,0,3.13588,1.86,0.0477947,3.20791,1.69185,0.108175,0,3.42626,1.86,0.339112,3.50833,1.60809,0.432094,0,4.44133,1.86,0.278231,4.63998,1.70509,0.357471,0,4.56378,1.86,0.321611,4.7891,1.66527,0.410472,0,4.09651,1.86,0.0899499,4.2606,1.71731,0.160659,0,3.38555,1.86,0.142578,3.46901,1.64637,0.204091,0,4.03463,1.86,0.56306,4.19789,1.67867,0.674973,0,3.62961,1.86,0.0143817,3.75857,1.72277,0.0717698,0,4.32734,1.86,0.612462,4.51906,1.70349,0.731583,0,3.93251,1.86,0.0447638,4.08362,1.68949,0.10353,0,3.78016,1.86,0.608605,3.91257,1.65162,0.732975,0,3.13658,1.86,0.665197,3.19137,1.64616,0.796967,0,3.13743,1.86,0.427541,3.19632,1.65391,0.530881,0,4.604,1.86,-0.0289569,4.82751,1.68642,0.0270523,0,3.54338,1.86,0.74184,3.65003,1.66481,0.877977,0,3.80892,1.86,0.135957,3.94865,1.63407,0.192877,0,3.25424,1.86,0.00871447,3.33437,1.67937,0.0548024,0,4.36294,1.86,0.149973,4.56784,1.65477,0.223456,0,3.25886,1.86,0.137068,3.32401,1.63562,0.199874,0,4.3004,1.86,0.470448,4.4826,1.72609,0.566471,0,3.78082,1.86,-0.00926672,3.91608,1.70973,0.048357,0,3.51605,1.86,0.234499,3.62529,1.66708,0.297317,0,
0.700015,3.57506,3.63806,0.244081,3.69156,3.65241,0.331563,4.44141,1.86,0.675488,4.6305,1.74657,0.791788,0,4.22364,1.86,0.710121,4.39264,1.73949,0.846031,0,4.56734,1.86,0.594925,4.7675,1.72885,0.707294,0,4.19637,1.86,0.177929,4.36737,1.7306,0.252059,0,3.9059,1.86,0.718425,4.05585,1.66354,0.845055,0,4.17197,1.86,0.535983,4.34086,1.73248,0.642932,0,3.69279,1.86,0.509369,3.81918,1.64506,0.620378,0,3.87072,1.86,0.49878,4.01805,1.70483,0.60605,0,4.42439,1.86,0.469469,4.60101,1.76948,0.5682,0,3.93574,1.86,0.212506,4.08501,1.69587,0.295001,0,3.67208,1.86,0.671971,3.79158,1.67066,0.80528,0,4.21754,1.86,0.360275,4.40934,1.65443,0.457972,0,3.52832,1.86,0.095633,3.63394,1.66887,0.162892,0,3.40657,1.86,0.713917,3.51122,1.70955,0.837615,0,3.25796,1.86,0.750395,3.33811,1.67858,0.885687,0,4.24294,1.86,0.0339146,4.42288,1.71235,0.0976068,0,3.64053,1.86,0.214165,3.76962,1.73435,0.29153,0,3.18611,1.86,0.544489,3.26653,1.70327,0.653745,0,3.37386,1.86,0.541204,3.47382,1.72087,0.650975,0,3.54117,1.86,0.436442,3.65222,1.67692,0.532988,0,4.43955,1.86,0.0450994,4.6065,1.80314,0.121533,0,4.04713,1.86,0.434987,4.20879,1.73066,0.533745,0,3.71344,1.86,0.365785,3.8427,1.70943,0.457009,0,4.08904,1.86,0.279679,4.25906,1.68172,0.366508,0,3.39354,1.86,0.00293583,3.50465,1.73513,0.0644205,0,3.25585,1.86,0.353281,3.34859,1.72161,0.44107,0,3.54959,1.86,0.609539,3.65978,1.70929,0.727803,0,4.04641,1.86,0.71521,4.20052,1.71461,0.847202,0,4.67374,1.86,0.712494,4.89836,1.69905,0.839783,0,3.19378,1.86,0.243608,3.29065,1.7512,0.32939,0,4.62861,1.86,0.438314,4.85384,1.69815,0.536022,0,3.85006,1.86,0.338257,3.99271,1.68629,0.433052,0,4.58839,1.86,0.147206,4.77695,1.77319,0.227781,0,3.13588,1.86,0.0477947,3.23054,1.74171,0.113902,0,3.42626,1.86,0.339112,3.5168,1.6536,0.433302,0,4.44133,1.86,0.278231,4.62397,1.7541,0.360595,0,4.56378,1.86,0.321611,4.77367,1.71275,0.410236,0,4.09651,1.86,0.0899499,4.25469,1.75176,0.168254,0,3.38555,1.86,0.142578,3.4764,1.6866,0.21177,0,4.03463,1.86,0.56306,4.19235,1.71662,0.673552,0,3.62961,1.86,0.0143817,3.76416,1.76582,0.078747,0,4.32734,1.86,0.612462,4.5059,1.74154,0.727547,0,3.93251,1.86,0.0447638,4.08113,1.73431,0.109267,0,3.78016,1.86,0.608605,3.91533,1.69197,0.726097,0,3.13658,1.86,0.665197,3.21095,1.714,0.781336,0,3.13743,1.86,0.427541,3.21887,1.708,0.521787,0,4.604,1.86,-0.0289569,4.80542,1.74297,0.0362385,0,3.54338,1.86,0.74184,3.65502,1.70394,0.86993,0,3.80892,1.86,0.135957,3.95008,1.67965,0.195821,0,3.25424,1.86,0.00871447,3.34954,1.72407,0.0608785,0,4.36294,1.86,0.149973,4.55792,1.70034,0.228493,0,3.25886,1.86,0.137068,3.3404,1.68232,0.203426,0,4.3004,1.86,0.470448,4.47245,1.76648,0.564755,0,3.78082,1.86,-0.00926672,3.91566,1.74347,0.0589559,0,3.51605,1.86,0.234499,3.63431,1.72402,0.299505,0,
0.733349,3.54799,3.63836,0.24446,3.67637,3.65242,0.331956,4.44141,1.86,0.675488,4.63484,1.74213,0.794846,0,4.22364,1.86,0.710121,4.39597,1.73249,0.847204,0,4.56734,1.86,0.594925,4.77514,1.71615,0.71027,0,4.19637,1.86,0.177929,4.37051,1.7277,0.251188,0,3.9059,1.86,0.718425,4.05674,1.66641,0.844274,0,4.17197,1.86,0.535983,4.34358,1.72891,0.643898,0,3.69279,1.86,0.509369,3.81758,1.65142,0.619093,0,3.87072,1.86,0.49878,4.01952,1.70832,0.604808,0,4.42439,1.86,0.469469,4.60788,1.76114,0.570531,0,3.93574,1.86,0.212506,4.08792,1.69547,0.29492,0,3.67208,1.86,0.671971,3.79413,1.67525,0.804111,0,4.21754,1.86,0.360275,4.41286,1.65275,0.458003,0,3.52832,1.86,0.095633,3.6373,1.67924,0.162623,0,3.40657,1.86,0.713917,3.5089,1.71648,0.834703,0,3.25796,1.86,0.750395,3.34296,1.69131,0.87868,0,4.24294,1.86,0.0339146,4.42654,1.70845,0.0977873,0,3.64053,1.86,0.214165,3.77193,1.74116,0.292657,0,3.18611,1.86,0.544489,3.26916,1.71241,0.649503,0,3.37386,1.86,0.541204,3.47669,1.72866,0.645443,0,3.54117,1.86,0.436442,3.65583,1.68841,0.531027,0,4.43955,1.86,0.0450994,4.61508,1.79639,0.120676,0,4.04713,1.86,0.434987,4.2131,1.73579,0.533532,0,3.71344,1.86,0.365785,3.84935,1.71703,0.455205,0,4.08904,1.86,0.279679,4.26157,1.68287,0.366414,0,3.39354,1.86,0.00293583,3.51083,1.74815,0.0653195,0,3.25585,1.86,0.353281,3.35129,1.73109,0.439204,0,3.54959,1.86,0.609539,3.66186,1.71378,0.726144,0,4.04641,1.86,0.71521,4.20293,1.70838,0.849524,0,4.67374,1.86,0.712494,4.90932,1.68499,0.844082,0,3.19378,1.86,0.243608,3.29473,1.7616,0.328674,0,4.62861,1.86,0.438314,4.86179,1.69367,0.537486,0,3.85006,1.86,0.338257,3.99287,1.68694,0.430052,0,4.58839,1.86,0.147206,4.78397,1.76097,0.222813,0,3.13588,1.86,0.0477947,3.24029,1.75995,0.115158,0,3.42626,1.86,0.339112,3.52197,1.66455,0.433783,0,4.44133,1.86,0.278231,4.63001,1.74754,0.361218,0,4.56378,1.86,0.321611,4.77857,1.70442,0.410442,0,4.09651,1.86,0.0899499,4.25846,1.74852,0.167903,0,3.38555,1.86,0.142578,3.48127,1.69422,0.212999,0,4.03463,1.86,0.56306,4.19421,1.7131,0.672192,0,3.62961,1.86,0.0143817,3.76382,1.77186,0.0786679,0,4.32734,1.86,0.612462,4.51289,1.73597,0.728927,0,3.93251,1.86,0.0447638,4.08316,1.73469,0.109953,0,3.78016,1.86,0.608605,3.91638,1.6949,0.725469,0,3.13658,1.86,0.665197,3.21356,1.71823,0.777137,0,3.13743,1.86,0.427541,3.22013,1.72203,0.519783,0,4.604,1.86,-0.0289569,4.81115,1.73627,0.0367037,0,3.54338,1.86,0.74184,3.65629,1.7092,0.868781,0,3.80892,1.86,0.135957,3.94731,1.68059,0.199679,0,3.25424,1.86,0.00871447,3.35211,1.73569,0.0604156,0,4.36294,1.86,0.149973,4.56229,1.69858,0.229015,0,3.25886,1.86,0.137068,3.34177,1.69391,0.20211,0,4.3004,1.86,0.470448,4.4763,1.76067,0.565434,0,3.78082,1.86,-0.00926672,3.91572,1.74145,0.0616134,0,3.51605,1.86,0.234499,3.63733,1.73688,0.299651,0,
0.766683,3.53706,3.63868,0.244333,3.6648,3.65255,0.332259,4.44141,1.86,0.675488,4.62676,1.76106,0.787556,0,4.22364,1.86,0.710121,4.39363,1.74812,0.84154,0,4.56734,1.86,0.594925,4.76778,1.73882,0.703626,0,4.19637,1.86,0.177929,4.36858,1.74657,0.250475,0,3.9059,1.86,0.718425,4.05912,1.68313,0.837708,0,4.17197,1.86,0.535983,4.34105,1.74575,0.63879,0,3.69279,1.86,0.509369,3.82392,1.66862,0.61555,0,3.87072,1.86,0.49878,4.02026,1.72402,0.601127,0,4.42439,1.86,0.469469,4.60093,1.78232,0.566413,0,3.93574,1.86,0.212506,4.08995,1.71246,0.294397,0,3.67208,1.86,0.671971,3.79898,1.68817,0.800179,0,4.21754,1.86,0.360275,4.40902,1.67775,0.452887,0,3.52832,1.86,0.095633,3.64056,1.69251,0.162617,0,3.40657,1.86,0.713917,3.51544,1.7251,0.829051,0,3.25796,1.86,0.750395,3.35194,1.70545,0.873523,0,4.24294,1.86,0.0339146,4.42252,1.72964,0.0981429,0,3.64053,1.86,0.214165,3.77489,1.7549,0.291641,0,3.18611,1.86,0.544489,3.27431,1.72137,0.645761,0,3.37386,1.86,0.541204,3.48076,1.73792,0.641045,0,3.54117,1.86,0.436442,3.6609,1.7043,0.529289,0,4.43955,1.86,0.0450994,4.60735,1.8241,0.122602,0,4.04713,1.86,0.434987,4.21151,1.75627,0.529224,0,3.71344,1.86,0.365785,3.85044,1.73143,0.454021,0,4.08904,1.86,0.279679,4.26099,1.70398,0.363022,0,3.39354,1.86,0.00293583,3.515,1.76193,0.0661819,0,3.25585,1.86,0.353281,3.35729,1.74163,0.436991,0,3.54959,1.86,0.609539,3.66624,1.72393,0.726025,0,4.04641,1.86,0.71521,4.20492,1.72176,0.845116,0,4.67374,1.86,0.712494,4.89648,1.71422,0.835609,0,3.19378,1.86,0.243608,3.30012,1.77101,0.327247,0,4.62861,1.86,0.438314,4.84583,1.72559,0.531265,0,3.85006,1.86,0.338257,3.99618,1.70248,0.430629,0,4.58839,1.86,0.147206,4.77393,1.784,0.221347,0,3.13588,1.86,0.0477947,3.24741,1.77577,0.116877,0,3.42626,1.86,0.339112,3.52933,1.6794,0.430619,0,4.44133,1.86,0.278231,4.62129,1.76952,0.36181,0,4.56378,1.86,0.321611,4.771,1.72932,0.408859,0,4.09651,1.86,0.0899499,4.25522,1.76302,0.168787,0,3.38555,1.86,0.142578,3.48656,1.70541,0.211462,0,4.03463,1.86,0.56306,4.19617,1.73072,0.667822,0,3.62961,1.86,0.0143817,3.76671,1.78483,0.0797529,0,4.32734,1.86,0.612462,4.50764,1.76029,0.72122,0,3.93251,1.86,0.0447638,4.08275,1.74991,0.109576,0,3.78016,1.86,0.608605,3.92021,1.70961,0.723051,0,3.13658,1.86,0.665197,3.2246,1.73257,0.775524,0,3.13743,1.86,0.427541,3.22276,1.72859,0.520395,0,4.604,1.86,-0.0289569,4.79918,1.76148,0.0383689,0,3.54338,1.86,0.74184,3.65766,1.71726,0.866561,0,3.80892,1.86,0.135957,3.95081,1.69603,0.199863,0,3.25424,1.86,0.00871447,3.35662,1.74534,0.0623967,0,4.36294,1.86,0.149973,4.55534,1.72152,0.22734,0,3.25886,1.86,0.137068,3.34687,1.70303,0.202622,0,4.3004,1.86,0.470448,4.47157,1.78012,0.561588,0,3.78082,1.86,-0.00926672,3.91739,1.75119,0.0622306,0,3.51605,1.86,0.234499,3.64385,1.75422,0.301066,0,
0.800017,3.5091,3.63914,0.244793,3.65416,3.65268,0.332538,4.44141,1.86,0.675488,4.63365,1.75676,0.789337,0,4.22364,1.86,0.710121,4.4003,1.74596,0.841442,0,4.56734,1.86,0.594925,4.77443,1.7343,0.705544,0,4.19637,1.86,0.177929,4.37434,1.74622,0.250448,0,3.9059,1.86,0.718425,4.06296,1.68525,0.836417,0,4.17197,1.86,0.535983,4.34706,1.74514,0.637212,0,3.69279,1.86,0.509369,3.82569,1.67085,0.614581,0,3.87072,1.86,0.49878,4.0226,1.72389,0.599424,0,4.42439,1.86,0.469469,4.60778,1.77664,0.565788,0,3.93574,1.86,0.212506,4.09583,1.71465,0.292881,0,3.67208,1.86,0.671971,3.80509,1.69065,0.798035,0,4.21754,1.86,0.360275,4.4137,1.68085,0.45189,0,3.52832,1.86,0.095633,3.64418,1.69361,0.160941,0,3.40657,1.86,0.713917,3.52208,1.72704,0.825685,0,3.25796,1.86,0.750395,3.35672,1.70924,0.87019,0,4.24294,1.86,0.0339146,4.4285,1.7294,0.0986162,0,3.64053,1.86,0.214165,3.77916,1.75699,0.289255,0,3.18611,1.86,0.544489,3.28313,1.7229,0.643795,0,3.37386,1.86,0.541204,3.48538,1.7345,0.640322,0,3.54117,1.86,0.436442,3.66714,1.70922,0.527227,0,4.43955,1.86,0.0450994,4.61249,1.81911,0.121361,0,4.04713,1.86,0.434987,4.21615,1.7577,0.528993,0,3.71344,1.86,0.365785,3.8593,1.73675,0.451949,0,4.08904,1.86,0.279679,4.26496,1.70554,0.361967,0,3.39354,1.86,0.00293583,3.52091,1.76567,0.0641854,0,3.25585,1.86,0.353281,3.36246,1.74264,0.434387,0,3.54959,1.86,0.609539,3.66574,1.72031,0.728439,0,4.04641,1.86,0.71521,4.21045,1.72008,0.845532,0,4.67374,1.86,0.712494,4.90465,1.71126,0.83718,0,3.19378,1.86,0.243608,3.30486,1.77029,0.324401,0,4.62861,1.86,0.438314,4.85375,1.71948,0.534221,0,3.85006,1.86,0.338257,4.00019,1.70326,0.428377,0,4.58839,1.86,0.147206,4.78299,1.78111,0.224969,0,3.13588,1.86,0.0477947,3.25279,1.77806,0.114338,0,3.42626,1.86,0.339112,3.53522,1.68402,0.429522,0,4.44133,1.86,0.278231,4.62883,1.76263,0.361853,0,4.56378,1.86,0.321611,4.77726,1.72875,0.408643,0,4.09651,1.86,0.0899499,4.26074,1.75954,0.167667,0,3.38555,1.86,0.142578,3.49296,1.70737,0.20862,0,4.03463,1.86,0.56306,4.20199,1.73314,0.666889,0,3.62961,1.86,0.0143817,3.77147,1.78686,0.0785476,0,4.32734,1.86,0.612462,4.51447,1.76175,0.720335,0,3.93251,1.86,0.0447638,4.08674,1.74859,0.107942,0,3.78016,1.86,0.608605,3.92427,1.71068,0.720677,0,3.13658,1.86,0.665197,3.22895,1.73013,0.773117,0,3.13743,1.86,0.427541,3.2299,1.7279,0.517384,0,4.604,1.86,-0.0289569,4.80796,1.75609,0.0372946,0,3.54338,1.86,0.74184,3.66346,1.71657,0.865648,0,3.80892,1.86,0.135957,3.95736,1.69953,0.1983,0,3.25424,1.86,0.00871447,3.36457,1.74741,0.0611494,0,4.36294,1.86,0.149973,4.56215,1.71971,0.226379,0,3.25886,1.86,0.137068,3.35343,1.70467,0.201176,0,4.3004,1.86,0.470448,4.47757,1.77833,0.561762,0,3.78082,1.86,-0.00926672,3.92257,1.7494,0.060454,0,3.51605,1.86,0.234499,3.65193,1.76115,0.302186,0,
0.833351,3.5091,3.63914,0.244793,3.6264,3.653,0.333265,4.44141,1.86,0.675488,4.61376,1.75795,0.788467,1,4.22364,1.86,0.710121,4.38131,1.74398,0.841403,1,4.56734,1.86,0.594925,4.75678,1.73643,0.704389,1,4.19637,1.86,0.177929,4.35695,1.74882,0.250989,1,3.9059,1.86,0.718425,4.04787,1.68896,0.833999,1,4.17197,1.86,0.535983,4.32858,1.74654,0.638136,1,3.69279,1.86,0.509369,3.81207,1.67521,0.611907,1,3.87072,1.86,0.49878,4.00464,1.72424,0.597817,1,4.42439,1.86,0.469469,4.5906,1.78018,0.565459,1,3.93574,1.86,0.212506,4.07957,1.71802,0.292642,1,3.67208,1.86,0.671971,3.78549,1.69159,0.800078,1,4.21754,1.86,0.360275,4.39671,1.68819,0.450943,1,3.52832,1.86,0.095633,3.62962,1.69574,0.159599,1,3.40657,1.86,0.713917,3.50383,1.7279,0.824245,1,3.25796,1.86,0.750395,3.33675,1.70955,0.869303,1,4.24294,1.86,0.0339146,4.41134,1.73435,0.0983345,1,3.64053,1.86,0.214165,3.76652,1.76162,0.290004,1,3.18611,1.86,0.544489,3.26561,1.72564,0.641621,1,3.37386,1.86,0.541204,3.46975,1.735,0.638759,1,3.54117,1.86,0.436442,3.65035,1.713,0.525207,1,4.43955,1.86,0.0450994,4.59705,1.8238,0.123474,1,4.04713,1.86,0.434987,4.19904,1.76156,0.52378,1,3.71344,1.86,0.365785,3.84403,1.74234,0.45058,1,4.08904,1.86,0.279679,4.2508,1.71195,0.361289,1,3.39354,1.86,0.00293583,3.50703,1.77044,0.0632519,1,3.25585,1.86,0.353281,3.34644,1.74353,0.432282,1,3.54959,1.86,0.609539,3.65038,1.71684,0.724742,1,4.04641,1.86,0.71521,4.19439,1.71954,0.844438,1,4.67374,1.86,0.712494,4.88241,1.7145,0.834795,1,3.19378,1.86,0.243608,3.29181,1.77138,0.318826,1,4.62861,1.86,0.438314,4.83225,1.72623,0.533639,1,3.85006,1.86,0.338257,3.98289,1.70437,0.427046,1,4.58839,1.86,0.147206,4.76406,1.79078,0.226741,1,3.13588,1.86,0.0477947,3.23872,1.78177,0.112364,1,3.42626,1.86,0.339112,3.51844,1.68753,0.428518,1,4.44133,1.86,0.278231,4.61035,1.76434,0.36278,1,4.56378,1.86,0.321611,4.75867,1.73477,0.409313,1,4.09651,1.86,0.0899499,4.24623,1.7625,0.166962,1,3.38555,1.86,0.142578,3.4753,1.70901,0.205723,1,4.03463,1.86,0.56306,4.18358,1.73439,0.666198,1,3.62961,1.86,0.0143817,3.75667,1.79012,0.0780337,1,4.32734,1.86,0.612462,4.49556,1.7669,0.719332,1,3.93251,1.86,0.0447638,4.07288,1.75157,0.107592,1,3.78016,1.86,0.608605,3.90407,1.70943,0.718233,1,3.13658,1.86,0.665197,3.21192,1.72964,0.771845,1,3.13743,1.86,0.427541,3.21543,1.73037,0.5152,1,4.604,1.86,-0.0289569,4.78845,1.76322,0.0397173,1,3.54338,1.86,0.74184,3.64747,1.71591,0.863158,1,3.80892,1.86,0.135957,3.94128,1.7035,0.196877,1,3.25424,1.86,0.00871447,3.34499,1.74931,0.0614283,1,4.36294,1.86,0.149973,4.54405,1.72552,0.227118,1,3.25886,1.86,0.137068,3.33417,1.70566,0.200292,1,4.3004,1.86,0.470448,4.45936,1.7808,0.562334,1,3.78082,1.86,-0.00926672,3.90784,1.74989,0.0595701,1,3.51605,1.86,0.234499,3.63636,1.76709,0.300651,1,
0.866685,3.48201,3.63988,0.245233,3.61095,3.65325,0.333671,4.44141,1.86,0.675488,4.61706,1.76067,0.788347,1,4.22364,1.86,0.710121,4.38443,1.74305,0.841566,1,4.56734,1.86,0.594925,4.75815,1.73877,0.703857,1,4.19637,1.86,0.177929,4.35851,1.75188,0.251051,1,3.9059,1.86,0.718425,4.05153,1.69452,0.834442,1,4.17197,1.86,0.535983,4.32989,1.74701,0.638396,1,3.69279,1.86,0.509369,3.81418,1.67853,0.612733,1,3.87072,1.86,0.49878,4.00715,1.72564,0.59892,1,4.42439,1.86,0.469469,4.59139,1.7826,0.565768,1,3.93574,1.86,0.212506,4.081,1.72075,0.29195,1,3.67208,1.86,0.671971,3.78957,1.69329,0.800962,1,4.21754,1.86,0.360275,4.39449,1.69246,0.452053,1,3.52832,1.86,0.095633,3.63106,1.69588,0.160993,1,3.40657,1.86,0.713917,3.50726,1.72827,0.825386,1,3.25796,1.86,0.750395,3.34324,1.70983,0.870479,1,4.24294,1.86,0.0339146,4.41236,1.73862,0.100175,1,3.64053,1.86,0.214165,3.76651,1.76357,0.289466,1,3.18611,1.86,0.544489,3.26768,1.72463,0.643719,1,3.37386,1.86,0.541204,3.47241,1.73476,0.63987,1,3.54117,1.86,0.436442,3.65376,1.71614,0.525494,1,4.43955,1.86,0.0450994,4.59412,1.8267,0.123999,1,4.04713,1.86,0.434987,4.19748,1.76408,0.523807,1,3.71344,1.86,0.365785,3.84233,1.74443,0.45147,1,4.08904,1.86,0.279679,4.25268,1.71996,0.361975,1,3.39354,1.86,0.00293583,3.50858,1.77276,0.0655222,1,3.25585,1.86,0.353281,3.34931,1.74344,0.43497,1,3.54959,1.86,0.609539,3.65629,1.7162,0.72571,1,4.04641,1.86,0.71521,4.19691,1.72044,0.845482,1,4.67374,1.86,0.712494,4.88241,1.7145,0.834795,1,3.19378,1.86,0.243608,3.29532,1.77307,0.319377,1,4.62861,1.86,0.438314,4.8328,1.72924,0.533358,1,3.85006,1.86,0.338257,3.98542,1.706,0.427328,1,4.58839,1.86,0.147206,4.76274,1.79621,0.226332,1,3.13588,1.86,0.0477947,3.24187,1.78404,0.113923,1,3.42626,1.86,0.339112,3.5237,1.69072,0.429624,1,4.44133,1.86,0.278231,4.61333,1.7662,0.363179,1,4.56378,1.86,0.321611,4.75873,1.74044,0.408311,1,4.09651,1.86,0.0899499,4.24976,1.7671,0.167535,1,3.38555,1.86,0.142578,3.47837,1.70893,0.207064,1,4.03463,1.86,0.56306,4.18545,1.73628,0.667062,1,3.62961,1.86,0.0143817,3.76048,1.79313,0.0785521,1,4.32734,1.86,0.612462,4.49487,1.76785,0.718393,1,3.93251,1.86,0.0447638,4.07506,1.75407,0.109196,1,3.78016,1.86,0.608605,3.90743,1.71045,0.720001,1,3.13658,1.86,0.665197,3.21278,1.72708,0.773751,1,3.13743,1.86,0.427541,3.21801,1.73087,0.517124,1,4.604,1.86,-0.0289569,4.78847,1.76547,0.0414021,1,3.54338,1.86,0.74184,3.64964,1.71554,0.864539,1,3.80892,1.86,0.135957,3.94393,1.70703,0.197411,1,3.25424,1.86,0.00871447,3.34541,1.74693,0.0612009,1,4.36294,1.86,0.149973,4.54387,1.72884,0.227266,1,3.25886,1.86,0.137068,3.33551,1.70311,0.20267,1,4.3004,1.86,0.470448,4.46226,1.78477,0.562387,1,3.78082,1.86,-0.00926672,3.90667,1.74777,0.0581645,1,3.51605,1.86,0.234499,3.64194,1.77289,0.299857,1,
0.90002,3.47173,3.6403,0.245128,3.60006,3.65368,0.333965,4.44141,1.86,0.675488,4.6191,1.75885,0.789172,1,4.22364,1.86,0.710121,4.38988,1.74525,0.842192,1,4.56734,1.86,0.594925,4.76293,1.73703,0.705493,1,4.19637,1.86,0.177929,4.36638,1.75358,0.250821,1,3.9059,1.86,0.718425,4.05533,1.6935,0.834625,1,4.17197,1.86,0.535983,4.33868,1.74707,0.637507,1,3.69279,1.86,0.509369,3.81824,1.67502,0.612894,1,3.87072,1.86,0.49878,4.01432,1.72268,0.599258,1,4.42439,1.86,0.469469,4.59598,1.77969,0.565405,1,3.93574,1.86,0.212506,4.0866,1.7182,0.291766,1,3.67208,1.86,0.671971,3.79492,1.68897,0.801869,1,4.21754,1.86,0.360275,4.40137,1.69176,0.45147,1,3.52832,1.86,0.095633,3.63789,1.6938,0.160315,1,3.40657,1.86,0.713917,3.5118,1.72611,0.82469,1,3.25796,1.86,0.750395,3.34899,1.70889,0.87001,1,4.24294,1.86,0.0339146,4.41715,1.73756,0.100618,1,3.64053,1.86,0.214165,3.77361,1.76116,0.290005,1,3.18611,1.86,0.544489,3.27269,1.71989,0.643127,1,3.37386,1.86,0.541204,3.47683,1.7327,0.640039,1,3.54117,1.86,0.436442,3.66011,1.71405,0.525536,1,4.43955,1.86,0.0450994,4.60101,1.82216,0.124013,1,4.04713,1.86,0.434987,4.20403,1.76172,0.524984,1,3.71344,1.86,0.365785,3.8478,1.74141,0.451255,1,4.08904,1.86,0.279679,4.25371,1.71869,0.361557,1,3.39354,1.86,0.00293583,3.51689,1.77107,0.0641826,1,3.25585,1.86,0.353281,3.35272,1.74168,0.434356,1,3.54959,1.86,0.609539,3.65852,1.71436,0.727391,1,4.04641,1.86,0.71521,4.20318,1.71617,0.845135,1,4.67374,1.86,0.712494,4.88241,1.7145,0.834795,1,3.19378,1.86,0.243608,3.2979,1.77114,0.32117,1,4.62861,1.86,0.438314,4.8328,1.72924,0.533358,1,3.85006,1.86,0.338257,3.99058,1.70494,0.427254,1,4.58839,1.86,0.147206,4.76757,1.79769,0.228269,1,3.13588,1.86,0.0477947,3.2457,1.78221,0.112925,1,3.42626,1.86,0.339112,3.52778,1.68794,0.428944,1,4.44133,1.86,0.278231,4.61612,1.77021,0.36308,1,4.56378,1.86,0.321611,4.76338,1.74263,0.40938,1,4.09651,1.86,0.0899499,4.25607,1.76692,0.168127,1,3.38555,1.86,0.142578,3.48378,1.70693,0.204679,1,4.03463,1.86,0.56306,4.1919,1.73431,0.666354,1,3.62961,1.86,0.0143817,3.76625,1.79118,0.0788134,1,4.32734,1.86,0.612462,4.49797,1.76786,0.719491,1,3.93251,1.86,0.0447638,4.07942,1.75303,0.108514,1,3.78016,1.86,0.608605,3.91314,1.70564,0.720837,1,3.13658,1.86,0.665197,3.21927,1.72475,0.774771,1,3.13743,1.86,0.427541,3.22288,1.7288,0.516617,1,4.604,1.86,-0.0289569,4.79234,1.76847,0.0423827,1,3.54338,1.86,0.74184,3.65599,1.71026,0.86508,1,3.80892,1.86,0.135957,3.95053,1.70553,0.19714,1,3.25424,1.86,0.00871447,3.35067,1.74477,0.0600601,1,4.36294,1.86,0.149973,4.54833,1.73001,0.227198,1,3.25886,1.86,0.137068,3.34167,1.69753,0.201438,1,4.3004,1.86,0.470448,4.46677,1.7859,0.563467,1,3.78082,1.86,-0.00926672,3.90892,1.74587,0.0578187,1,3.51605,1.86,0.234499,3.64689,1.77072,0.299691,1,
0.933353,3.47173,3.6403,0.245128,3.58981,3.65398,0.334239,4.44141,1.86,0.675488,4.62798,1.76021,0.790501,1,4.22364,1.86,0.710121,4.39953,1.74885,0.84316,1,4.56734,1.86,0.594925,4.7724,1.74042,0.70546,1,4.19637,1.86,0.177929,4.37471,1.75725,0.252771,1,3.9059,1.86,0.718425,4.06629,1.69612,0.837323,1,4.17197,1.86,0.535983,4.34955,1.75271,0.639578,1,3.69279,1.86,0.509369,3.82581,1.67653,0.615148,1,3.87072,1.86,0.49878,4.02281,1.72493,0.601514,1,4.42439,1.86,0.469469,4.60608,1.78311,0.566147,1,3.93574,1.86,0.212506,4.09514,1.72009,0.292971,1,3.67208,1.86,0.671971,3.80392,1.6906,0.803654,1,4.21754,1.86,0.360275,4.41338,1.69765,0.452733,1,3.52832,1.86,0.095633,3.65009,1.69424,0.162637,1,3.40657,1.86,0.713917,3.51983,1.72678,0.82785,1,3.25796,1.86,0.750395,3.36066,1.70793,0.872414,1,4.24294,1.86,0.0339146,4.42612,1.73971,0.101258,1,3.64053,1.86,0.214165,3.7792,1.76195,0.291032,1,3.18611,1.86,0.544489,3.28236,1.71931,0.648602,1,3.37386,1.86,0.541204,3.48597,1.73286,0.643723,1,3.54117,1.86,0.436442,3.66972,1.71503,0.528648,1,4.43955,1.86,0.0450994,4.60846,1.8269,0.124444,1,4.04713,1.86,0.434987,4.21175,1.76491,0.527007,1,3.71344,1.86,0.365785,3.85775,1.74321,0.453359,1,4.08904,1.86,0.279679,4.26332,1.71924,0.362017,1,3.39354,1.86,0.00293583,3.52439,1.77091,0.0667249,1,3.25585,1.86,0.353281,3.36213,1.74011,0.436222,1,3.54959,1.86,0.609539,3.66554,1.71556,0.730129,1,4.04641,1.86,0.71521,4.2143,1.7194,0.846422,1,4.67374,1.86,0.712494,4.88241,1.7145,0.834795,1,3.19378,1.86,0.243608,3.30445,1.76889,0.324367,1,4.62861,1.86,0.438314,4.8328,1.72924,0.533358,1,3.85006,1.86,0.338257,4.00023,1.70701,0.429488,1,4.58839,1.86,0.147206,4.76757,1.79769,0.228269,1,3.13588,1.86,0.0477947,3.25564,1.77895,0.117773,1,3.42626,1.86,0.339112,3.53553,1.68809,0.433213,1,4.44133,1.86,0.278231,4.62428,1.7715,0.363485,1,4.56378,1.86,0.321611,4.77132,1.74525,0.410483,1,4.09651,1.86,0.0899499,4.26433,1.76794,0.168572,1,3.38555,1.86,0.142578,3.49472,1.70637,0.207894,1,4.03463,1.86,0.56306,4.20079,1.73699,0.667028,1,3.62961,1.86,0.0143817,3.77123,1.79165,0.0805722,1,4.32734,1.86,0.612462,4.5066,1.77119,0.720243,1,3.93251,1.86,0.0447638,4.09026,1.75488,0.110642,1,3.78016,1.86,0.608605,3.92297,1.70729,0.720254,1,3.13658,1.86,0.665197,3.22479,1.72428,0.774742,1,3.13743,1.86,0.427541,3.23089,1.72709,0.519955,1,4.604,1.86,-0.0289569,4.79234,1.76847,0.0423827,1,3.54338,1.86,0.74184,3.66764,1.7116,0.867342,1,3.80892,1.86,0.135957,3.9594,1.70693,0.200036,1,3.25424,1.86,0.00871447,3.3585,1.74369,0.0624322,1,4.36294,1.86,0.149973,4.55683,1.73309,0.229171,1,3.25886,1.86,0.137068,3.34784,1.69719,0.205058,1,4.3004,1.86,0.470448,4.47521,1.78744,0.564492,1,3.78082,1.86,-0.00926672,3.91558,1.74716,0.0598792,1,3.51605,1.86,0.234499,3.65296,1.77127,0.299543,1,
0.966688,3.44354,3.6412,0.245611,3.56277,3.65504,0.334968,4.44141,1.86,0.675488,4.60828,1.76436,0.789129,1,4.22364,1.86,0.710121,4.37823,1.74982,0.842255,1,4.56734,1.86,0.594925,4.74837,1.74173,0.705833,1,4.19637,1.86,0.177929,4.35245,1.76054,0.252779,1,3.9059,1.86,0.718425,4.04255,1.69868,0.835774,1,4.17197,1.86,0.535983,4.32535,1.7565,0.641743,1,3.69279,1.86,0.509369,3.80959,1.6814,0.614381,1,3.87072,1.86,0.49878,4.00371,1.72792,0.60146,1,4.42439,1.86,0.469469,4.58284,1.78677,0.566527,1,3.93574,1.86,0.212506,4.07551,1.72407,0.292137,1,3.67208,1.86,0.671971,3.78745,1.69492,0.80359,1,4.21754,1.86,0.360275,4.38972,1.70769,0.452243,1,3.52832,1.86,0.095633,3.63259,1.69972,0.163348,1,3.40657,1.86,0.713917,3.50107,1.72849,0.828179,1,3.25796,1.86,0.750395,3.33701,1.71227,0.872431,1,4.24294,1.86,0.0339146,4.40447,1.7441,0.103139,1,3.64053,1.86,0.214165,3.76201,1.76591,0.291794,1,3.18611,1.86,0.544489,3.2639,1.72306,0.647544,1,3.37386,1.86,0.541204,3.46863,1.73498,0.642601,1,3.54117,1.86,0.436442,3.65045,1.72018,0.527975,1,4.43955,1.86,0.0450994,4.58576,1.82849,0.125354,1,4.04713,1.86,0.434987,4.19038,1.7674,0.526447,1,3.71344,1.86,0.365785,3.83822,1.74741,0.45425,1,4.08904,1.86,0.279679,4.24145,1.72379,0.364772,1,3.39354,1.86,0.00293583,3.50631,1.77586,0.0678204,1,3.25585,1.86,0.353281,3.34527,1.74313,0.437569,1,3.54959,1.86,0.609539,3.64594,1.71354,0.731136,1,4.04641,1.86,0.71521,4.19575,1.72406,0.84434,1,4.67374,1.86,0.712494,4.88241,1.7145,0.834795,1,3.19378,1.86,0.243608,3.2888,1.77053,0.320948,1,4.62861,1.86,0.438314,4.8328,1.72924,0.533358,1,3.85006,1.86,0.338257,3.97966,1.70925,0.427997,1,4.58839,1.86,0.147206,4.76757,1.79769,0.228269,1,3.13588,1.86,0.0477947,3.23753,1.78466,0.119472,1,3.42626,1.86,0.339112,3.51877,1.6928,0.432554,1,4.44133,1.86,0.278231,4.60191,1.7709,0.364617,1,4.56378,1.86,0.321611,4.74598,1.74538,0.410163,1,4.09651,1.86,0.0899499,4.24398,1.77086,0.170074,1,3.38555,1.86,0.142578,3.4736,1.70901,0.210286,1,4.03463,1.86,0.56306,4.17933,1.73944,0.667317,1,3.62961,1.86,0.0143817,3.75266,1.79453,0.0816094,1,4.32734,1.86,0.612462,4.48579,1.77613,0.719873,1,3.93251,1.86,0.0447638,4.07009,1.75886,0.112361,1,3.78016,1.86,0.608605,3.90289,1.70888,0.718986,1,3.13658,1.86,0.665197,3.20453,1.72233,0.777341,1,3.13743,1.86,0.427541,3.21079,1.7292,0.521112,1,4.604,1.86,-0.0289569,4.79234,1.76847,0.0423827,1,3.54338,1.86,0.74184,3.64793,1.71482,0.868937,1,3.80892,1.86,0.135957,3.94027,1.71234,0.198645,1,3.25424,1.86,0.00871447,3.33637,1.74374,0.0604672,1,4.36294,1.86,0.149973,4.53484,1.73832,0.231359,1,3.25886,1.86,0.137068,3.32889,1.69768,0.204792,1,4.3004,1.86,0.470448,4.4536,1.79027,0.564351,1,3.78082,1.86,-0.00926672,3.89682,1.74461,0.0599682,1,3.51605,1.86,0.234499,3.63591,1.77744,0.300095,1,
1.00002,3.44354,3.6412,0.245611,3.54725,3.65558,0.335385,4.44141,1.86,0.675488,4.61305,1.75242,0.792709,1,4.22364,1.86,0.710121,4.38253,1.7355,0.848132,1,4.56734,1.86,0.594925,4.75771,1.72588,0.709587,1,4.19637,1.86,0.177929,4.35808,1.75061,0.253674,1,3.9059,1.86,0.718425,4.04447,1.69129,0.839034,1,4.17197,1.86,0.535983,4.33,1.7437,0.645845,1,3.69279,1.86,0.509369,3.80921,1.67682,0.615907,1,3.87072,1.86,0.49878,4.00305,1.71938,0.604083,1,4.42439,1.86,0.469469,4.58871,1.77042,0.569082,1,3.93574,1.86,0.212506,4.07759,1.71665,0.293359,1,3.67208,1.86,0.671971,3.78484,1.68904,0.804967,1,4.21754,1.86,0.360275,4.39434,1.69717,0.454262,1,3.52832,1.86,0.095633,3.63409,1.69783,0.163151,1,3.40657,1.86,0.713917,3.50146,1.72509,0.830523,1,3.25796,1.86,0.750395,3.33439,1.70755,0.873092,1,4.24294,1.86,0.0339146,4.40974,1.734,0.102589,1,3.64053,1.86,0.214165,3.76113,1.76083,0.29349,1,3.18611,1.86,0.544489,3.26365,1.72118,0.647901,1,3.37386,1.86,0.541204,3.466,1.73011,0.643743,1,3.54117,1.86,0.436442,3.65062,1.71774,0.529594,1,4.43955,1.86,0.0450994,4.59461,1.81752,0.126331,1,4.04713,1.86,0.434987,4.19034,1.75567,0.526239,1,3.71344,1.86,0.365785,3.83538,1.74071,0.454643,1,4.08904,1.86,0.279679,4.24381,1.71357,0.366347,1,3.39354,1.86,0.00293583,3.50424,1.77393,0.067522,1,3.25585,1.86,0.353281,3.34507,1.7407,0.436576,1,3.54959,1.86,0.609539,3.64574,1.70572,0.736199,1,4.04641,1.86,0.71521,4.19644,1.71401,0.847055,1,4.67374,1.86,0.712494,4.88241,1.7145,0.834795,1,3.19378,1.86,0.243608,3.28497,1.76767,0.321104,1,4.62861,1.86,0.438314,4.8328,1.72924,0.533358,1,3.85006,1.86,0.338257,3.9803,1.70041,0.429847,1,4.58839,1.86,0.147206,4.76757,1.79769,0.228269,1,3.13588,1.86,0.0477947,3.23586,1.78286,0.119304,1,3.42626,1.86,0.339112,3.51531,1.68991,0.433178,1,4.44133,1.86,0.278231,4.61134,1.75696,0.367044,1,4.56378,1.86,0.321611,4.74598,1.74538,0.410163,1,4.09651,1.86,0.0899499,4.2465,1.76071,0.168896,1,3.38555,1.86,0.142578,3.47061,1.70419,0.21005,1,4.03463,1.86,0.56306,4.18347,1.73134,0.670195,1,3.62961,1.86,0.0143817,3.75203,1.78862,0.0821927,1,4.32734,1.86,0.612462,4.48829,1.76228,0.723192,1,3.93251,1.86,0.0447638,4.07436,1.75164,0.112224,1,3.78016,1.86,0.608605,3.90444,1.70242,0.721505,1,3.13658,1.86,0.665197,3.20422,1.71689,0.777858,1,3.13743,1.86,0.427541,3.20801,1.72516,0.522246,1,4.604,1.86,-0.0289569,4.79234,1.76847,0.0423827,1,3.54338,1.86,0.74184,3.64476,1.70978,0.871248,1,3.80892,1.86,0.135957,3.94027,1.71234,0.198645,1,3.25424,1.86,0.00871447,3.33504,1.73785,0.0603403,1,4.36294,1.86,0.149973,4.53761,1.72253,0.233407,1,3.25886,1.86,0.137068,3.33156,1.69497,0.204977,1,4.3004,1.86,0.470448,4.45831,1.77802,0.567212,1,3.78082,1.86,-0.00926672,3.89881,1.73385,0.0584235,1,3.51605,1.86,0.234499,3.63569,1.77522,0.302006,1,
1.03336,3.41547,3.64215,0.2461,3.53574,3.65603,0.335696,4.44141,1.86,0.675488,4.61808,1.75607,0.791938,1,4.22364,1.86,0.710121,4.38567,1.73755,0.847005,1,4.56734,1.86,0.594925,4.75771,1.72588,0.709587,1,4.19637,1.86,0.177929,4.36152,1.75045,0.253578,1,3.9059,1.86,0.718425,4.04805,1.69225,0.83948,1,4.17197,1.86,0.535983,4.33415,1.74175,0.646198,1,3.69279,1.86,0.509369,3.81506,1.67644,0.61604,1,3.87072,1.86,0.49878,4.00921,1.71528,0.603878,1,4.42439,1.86,0.469469,4.58984,1.77367,0.569413,1,3.93574,1.86,0.212506,4.08122,1.7174,0.292587,1,3.67208,1.86,0.671971,3.79053,1.68436,0.805277,1,4.21754,1.86,0.360275,4.3962,1.69938,0.454021,1,3.52832,1.86,0.095633,3.63444,1.69636,0.163316,1,3.40657,1.86,0.713917,3.50254,1.71747,0.831411,1,3.25796,1.86,0.750395,3.33935,1.70567,0.874554,1,4.24294,1.86,0.0339146,4.41229,1.73731,0.102141,1,3.64053,1.86,0.214165,3.76533,1.76016,0.292511,1,3.18611,1.86,0.544489,3.26565,1.71487,0.648785,1,3.37386,1.86,0.541204,3.46917,1.72824,0.643461,1,3.54117,1.86,0.436442,3.65507,1.71658,0.529595,1,4.43955,1.86,0.0450994,4.59552,1.82419,0.126749,1,4.04713,1.86,0.434987,4.19702,1.75855,0.530224,1,3.71344,1.86,0.365785,3.84094,1.74062,0.454489,1,4.08904,1.86,0.279679,4.24912,1.71622,0.3648,1,3.39354,1.86,0.00293583,3.50684,1.76873,0.0671869,1,3.25585,1.86,0.353281,3.34734,1.7389,0.437108,1,3.54959,1.86,0.609539,3.64949,1.70439,0.735681,1,4.04641,1.86,0.71521,4.20089,1.7144,0.846973,1,4.67374,1.86,0.712494,4.88241,1.7145,0.834795,1,3.19378,1.86,0.243608,3.28779,1.7648,0.322615,1,4.62861,1.86,0.438314,4.8328,1.72924,0.533358,1,3.85006,1.86,0.338257,3.98469,1.7007,0.428344,1,4.58839,1.86,0.147206,4.76757,1.79769,0.228269,1,3.13588,1.86,0.0477947,3.23788,1.78057,0.119689,1,3.42626,1.86,0.339112,3.51967,1.68821,0.433139,1,4.44133,1.86,0.278231,4.61228,1.76284,0.367561,1,4.56378,1.86,0.321611,4.74598,1.74538,0.410163,1,4.09651,1.86,0.0899499,4.25096,1.76249,0.169953,1,3.38555,1.86,0.142578,3.47401,1.70255,0.207725,1,4.03463,1.86,0.56306,4.18704,1.73318,0.669605,1,3.62961,1.86,0.0143817,3.75572,1.78798,0.081318,1,4.32734,1.86,0.612462,4.4908,1.76425,0.724217,1,3.93251,1.86,0.0447638,4.07919,1.75297,0.112902,1,3.78016,1.86,0.608605,3.90911,1.6977,0.723085,1,3.13658,1.86,0.665197,3.20683,1.71538,0.777267,1,3.13743,1.86,0.427541,3.21456,1.72178,0.519471,1,4.604,1.86,-0.0289569,4.79234,1.76847,0.0423827,1,3.54338,1.86,0.74184,3.65014,1.70332,0.869971,1,3.80892,1.86,0.135957,3.94027,1.71234,0.198645,1,3.25424,1.86,0.00871447,3.34225,1.73562,0.0601911,1,4.36294,1.86,0.149973,4.54199,1.7261,0.234806,1,3.25886,1.86,0.137068,3.33818,1.68994,0.202349,1,4.3004,1.86,0.470448,4.4599,1.7805,0.566292,1,3.78082,1.86,-0.00926672,3.90398,1.73378,0.0589512,1,3.51605,1.86,0.234499,3.63727,1.77377,0.307235,1,
1.06669,3.38877,3.64308,0.24654,3.52017,3.65661,0.336115,4.44141,1.86,0.675488,4.61731,1.75604,0.791007,1,4.22364,1.86,0.710121,4.38368,1.7361,0.846115,1,4.56734,1.86,0.594925,4.75771,1.72588,0.709587,1,4.19637,1.86,0.177929,4.36209,1.74618,0.252062,1,3.9059,1.86,0.718425,4.04794,1.69277,0.839333,1,4.17197,1.86,0.535983,4.33511,1.73669,0.642338,1,3.69279,1.86,0.509369,3.81519,1.67393,0.61521,1,3.87072,1.86,0.49878,4.00839,1.71121,0.602881,1,4.42439,1.86,0.469469,4.59409,1.76626,0.56899,1,3.93574,1.86,0.212506,4.08176,1.71789,0.290497,1,3.67208,1.86,0.671971,3.79067,1.68151,0.806775,1,4.21754,1.86,0.360275,4.3968,1.69811,0.452701,1,3.52832,1.86,0.095633,3.63082,1.69635,0.16346,1,3.40657,1.86,0.713917,3.50423,1.71299,0.83232,1,3.25796,1.86,0.750395,3.34078,1.70494,0.874094,1,4.24294,1.86,0.0339146,4.4127,1.73652,0.10067,1,3.64053,1.86,0.214165,3.76787,1.75796,0.29344,1,3.18611,1.86,0.544489,3.26366,1.70982,0.64813,1,3.37386,1.86,0.541204,3.47223,1.72794,0.644419,1,3.54117,1.86,0.436442,3.65508,1.71668,0.529579,1,4.43955,1.86,0.0450994,4.59569,1.82071,0.125743,1,4.04713,1.86,0.434987,4.19767,1.76055,0.528413,1,3.71344,1.86,0.365785,3.84127,1.73738,0.454142,1,4.08904,1.86,0.279679,4.24885,1.71701,0.363402,1,3.39354,1.86,0.00293583,3.50785,1.76618,0.0662877,1,3.25585,1.86,0.353281,3.34702,1.7379,0.436626,1,3.54959,1.86,0.609539,3.6488,1.70464,0.736581,1,4.04641,1.86,0.71521,4.19887,1.71448,0.847684,1,4.67374,1.86,0.712494,4.88241,1.7145,0.834795,1,3.19378,1.86,0.243608,3.28699,1.76395,0.322897,1,4.62861,1.86,0.438314,4.8328,1.72924,0.533358,1,3.85006,1.86,0.338257,3.98525,1.70143,0.428984,1,4.58839,1.86,0.147206,4.76757,1.79769,0.228269,1,3.13588,1.86,0.0477947,3.23762,1.77959,0.116244,1,3.42626,1.86,0.339112,3.51944,1.68411,0.431647,1,4.44133,1.86,0.278231,4.6114,1.75896,0.365719,1,4.56378,1.86,0.321611,4.74598,1.74538,0.410163,1,4.09651,1.86,0.0899499,4.24893,1.76232,0.170022,1,3.38555,1.86,0.142578,3.47659,1.69728,0.208987,1,4.03463,1.86,0.56306,4.18483,1.73222,0.669047,1,3.62961,1.86,0.0143817,3.7575,1.7888,0.0795271,1,4.32734,1.86,0.612462,4.49021,1.76423,0.724894,1,3.93251,1.86,0.0447638,4.0773,1.75253,0.110847,1,3.78016,1.86,0.608605,3.91061,1.6947,0.723237,1,3.13658,1.86,0.665197,3.20566,1.71397,0.777684,1,3.13743,1.86,0.427541,3.21015,1.72282,0.521228,1,4.604,1.86,-0.0289569,4.79234,1.76847,0.0423827,1,3.54338,1.86,0.74184,3.64992,1.69907,0.869915,1,3.80892,1.86,0.135957,3.94027,1.71234,0.198645,1,3.25424,1.86,0.00871447,3.34004,1.73572,0.0602943,1,4.36294,1.86,0.149973,4.54223,1.727,0.234146,1,3.25886,1.86,0.137068,3.33582,1.68657,0.20197,1,4.3004,1.86,0.470448,4.45934,1.77907,0.56517,1,3.78082,1.86,-0.00926672,3.89993,1.73329,0.0597923,1,3.51605,1.86,0.234499,3.63685,1.77009,0.307873,1,
1.10002,3.37873,3.64355,0.246421,3.51028,3.6571,0.336385,4.44141,1.86,0.675488,4.62397,1.75873,0.791044,1,4.22364,1.86,0.710121,4.39181,1.74031,0.846254,1,4.56734,1.86,0.594925,4.75771,1.72588,0.709587,1,4.19637,1.86,0.177929,4.3682,1.74938,0.250586,1,3.9059,1.86,0.718425,4.05621,1.69651,0.840294,1,4.17197,1.86,0.535983,4.34151,1.74032,0.640137,1,3.69279,1.86,0.509369,3.82301,1.67675,0.615862,1,3.87072,1.86,0.49878,4.02021,1.71501,0.602991,1,4.42439,1.86,0.469469,4.59922,1.77275,0.569419,1,3.93574,1.86,0.212506,4.08872,1.7212,0.292453,1,3.67208,1.86,0.671971,3.7988,1.68439,0.807291,1,4.21754,1.86,0.360275,4.40115,1.70154,0.453467,1,3.52832,1.86,0.095633,3.63778,1.69896,0.164919,1,3.40657,1.86,0.713917,3.51121,1.71551,0.831935,1,3.25796,1.86,0.750395,3.35029,1.70759,0.87433,1,4.24294,1.86,0.0339146,4.41949,1.74072,0.100907,1,3.64053,1.86,0.214165,3.77297,1.76032,0.293662,1,3.18611,1.86,0.544489,3.27334,1.71199,0.648915,1,3.37386,1.86,0.541204,3.47759,1.73094,0.646242,1,3.54117,1.86,0.436442,3.66471,1.71958,0.530414,1,4.43955,1.86,0.0450994,4.60186,1.82436,0.125571,1,4.04713,1.86,0.434987,4.20166,1.76253,0.527742,1,3.71344,1.86,0.365785,3.85192,1.74069,0.454154,1,4.08904,1.86,0.279679,4.25565,1.72015,0.363869,1,3.39354,1.86,0.00293583,3.51159,1.76622,0.0664123,1,3.25585,1.86,0.353281,3.35643,1.74023,0.436905,1,3.54959,1.86,0.609539,3.65795,1.70806,0.739578,1,4.04641,1.86,0.71521,4.20684,1.71764,0.847187,1,4.67374,1.86,0.712494,4.88241,1.7145,0.834795,1,3.19378,1.86,0.243608,3.29678,1.76603,0.323019,1,4.62861,1.86,0.438314,4.8328,1.72924,0.533358,1,3.85006,1.86,0.338257,3.99304,1.70468,0.430023,1,4.58839,1.86,0.147206,4.76757,1.79769,0.228269,1,3.13588,1.86,0.0477947,3.24505,1.78202,0.117737,1,3.42626,1.86,0.339112,3.52977,1.68671,0.4316,1,4.44133,1.86,0.278231,4.61938,1.76374,0.366993,1,4.56378,1.86,0.321611,4.74598,1.74538,0.410163,1,4.09651,1.86,0.0899499,4.25727,1.76563,0.169784,1,3.38555,1.86,0.142578,3.48714,1.69997,0.207794,1,4.03463,1.86,0.56306,4.19435,1.73598,0.669099,1,3.62961,1.86,0.0143817,3.76616,1.79159,0.0803716,1,4.32734,1.86,0.612462,4.49657,1.76887,0.725212,1,3.93251,1.86,0.0447638,4.08506,1.75515,0.110908,1,3.78016,1.86,0.608605,3.91856,1.69767,0.723864,1,3.13658,1.86,0.665197,3.21821,1.71534,0.777631,1,3.13743,1.86,0.427541,3.22214,1.72277,0.520531,1,4.604,1.86,-0.0289569,4.79234,1.76847,0.0423827,1,3.54338,1.86,0.74184,3.65752,1.70199,0.870992,1,3.80892,1.86,0.135957,3.94027,1.71234,0.198645,1,3.25424,1.86,0.00871447,3.34868,1.73743,0.0617451,1,4.36294,1.86,0.149973,4.55029,1.73227,0.233452,1,3.25886,1.86,0.137068,3.34338,1.68856,0.203057,1,4.3004,1.86,0.470448,4.46621,1.78405,0.566411,1,3.78082,1.86,-0.00926672,3.90635,1.73588,0.0600376,1,3.51605,1.86,0.234499,3.64374,1.77263,0.309084,1,
1.13336,3.37873,3.64355,0.246421,3.50039,3.65757,0.336654,4.44141,1.86,0.675488,4.63229,1.75837,0.792151,1,4.22364,1.86,0.710121,4.39908,1.7403,0.846214,1,4.56734,1.86,0.594925,4.75771,1.72588,0.709587,1,4.19637,1.86,0.177929,4.3752,1.7471,0.251689,1,3.9059,1.86,0.718425,4.06477,1.6959,0.845415,1,4.17197,1.86,0.535983,4.34885,1.7385,0.643033,1,3.69279,1.86,0.509369,3.83106,1.67394,0.616852,1,3.87072,1.86,0.49878,4.02777,1.71348,0.603966,1,4.42439,1.86,0.469469,4.60503,1.76979,0.572194,1,3.93574,1.86,0.212506,4.0954,1.71831,0.293628,1,3.67208,1.86,0.671971,3.80561,1.68159,0.808503,1,4.21754,1.86,0.360275,4.40663,1.69798,0.456113,1,3.52832,1.86,0.095633,3.64644,1.696,0.164448,1,3.40657,1.86,0.713917,3.5157,1.71256,0.832113,1,3.25796,1.86,0.750395,3.35437,1.70535,0.874764,1,4.24294,1.86,0.0339146,4.42696,1.73905,0.102547,1,3.64053,1.86,0.214165,3.77846,1.75693,0.293329,1,3.18611,1.86,0.544489,3.28032,1.70986,0.64964,1,3.37386,1.86,0.541204,3.48411,1.72765,0.644894,1,3.54117,1.86,0.436442,3.67064,1.71631,0.53059,1,4.43955,1.86,0.0450994,4.60665,1.82174,0.126785,1,4.04713,1.86,0.434987,4.2088,1.75911,0.530485,1,3.71344,1.86,0.365785,3.85436,1.73711,0.455557,1,4.08904,1.86,0.279679,4.26189,1.71748,0.364485,1,3.39354,1.86,0.00293583,3.51979,1.7631,0.0666141,1,3.25585,1.86,0.353281,3.36242,1.73768,0.436752,1,3.54959,1.86,0.609539,3.66386,1.70528,0.74138,1,4.04641,1.86,0.71521,4.2126,1.71602,0.848276,1,4.67374,1.86,0.712494,4.88241,1.7145,0.834795,1,3.19378,1.86,0.243608,3.30083,1.76411,0.322134,1,4.62861,1.86,0.438314,4.8328,1.72924,0.533358,1,3.85006,1.86,0.338257,3.99951,1.70189,0.431419,1,4.58839,1.86,0.147206,4.76757,1.79769,0.228269,1,3.13588,1.86,0.0477947,3.25236,1.77908,0.117914,1,3.42626,1.86,0.339112,3.53423,1.68364,0.43311,1,4.44133,1.86,0.278231,4.62408,1.76372,0.368107,1,4.56378,1.86,0.321611,4.74598,1.74538,0.410163,1,4.09651,1.86,0.0899499,4.26162,1.76383,0.170233,1,3.38555,1.86,0.142578,3.49417,1.69696,0.207318,1,4.03463,1.86,0.56306,4.20104,1.73511,0.66958,1,3.62961,1.86,0.0143817,3.77298,1.78836,0.0804366,1,4.32734,1.86,0.612462,4.50542,1.76908,0.723509,1,3.93251,1.86,0.0447638,4.09287,1.75302,0.111819,1,3.78016,1.86,0.608605,3.92489,1.69487,0.725692,1,3.13658,1.86,0.665197,3.22159,1.71518,0.778052,1,3.13743,1.86,0.427541,3.22819,1.72193,0.519729,1,4.604,1.86,-0.0289569,4.79234,1.76847,0.0423827,1,3.54338,1.86,0.74184,3.66341,1.69937,0.872929,1,3.80892,1.86,0.135957,3.94027,1.71234,0.198645,1,3.25424,1.86,0.00871447,3.35479,1.73493,0.0605577,1,4.36294,1.86,0.149973,4.55693,1.7325,0.235338,1,3.25886,1.86,0.137068,3.35,1.68557,0.203968,1,4.3004,1.86,0.470448,4.47347,1.78417,0.567616,1,3.78082,1.86,-0.00926672,3.91156,1.73286,0.0605949,1,3.51605,1.86,0.234499,3.65029,1.76951,0.308196,1,
1.16669,3.37873,3.64355,0.246421,3.48493,3.6582,0.337072,4.44141,1.86,0.675488,4.63051,1.76036,0.793671,1,4.22364,1.86,0.710121,4.39611,1.74115,0.848745,1,4.56734,1.86,0.594925,4.75771,1.72588,0.709587,1,4.19637,1.86,0.177929,4.37186,1.74727,0.253822,1,3.9059,1.86,0.718425,4.06156,1.69717,0.84835,1,4.17197,1.86,0.535983,4.3477,1.73972,0.644876,1,3.69279,1.86,0.509369,3.82944,1.6745,0.619222,1,3.87072,1.86,0.49878,4.02716,1.71346,0.606046,1,4.42439,1.86,0.469469,4.6033,1.77065,0.574771,1,3.93574,1.86,0.212506,4.09519,1.71917,0.29503,1,3.67208,1.86,0.671971,3.80785,1.68276,0.810085,1,4.21754,1.86,0.360275,4.40398,1.69942,0.458157,1,3.52832,1.86,0.095633,3.64733,1.69586,0.16722,1,3.40657,1.86,0.713917,3.51661,1.71331,0.836601,1,3.25796,1.86,0.750395,3.35044,1.70532,0.8787,1,4.24294,1.86,0.0339146,4.42546,1.73955,0.105384,1,3.64053,1.86,0.214165,3.7785,1.75744,0.295467,1,3.18611,1.86,0.544489,3.27887,1.7094,0.653463,1,3.37386,1.86,0.541204,3.48324,1.72781,0.649043,1,3.54117,1.86,0.436442,3.66865,1.71656,0.534081,1,4.43955,1.86,0.0450994,4.60463,1.82099,0.12807,1,4.04713,1.86,0.434987,4.20751,1.76093,0.532327,1,3.71344,1.86,0.365785,3.85415,1.73739,0.458083,1,4.08904,1.86,0.279679,4.26047,1.71785,0.367271,1,3.39354,1.86,0.00293583,3.51985,1.76235,0.0696081,1,3.25585,1.86,0.353281,3.35928,1.73709,0.441372,1,3.54959,1.86,0.609539,3.66318,1.70547,0.742044,1,4.04641,1.86,0.71521,4.20976,1.71661,0.850921,1,4.67374,1.86,0.712494,4.88241,1.7145,0.834795,1,3.19378,1.86,0.243608,3.30037,1.76245,0.326081,1,4.62861,1.86,0.438314,4.8328,1.72924,0.533358,1,3.85006,1.86,0.338257,3.99939,1.70267,0.434162,1,4.58839,1.86,0.147206,4.76757,1.79769,0.228269,1,3.13588,1.86,0.0477947,3.24899,1.77829,0.119787,1,3.42626,1.86,0.339112,3.53363,1.68352,0.436671,1,4.44133,1.86,0.278231,4.62276,1.76269,0.370398,1,4.56378,1.86,0.321611,4.74598,1.74538,0.410163,1,4.09651,1.86,0.0899499,4.26179,1.76363,0.172924,1,3.38555,1.86,0.142578,3.49347,1.69615,0.21282,1,4.03463,1.86,0.56306,4.20028,1.73568,0.672553,1,3.62961,1.86,0.0143817,3.77307,1.78827,0.0831279,1,4.32734,1.86,0.612462,4.50002,1.77099,0.728825,1,3.93251,1.86,0.0447638,4.09213,1.75352,0.115314,1,3.78016,1.86,0.608605,3.92277,1.69542,0.727719,1,3.13658,1.86,0.665197,3.21921,1.71347,0.782018,1,3.13743,1.86,0.427541,3.22825,1.72024,0.522704,1,4.604,1.86,-0.0289569,4.79234,1.76847,0.0423827,1,3.54338,1.86,0.74184,3.66464,1.69978,0.87358,1,3.80892,1.86,0.135957,3.94027,1.71234,0.198645,1,3.25424,1.86,0.00871447,3.35703,1.73334,0.0637002,1,4.36294,1.86,0.149973,4.55509,1.73113,0.238071,1,3.25886,1.86,0.137068,3.34886,1.68459,0.20585,1,4.3004,1.86,0.470448,4.47052,1.78499,0.570222,1,3.78082,1.86,-0.00926672,3.91139,1.73349,0.0635829,1,3.51605,1.86,0.234499,3.64944,1.76952,0.308268,1,
1.20003,3.33192,3.64519,0.247586,3.45724,3.65954,0.337827,4.44141,1.86,0.675488,4.63051,1.76036,0.793671,1,4.22364,1.86,0.710121,4.38089,1.74043,0.851039,1,4.56734,1.86,0.594925,4.75771,1.72588,0.709587,1,4.19637,1.86,0.177929,4.35449,1.74717,0.256126,1,3.9059,1.86,0.718425,4.04573,1.70114,0.846198,1,4.17197,1.86,0.535983,4.33117,1.74164,0.642953,1,3.69279,1.86,0.509369,3.81377,1.68124,0.61908,1,3.87072,1.86,0.49878,4.01121,1.71826,0.605698,1,4.42439,1.86,0.469469,4.58764,1.77025,0.574333,1,3.93574,1.86,0.212506,4.07895,1.72415,0.295509,1,3.67208,1.86,0.671971,3.78793,1.68689,0.809746,1,4.21754,1.86,0.360275,4.38787,1.70406,0.457421,1,3.52832,1.86,0.095633,3.63487,1.70431,0.167661,1,3.40657,1.86,0.713917,3.50309,1.71901,0.834505,1,3.25796,1.86,0.750395,3.33345,1.71024,0.879028,1,4.24294,1.86,0.0339146,4.40896,1.74392,0.107054,1,3.64053,1.86,0.214165,3.76291,1.76213,0.296178,1,3.18611,1.86,0.544489,3.26395,1.71645,0.652543,1,3.37386,1.86,0.541204,3.46841,1.73331,0.647643,1,3.54117,1.86,0.436442,3.65084,1.72328,0.534298,1,4.43955,1.86,0.0450994,4.60463,1.82099,0.12807,1,4.04713,1.86,0.434987,4.19413,1.76566,0.531615,1,3.71344,1.86,0.365785,3.83895,1.74242,0.458292,1,4.08904,1.86,0.279679,4.24347,1.72163,0.368258,1,3.39354,1.86,0.00293583,3.50398,1.76803,0.0707204,1,3.25585,1.86,0.353281,3.34353,1.74221,0.441173,1,3.54959,1.86,0.609539,3.64876,1.70747,0.738853,1,4.04641,1.86,0.71521,4.19383,1.71804,0.85142,1,4.67374,1.86,0.712494,4.88241,1.7145,0.834795,1,3.19378,1.86,0.243608,3.28619,1.76757,0.325379,1,4.62861,1.86,0.438314,4.8328,1.72924,0.533358,1,3.85006,1.86,0.338257,3.98646,1.70995,0.433292,1,4.58839,1.86,0.147206,4.76757,1.79769,0.228269,1,3.13588,1.86,0.0477947,3.23442,1.784,0.121428,1,3.42626,1.86,0.339112,3.52108,1.69126,0.432234,1,4.44133,1.86,0.278231,4.60751,1.7645,0.370705,1,4.56378,1.86,0.321611,4.74598,1.74538,0.410163,1,4.09651,1.86,0.0899499,4.24495,1.76704,0.174331,1,3.38555,1.86,0.142578,3.47607,1.70286,0.21367,1,4.03463,1.86,0.56306,4.18272,1.73855,0.673133,1,3.62961,1.86,0.0143817,3.75514,1.79287,0.0839003,1,4.32734,1.86,0.612462,4.48695,1.77036,0.724821,1,3.93251,1.86,0.0447638,4.07452,1.75863,0.116358,1,3.78016,1.86,0.608605,3.90942,1.70126,0.729725,1,3.13658,1.86,0.665197,3.20317,1.71804,0.781569,1,3.13743,1.86,0.427541,3.20937,1.72672,0.524824,1,4.604,1.86,-0.0289569,4.79234,1.76847,0.0423827,1,3.54338,1.86,0.74184,3.64765,1.70488,0.875178,1,3.80892,1.86,0.135957,3.94027,1.71234,0.198645,1,3.25424,1.86,0.00871447,3.3464,1.74192,0.0618442,1,4.36294,1.86,0.149973,4.53837,1.73382,0.238614,1,3.25886,1.86,0.137068,3.33457,1.6916,0.208287,1,4.3004,1.86,0.470448,4.45429,1.78365,0.569983,1,3.78082,1.86,-0.00926672,3.89762,1.73254,0.0641378,1,3.51605,1.86,0.234499,3.62992,1.77342,0.30777,1,
1.23336,3.33192,3.64519,0.247586,3.44188,3.6602,0.338243,4.44141,1.86,0.675488,4.63051,1.76036,0.793671,1,4.22364,1.86,0.710121,4.38295,1.73898,0.850031,1,4.56734,1.86,0.594925,4.75771,1.72588,0.709587,1,4.19637,1.86,0.177929,4.35532,1.74827,0.254781,1,3.9059,1.86,0.718425,4.04594,1.70489,0.843799,1,4.17197,1.86,0.535983,4.33141,1.74261,0.640753,1,3.69279,1.86,0.509369,3.81427,1.68892,0.616243,1,3.87072,1.86,0.49878,4.01434,1.72572,0.603053,1,4.42439,1.86,0.469469,4.58764,1.77025,0.574333,1,3.93574,1.86,0.212506,4.07947,1.72876,0.293493,1,3.67208,1.86,0.671971,3.78588,1.6918,0.808845,1,4.21754,1.86,0.360275,4.38836,1.70728,0.455097,1,3.52832,1.86,0.095633,3.63349,1.71248,0.167051,1,3.40657,1.86,0.713917,3.50578,1.72814,0.831537,1,3.25796,1.86,0.750395,3.33345,1.71766,0.875992,1,4.24294,1.86,0.0339146,4.40916,1.74621,0.105938,1,3.64053,1.86,0.214165,3.76473,1.76937,0.295998,1,3.18611,1.86,0.544489,3.26577,1.7274,0.648063,1,3.37386,1.86,0.541204,3.46994,1.74146,0.644143,1,3.54117,1.86,0.436442,3.65131,1.73146,0.532051,1,4.43955,1.86,0.0450994,4.60463,1.82099,0.12807,1,4.04713,1.86,0.434987,4.19479,1.77059,0.527027,1,3.71344,1.86,0.365785,3.83948,1.74855,0.456213,1,4.08904,1.86,0.279679,4.24682,1.72666,0.367489,1,3.39354,1.86,0.00293583,3.5041,1.77711,0.0701413,1,3.25585,1.86,0.353281,3.34681,1.75188,0.438554,1,3.54959,1.86,0.609539,3.64965,1.71184,0.736522,1,4.04641,1.86,0.71521,4.19437,1.71838,0.849259,1,4.67374,1.86,0.712494,4.88241,1.7145,0.834795,1,3.19378,1.86,0.243608,3.28891,1.77741,0.324736,1,4.62861,1.86,0.438314,4.8328,1.72924,0.533358,1,3.85006,1.86,0.338257,3.98459,1.71491,0.43178,1,4.58839,1.86,0.147206,4.76757,1.79769,0.228269,1,3.13588,1.86,0.0477947,3.23537,1.79463,0.121331,1,3.42626,1.86,0.339112,3.52213,1.70178,0.434768,1,4.44133,1.86,0.278231,4.60751,1.7645,0.370705,1,4.56378,1.86,0.321611,4.74598,1.74538,0.410163,1,4.09651,1.86,0.0899499,4.2466,1.76931,0.17178,1,3.38555,1.86,0.142578,3.47724,1.71267,0.21266,1,4.03463,1.86,0.56306,4.18551,1.74192,0.670365,1,3.62961,1.86,0.0143817,3.75573,1.79932,0.083427,1,4.32734,1.86,0.612462,4.48902,1.77272,0.722157,1,3.93251,1.86,0.0447638,4.07366,1.7616,0.114905,1,3.78016,1.86,0.608605,3.91071,1.70752,0.724497,1,3.13658,1.86,0.665197,3.20675,1.72687,0.777261,1,3.13743,1.86,0.427541,3.2152,1.73686,0.521395,1,4.604,1.86,-0.0289569,4.79234,1.76847,0.0423827,1,3.54338,1.86,0.74184,3.6491,1.71152,0.870715,1,3.80892,1.86,0.135957,3.94027,1.71234,0.198645,1,3.25424,1.86,0.00871447,3.34903,1.75378,0.0628181,1,4.36294,1.86,0.149973,4.53975,1.73379,0.237214,1,3.25886,1.86,0.137068,3.34003,1.70401,0.20614,1,4.3004,1.86,0.470448,4.4564,1.7822,0.568799,1,3.78082,1.86,-0.00926672,3.89946,1.73334,0.0621297,1,3.51605,1.86,0.234499,3.63056,1.7803,0.306497,1,
1.26669,3.30431,3.64651,0.248159,3.43049,3.66079,0.338555,4.44141,1.86,0.675488,4.63051,1.76036,0.793671,1,4.22364,1.86,0.710121,4.38807,1.73915,0.847086,1,4.56734,1.86,0.594925,4.75771,1.72588,0.709587,1,4.19637,1.86,0.177929,4.3606,1.75232,0.253707,1,3.9059,1.86,0.718425,4.04849,1.70496,0.842283,1,4.17197,1.86,0.535983,4.33709,1.74657,0.641703,1,3.69279,1.86,0.509369,3.81742,1.6898,0.614669,1,3.87072,1.86,0.49878,4.01279,1.7263,0.602355,1,4.42439,1.86,0.469469,4.58764,1.77025,0.574333,1,3.93574,1.86,0.212506,4.08283,1.73045,0.292053,1,3.67208,1.86,0.671971,3.78936,1.69049,0.806932,1,4.21754,1.86,0.360275,4.39274,1.71238,0.453723,1,3.52832,1.86,0.095633,3.64057,1.71397,0.165455,1,3.40657,1.86,0.713917,3.50874,1.7271,0.830548,1,3.25796,1.86,0.750395,3.33583,1.7138,0.875555,1,4.24294,1.86,0.0339146,4.41111,1.74748,0.106041,1,3.64053,1.86,0.214165,3.76612,1.76819,0.293379,1,3.18611,1.86,0.544489,3.27102,1.72635,0.647406,1,3.37386,1.86,0.541204,3.47165,1.73899,0.645052,1,3.54117,1.86,0.436442,3.65527,1.73135,0.530555,1,4.43955,1.86,0.0450994,4.60463,1.82099,0.12807,1,4.04713,1.86,0.434987,4.19421,1.76833,0.528656,1,3.71344,1.86,0.365785,3.84253,1.7481,0.454836,1,4.08904,1.86,0.279679,4.25047,1.73348,0.364558,1,3.39354,1.86,0.00293583,3.50924,1.77657,0.0683252,1,3.25585,1.86,0.353281,3.34786,1.74921,0.438249,1,3.54959,1.86,0.609539,3.65426,1.70901,0.735003,1,4.04641,1.86,0.71521,4.19802,1.71735,0.847343,1,4.67374,1.86,0.712494,4.88241,1.7145,0.834795,1,3.19378,1.86,0.243608,3.2906,1.77441,0.323367,1,4.62861,1.86,0.438314,4.8328,1.72924,0.533358,1,3.85006,1.86,0.338257,3.99088,1.71589,0.431959,1,4.58839,1.86,0.147206,4.76757,1.79769,0.228269,1,3.13588,1.86,0.0477947,3.23627,1.79152,0.119044,1,3.42626,1.86,0.339112,3.52613,1.70191,0.433413,1,4.44133,1.86,0.278231,4.60751,1.7645,0.370705,1,4.56378,1.86,0.321611,4.74598,1.74538,0.410163,1,4.09651,1.86,0.0899499,4.24968,1.77141,0.171267,1,3.38555,1.86,0.142578,3.48255,1.71252,0.210396,1,4.03463,1.86,0.56306,4.18569,1.74283,0.668481,1,3.62961,1.86,0.0143817,3.755,1.79654,0.0830185,1,4.32734,1.86,0.612462,4.48928,1.77147,0.721781,1,3.93251,1.86,0.0447638,4.07337,1.7597,0.112499,1,3.78016,1.86,0.608605,3.91449,1.70814,0.722839,1,3.13658,1.86,0.665197,3.21082,1.72461,0.776774,1,3.13743,1.86,0.427541,3.21637,1.7356,0.522037,1,4.604,1.86,-0.0289569,4.79234,1.76847,0.0423827,1,3.54338,1.86,0.74184,3.65186,1.71074,0.872452,1,3.80892,1.86,0.135957,3.94027,1.71234,0.198645,1,3.25424,1.86,0.00871447,3.35036,1.75272,0.0613559,1,4.36294,1.86,0.149973,4.53988,1.73346,0.235837,1,3.25886,1.86,0.137068,3.34146,1.70365,0.20511,1,4.3004,1.86,0.470448,4.45928,1.78288,0.56662,1,3.78082,1.86,-0.00926672,3.90527,1.73032,0.0606781,1,3.51605,1.86,0.234499,3.63408,1.7785,0.306812,1,
1.30003,3.30431,3.64651,0.248159,3.41506,3.66161,0.338977,4.44141,1.86,0.675488,4.63051,1.76036,0.793671,1,4.22364,1.86,0.710121,4.38677,1.73661,0.846505,1,4.56734,1.86,0.594925,4.75771,1.72588,0.709587,1,4.19637,1.86,0.177929,4.35807,1.75222,0.253769,1,3.9059,1.86,0.718425,4.04551,1.70388,0.843358,1,4.17197,1.86,0.535983,4.33368,1.74593,0.642145,1,3.69279,1.86,0.509369,3.81806,1.69268,0.613367,1,3.87072,1.86,0.49878,4.01198,1.72467,0.602612,1,4.42439,1.86,0.469469,4.58764,1.77025,0.574333,1,3.93574,1.86,0.212506,4.08099,1.73003,0.291408,1,3.67208,1.86,0.671971,3.78791,1.69097,0.806855,1,4.21754,1.86,0.360275,4.39008,1.71245,0.453793,1,3.52832,1.86,0.095633,3.63886,1.71671,0.165597,1,3.40657,1.86,0.713917,3.50488,1.72756,0.828215,1,3.25796,1.86,0.750395,3.3344,1.71367,0.87425,1,4.24294,1.86,0.0339146,4.40992,1.74477,0.104413,1,3.64053,1.86,0.214165,3.76462,1.76825,0.291607,1,3.18611,1.86,0.544489,3.26747,1.72868,0.647159,1,3.37386,1.86,0.541204,3.47278,1.74062,0.644616,1,3.54117,1.86,0.436442,3.65371,1.73311,0.530415,1,4.43955,1.86,0.0450994,4.60463,1.82099,0.12807,1,4.04713,1.86,0.434987,4.19469,1.76351,0.530431,1,3.71344,1.86,0.365785,3.83932,1.74739,0.454814,1,4.08904,1.86,0.279679,4.24788,1.7327,0.36527,1,3.39354,1.86,0.00293583,3.50733,1.77795,0.0686843,1,3.25585,1.86,0.353281,3.34647,1.74975,0.436885,1,3.54959,1.86,0.609539,3.6542,1.7086,0.730426,1,4.04641,1.86,0.71521,4.19691,1.71522,0.847282,1,4.67374,1.86,0.712494,4.88241,1.7145,0.834795,1,3.19378,1.86,0.243608,3.29062,1.77526,0.321066,1,4.62861,1.86,0.438314,4.8328,1.72924,0.533358,1,3.85006,1.86,0.338257,3.9882,1.71697,0.429106,1,4.58839,1.86,0.147206,4.76757,1.79769,0.228269,1,3.13588,1.86,0.0477947,3.2335,1.7919,0.116553,1,3.42626,1.86,0.339112,3.52491,1.70447,0.431003,1,4.44133,1.86,0.278231,4.60751,1.7645,0.370705,1,4.56378,1.86,0.321611,4.74598,1.74538,0.410163,1,4.09651,1.86,0.0899499,4.24884,1.76899,0.171772,1,3.38555,1.86,0.142578,3.4809,1.71488,0.208503,1,4.03463,1.86,0.56306,4.1854,1.73966,0.667022,1,3.62961,1.86,0.0143817,3.75455,1.7964,0.0823975,1,4.32734,1.86,0.612462,4.49062,1.764,0.724786,1,3.93251,1.86,0.0447638,4.07027,1.75648,0.111463,1,3.78016,1.86,0.608605,3.91428,1.70973,0.723414,1,3.13658,1.86,0.665197,3.21264,1.7273,0.777121,1,3.13743,1.86,0.427541,3.2144,1.73643,0.522706,1,4.604,1.86,-0.0289569,4.79234,1.76847,0.0423827,1,3.54338,1.86,0.74184,3.65084,1.71092,0.86902,1,3.80892,1.86,0.135957,3.94027,1.71234,0.198645,1,3.25424,1.86,0.00871447,3.34543,1.75323,0.0629834,1,4.36294,1.86,0.149973,4.53966,1.72757,0.23532,1,3.25886,1.86,0.137068,3.34085,1.70616,0.204497,1,4.3004,1.86,0.470448,4.45852,1.77859,0.567893,1,3.78082,1.86,-0.00926672,3.90344,1.72717,0.059487,1,3.51605,1.86,0.234499,3.62787,1.77674,0.306003,1,
1.33336,3.27691,3.64784,0.248779,3.40349,3.66198,0.339287,4.44141,1.86,0.675488,4.63051,1.76036,0.793671,1,4.22364,1.86,0.710121,4.39768,1.72796,0.847499,1,4.56734,1.86,0.594925,4.75771,1.72588,0.709587,1,4.19637,1.86,0.177929,4.37041,1.74192,0.253799,1,3.9059,1.86,0.718425,4.05358,1.69546,0.843287,1,4.17197,1.86,0.535983,4.34445,1.7342,0.644036,1,3.69279,1.86,0.509369,3.8241,1.684,0.61316,1,3.87072,1.86,0.49878,4.02037,1.71592,0.601252,1,4.42439,1.86,0.469469,4.58764,1.77025,0.574333,1,3.93574,1.86,0.212506,4.09085,1.72173,0.290339,1,3.67208,1.86,0.671971,3.79544,1.68027,0.806803,1,4.21754,1.86,0.360275,4.40282,1.70288,0.452846,1,3.52832,1.86,0.095633,3.6454,1.70815,0.162699,1,3.40657,1.86,0.713917,3.50861,1.71922,0.828244,1,3.25796,1.86,0.750395,3.34091,1.70572,0.875396,1,4.24294,1.86,0.0339146,4.42182,1.73712,0.101847,1,3.64053,1.86,0.214165,3.77424,1.76025,0.290704,1,3.18611,1.86,0.544489,3.27564,1.71967,0.645765,1,3.37386,1.86,0.541204,3.47919,1.73175,0.64214,1,3.54117,1.86,0.436442,3.66222,1.72473,0.52965,1,4.43955,1.86,0.0450994,4.60463,1.82099,0.12807,1,4.04713,1.86,0.434987,4.20632,1.75733,0.527646,1,3.71344,1.86,0.365785,3.84865,1.73913,0.453758,1,4.08904,1.86,0.279679,4.25627,1.72138,0.364176,1,3.39354,1.86,0.00293583,3.51156,1.76791,0.0651644,1,3.25585,1.86,0.353281,3.35227,1.74134,0.435739,1,3.54959,1.86,0.609539,3.66265,1.70064,0.732164,1,4.04641,1.86,0.71521,4.207,1.70767,0.848535,1,4.67374,1.86,0.712494,4.88241,1.7145,0.834795,1,3.19378,1.86,0.243608,3.29745,1.7669,0.321363,1,4.62861,1.86,0.438314,4.8328,1.72924,0.533358,1,3.85006,1.86,0.338257,3.99718,1.70778,0.428007,1,4.58839,1.86,0.147206,4.76757,1.79769,0.228269,1,3.13588,1.86,0.0477947,3.23925,1.78361,0.115197,1,3.42626,1.86,0.339112,3.52973,1.69585,0.430708,1,4.44133,1.86,0.278231,4.60751,1.7645,0.370705,1,4.56378,1.86,0.321611,4.74598,1.74538,0.410163,1,4.09651,1.86,0.0899499,4.25891,1.76075,0.17085,1,3.38555,1.86,0.142578,3.48799,1.70658,0.20567,1,4.03463,1.86,0.56306,4.19647,1.73331,0.666724,1,3.62961,1.86,0.0143817,3.7651,1.78907,0.079269,1,4.32734,1.86,0.612462,4.50083,1.75771,0.726109,1,3.93251,1.86,0.0447638,4.07962,1.74946,0.108367,1,3.78016,1.86,0.608605,3.92275,1.70094,0.723646,1,3.13658,1.86,0.665197,3.22094,1.7184,0.774398,1,3.13743,1.86,0.427541,3.22038,1.72799,0.522556,1,4.604,1.86,-0.0289569,4.79234,1.76847,0.0423827,1,3.54338,1.86,0.74184,3.66011,1.70317,0.870312,1,3.80892,1.86,0.135957,3.94027,1.71234,0.198645,1,3.25424,1.86,0.00871447,3.35261,1.74503,0.0602762,1,4.36294,1.86,0.149973,4.54727,1.71987,0.234028,1,3.25886,1.86,0.137068,3.34976,1.69777,0.201796,1,4.3004,1.86,0.470448,4.46898,1.77048,0.566887,1,3.78082,1.86,-0.00926672,3.91499,1.71912,0.0564276,1,3.51605,1.86,0.234499,3.6356,1.76865,0.304917,1,
1.3667,3.24997,3.64941,0.249376,3.38818,3.66277,0.339706,4.44141,1.86,0.675488,4.63051,1.76036,0.793671,1,4.22364,1.86,0.710121,4.39618,1.736,0.847948,1,4.56734,1.86,0.594925,4.75771,1.72588,0.709587,1,4.19637,1.86,0.177929,4.36882,1.75079,0.253384,1,3.9059,1.86,0.718425,4.05497,1.70154,0.843648,1,4.17197,1.86,0.535983,4.34368,1.74255,0.645951,1,3.69279,1.86,0.509369,3.82956,1.68807,0.61524,1,3.87072,1.86,0.49878,4.01823,1.72066,0.603103,1,4.42439,1.86,0.469469,4.58764,1.77025,0.574333,1,3.93574,1.86,0.212506,4.09077,1.72777,0.293869,1,3.67208,1.86,0.671971,3.79413,1.68275,0.806857,1,4.21754,1.86,0.360275,4.40017,1.71196,0.45414,1,3.52832,1.86,0.095633,3.64805,1.70966,0.165579,1,3.40657,1.86,0.713917,3.51136,1.72018,0.830635,1,3.25796,1.86,0.750395,3.34604,1.705,0.877679,1,4.24294,1.86,0.0339146,4.41957,1.74633,0.104283,1,3.64053,1.86,0.214165,3.77506,1.76314,0.293224,1,3.18611,1.86,0.544489,3.27776,1.71869,0.649393,1,3.37386,1.86,0.541204,3.48092,1.73222,0.645505,1,3.54117,1.86,0.436442,3.66407,1.7268,0.532819,1,4.43955,1.86,0.0450994,4.60463,1.82099,0.12807,1,4.04713,1.86,0.434987,4.20656,1.76608,0.528525,1,3.71344,1.86,0.365785,3.85257,1.7438,0.455456,1,4.08904,1.86,0.279679,4.25669,1.72809,0.367406,1,3.39354,1.86,0.00293583,3.51702,1.7682,0.0678261,1,3.25585,1.86,0.353281,3.35441,1.74039,0.439171,1,3.54959,1.86,0.609539,3.66401,1.7032,0.737729,1,4.04641,1.86,0.71521,4.20729,1.71516,0.849838,1,4.67374,1.86,0.712494,4.88241,1.7145,0.834795,1,3.19378,1.86,0.243608,3.29868,1.76542,0.322643,1,4.62861,1.86,0.438314,4.8328,1.72924,0.533358,1,3.85006,1.86,0.338257,3.99886,1.71335,0.432026,1,4.58839,1.86,0.147206,4.76757,1.79769,0.228269,1,3.13588,1.86,0.0477947,3.23989,1.78158,0.11699,1,3.42626,1.86,0.339112,3.53271,1.69654,0.432329,1,4.44133,1.86,0.278231,4.60751,1.7645,0.370705,1,4.56378,1.86,0.321611,4.74598,1.74538,0.410163,1,4.09651,1.86,0.0899499,4.25962,1.76855,0.171164,1,3.38555,1.86,0.142578,3.49086,1.70654,0.208418,1,4.03463,1.86,0.56306,4.19552,1.74101,0.669616,1,3.62961,1.86,0.0143817,3.76678,1.79207,0.0813667,1,4.32734,1.86,0.612462,4.49833,1.76542,0.726442,1,3.93251,1.86,0.0447638,4.0822,1.75663,0.111572,1,3.78016,1.86,0.608605,3.9245,1.70557,0.726189,1,3.13658,1.86,0.665197,3.22231,1.71724,0.777369,1,3.13743,1.86,0.427541,3.22174,1.72637,0.52683,1,4.604,1.86,-0.0289569,4.79234,1.76847,0.0423827,1,3.54338,1.86,0.74184,3.66079,1.70521,0.872632,1,3.80892,1.86,0.135957,3.94027,1.71234,0.198645,1,3.25424,1.86,0.00871447,3.35652,1.7437,0.0620629,1,4.36294,1.86,0.149973,4.54727,1.71987,0.234028,1,3.25886,1.86,0.137068,3.35112,1.69646,0.205661,1,4.3004,1.86,0.470448,4.46816,1.77987,0.567576,1,3.78082,1.86,-0.00926672,3.91889,1.72444,0.0589112,1,3.51605,1.86,0.234499,3.64185,1.77078,0.305958,1,
1.40003,3.23999,3.65012,0.249375,3.37746,3.66365,0.340008,4.44141,1.86,0.675488,4.63051,1.76036,0.793671,1,4.22364,1.86,0.710121,4.39698,1.74256,0.84603,1,4.56734,1.86,0.594925,4.75771,1.72588,0.709587,1,4.19637,1.86,0.177929,4.37049,1.75832,0.253582,1,3.9059,1.86,0.718425,4.05613,1.70869,0.840987,1,4.17197,1.86,0.535983,4.34712,1.75168,0.640949,1,3.69279,1.86,0.509369,3.83109,1.69533,0.613407,1,3.87072,1.86,0.49878,4.02004,1.7272,0.601931,1,4.42439,1.86,0.469469,4.58764,1.77025,0.574333,1,3.93574,1.86,0.212506,4.09289,1.73545,0.291871,1,3.67208,1.86,0.671971,3.79993,1.68965,0.805416,1,4.21754,1.86,0.360275,4.40372,1.71919,0.453465,1,3.52832,1.86,0.095633,3.65184,1.71629,0.165056,1,3.40657,1.86,0.713917,3.51532,1.72531,0.827832,1,3.25796,1.86,0.750395,3.35113,1.70971,0.875539,1,4.24294,1.86,0.0339146,4.42104,1.75387,0.105092,1,3.64053,1.86,0.214165,3.78266,1.77066,0.294316,1,3.18611,1.86,0.544489,3.28188,1.72327,0.646801,1,3.37386,1.86,0.541204,3.48736,1.73783,0.643367,1,3.54117,1.86,0.436442,3.66679,1.73287,0.530051,1,4.43955,1.86,0.0450994,4.60463,1.82099,0.12807,1,4.04713,1.86,0.434987,4.20965,1.77459,0.530184,1,3.71344,1.86,0.365785,3.85818,1.75202,0.45389,1,4.08904,1.86,0.279679,4.25696,1.73693,0.367157,1,3.39354,1.86,0.00293583,3.52311,1.77498,0.0677443,1,3.25585,1.86,0.353281,3.35807,1.74557,0.436744,1,3.54959,1.86,0.609539,3.66811,1.70959,0.736955,1,4.04641,1.86,0.71521,4.20898,1.72284,0.848297,1,4.67374,1.86,0.712494,4.88241,1.7145,0.834795,1,3.19378,1.86,0.243608,3.30605,1.77038,0.32306,1,4.62861,1.86,0.438314,4.8328,1.72924,0.533358,1,3.85006,1.86,0.338257,4.00195,1.72145,0.431477,1,4.58839,1.86,0.147206,4.76757,1.79769,0.228269,1,3.13588,1.86,0.0477947,3.24713,1.78627,0.116111,1,3.42626,1.86,0.339112,3.53727,1.70264,0.432603,1,4.44133,1.86,0.278231,4.60751,1.7645,0.370705,1,4.56378,1.86,0.321611,4.74598,1.74538,0.410163,1,4.09651,1.86,0.0899499,4.26184,1.77807,0.173609,1,3.38555,1.86,0.142578,3.49322,1.71237,0.207636,1,4.03463,1.86,0.56306,4.19811,1.74837,0.669986,1,3.62961,1.86,0.0143817,3.77032,1.79854,0.0824068,1,4.32734,1.86,0.612462,4.49833,1.76542,0.726442,1,3.93251,1.86,0.0447638,4.08485,1.76634,0.112471,1,3.78016,1.86,0.608605,3.92623,1.71249,0.72538,1,3.13658,1.86,0.665197,3.22286,1.72186,0.776184,1,3.13743,1.86,0.427541,3.22644,1.73103,0.526265,1,4.604,1.86,-0.0289569,4.79234,1.76847,0.0423827,1,3.54338,1.86,0.74184,3.66201,1.71096,0.871773,1,3.80892,1.86,0.135957,3.94027,1.71234,0.198645,1,3.25424,1.86,0.00871447,3.36583,1.74909,0.0620325,1,4.36294,1.86,0.149973,4.54727,1.71987,0.234028,1,3.25886,1.86,0.137068,3.35829,1.70188,0.204437,1,4.3004,1.86,0.470448,4.46773,1.78906,0.566942,1,3.78082,1.86,-0.00926672,3.92367,1.73245,0.0599225,1,3.51605,1.86,0.234499,3.64785,1.77779,0.304552,1,
1.43336,3.23999,3.65012,0.249375,3.36754,3.66441,0.340287,4.44141,1.86,0.675488,4.63051,1.76036,0.793671,1,4.22364,1.86,0.710121,4.4085,1.73965,0.848007,1,4.56734,1.86,0.594925,4.75771,1.72588,0.709587,1,4.19637,1.86,0.177929,4.38061,1.75434,0.255207,1,3.9059,1.86,0.718425,4.06687,1.70615,0.841436,1,4.17197,1.86,0.535983,4.35512,1.7495,0.642549,1,3.69279,1.86,0.509369,3.84101,1.6931,0.615214,1,3.87072,1.86,0.49878,4.0307,1.7261,0.603157,1,4.42439,1.86,0.469469,4.58764,1.77025,0.574333,1,3.93574,1.86,0.212506,4.1032,1.7325,0.293613,1,3.67208,1.86,0.671971,3.80958,1.68941,0.806881,1,4.21754,1.86,0.360275,4.41401,1.71748,0.455413,1,3.52832,1.86,0.095633,3.66306,1.71586,0.166375,1,3.40657,1.86,0.713917,3.52751,1.7266,0.8299,1,3.25796,1.86,0.750395,3.36078,1.71152,0.877025,1,4.24294,1.86,0.0339146,4.43161,1.75047,0.104406,1,3.64053,1.86,0.214165,3.79032,1.76958,0.295305,1,3.18611,1.86,0.544489,3.29163,1.72527,0.649419,1,3.37386,1.86,0.541204,3.4949,1.7384,0.644074,1,3.54117,1.86,0.436442,3.67527,1.7323,0.531252,1,4.43955,1.86,0.0450994,4.60463,1.82099,0.12807,1,4.04713,1.86,0.434987,4.21921,1.77089,0.529188,1,3.71344,1.86,0.365785,3.86787,1.75019,0.455188,1,4.08904,1.86,0.279679,4.26742,1.73294,0.36837,1,3.39354,1.86,0.00293583,3.5297,1.77463,0.0696069,1,3.25585,1.86,0.353281,3.36644,1.74688,0.437812,1,3.54959,1.86,0.609539,3.67725,1.70941,0.7388,1,4.04641,1.86,0.71521,4.22061,1.72038,0.850774,1,4.67374,1.86,0.712494,4.88241,1.7145,0.834795,1,3.19378,1.86,0.243608,3.3154,1.77197,0.321883,1,4.62861,1.86,0.438314,4.8328,1.72924,0.533358,1,3.85006,1.86,0.338257,4.01087,1.71834,0.431776,1,4.58839,1.86,0.147206,4.76757,1.79769,0.228269,1,3.13588,1.86,0.0477947,3.25312,1.78815,0.117832,1,3.42626,1.86,0.339112,3.54708,1.70307,0.435111,1,4.44133,1.86,0.278231,4.60751,1.7645,0.370705,1,4.56378,1.86,0.321611,4.74598,1.74538,0.410163,1,4.09651,1.86,0.0899499,4.26968,1.77333,0.173115,1,3.38555,1.86,0.142578,3.50268,1.71282,0.208885,1,4.03463,1.86,0.56306,4.20615,1.74435,0.669077,1,3.62961,1.86,0.0143817,3.7796,1.79701,0.0823578,1,4.32734,1.86,0.612462,4.49833,1.76542,0.726442,1,3.93251,1.86,0.0447638,4.09359,1.76226,0.112482,1,3.78016,1.86,0.608605,3.93761,1.71025,0.724259,1,3.13658,1.86,0.665197,3.2326,1.72373,0.778414,1,3.13743,1.86,0.427541,3.23499,1.73299,0.527192,1,4.604,1.86,-0.0289569,4.79234,1.76847,0.0423827,1,3.54338,1.86,0.74184,3.67307,1.71092,0.871573,1,3.80892,1.86,0.135957,3.94027,1.71234,0.198645,1,3.25424,1.86,0.00871447,3.36982,1.7497,0.0654034,1,4.36294,1.86,0.149973,4.54727,1.71987,0.234028,1,3.25886,1.86,0.137068,3.36578,1.70304,0.205328,1,4.3004,1.86,0.470448,4.46773,1.78906,0.566942,1,3.78082,1.86,-0.00926672,3.93369,1.72941,0.0599252,1,3.51605,1.86,0.234499,3.65565,1.77678,0.305009,1,
1.4667,3.23999,3.65012,0.249375,3.35218,3.66539,0.340712,4.44141,1.86,0.675488,4.63051,1.76036,0.793671,1,4.22364,1.86,0.710121,4.40542,1.74203,0.850924,1,4.56734,1.86,0.594925,4.75771,1.72588,0.709587,1,4.19637,1.86,0.177929,4.38269,1.75669,0.257654,1,3.9059,1.86,0.718425,4.0657,1.70764,0.841747,1,4.17197,1.86,0.535983,4.3559,1.74815,0.642669,1,3.69279,1.86,0.509369,3.84086,1.69384,0.615101,1,3.87072,1.86,0.49878,4.02901,1.72784,0.604229,1,4.42439,1.86,0.469469,4.58764,1.77025,0.574333,1,3.93574,1.86,0.212506,4.09941,1.73269,0.293346,1,3.67208,1.86,0.671971,3.80936,1.68976,0.806661,1,4.21754,1.86,0.360275,4.41368,1.7181,0.455215,1,3.52832,1.86,0.095633,3.66406,1.71646,0.166879,1,3.40657,1.86,0.713917,3.52746,1.72716,0.830932,1,3.25796,1.86,0.750395,3.3594,1.7121,0.876905,1,4.24294,1.86,0.0339146,4.43151,1.75194,0.106595,1,3.64053,1.86,0.214165,3.78942,1.76899,0.294134,1,3.18611,1.86,0.544489,3.29154,1.72572,0.647107,1,3.37386,1.86,0.541204,3.49345,1.73881,0.644597,1,3.54117,1.86,0.436442,3.67979,1.73383,0.534668,1,4.43955,1.86,0.0450994,4.60463,1.82099,0.12807,1,4.04713,1.86,0.434987,4.21632,1.76935,0.531623,1,3.71344,1.86,0.365785,3.86608,1.74968,0.455831,1,4.08904,1.86,0.279679,4.26703,1.73531,0.370344,1,3.39354,1.86,0.00293583,3.52933,1.77518,0.0683729,1,3.25585,1.86,0.353281,3.36505,1.74741,0.436448,1,3.54959,1.86,0.609539,3.67719,1.71007,0.740032,1,4.04641,1.86,0.71521,4.21856,1.72215,0.851693,1,4.67374,1.86,0.712494,4.88241,1.7145,0.834795,1,3.19378,1.86,0.243608,3.31608,1.77267,0.32119,1,4.62861,1.86,0.438314,4.8328,1.72924,0.533358,1,3.85006,1.86,0.338257,4.01207,1.71913,0.431046,1,4.58839,1.86,0.147206,4.76757,1.79769,0.228269,1,3.13588,1.86,0.0477947,3.25337,1.7888,0.117618,1,3.42626,1.86,0.339112,3.55022,1.70367,0.433612,1,4.44133,1.86,0.278231,4.60751,1.7645,0.370705,1,4.56378,1.86,0.321611,4.74598,1.74538,0.410163,1,4.09651,1.86,0.0899499,4.27083,1.77244,0.175024,1,3.38555,1.86,0.142578,3.50383,1.71326,0.209657,1,4.03463,1.86,0.56306,4.2074,1.74486,0.670167,1,3.62961,1.86,0.0143817,3.77918,1.79724,0.0840255,1,4.32734,1.86,0.612462,4.49833,1.76542,0.726442,1,3.93251,1.86,0.0447638,4.09648,1.76314,0.114062,1,3.78016,1.86,0.608605,3.93625,1.71064,0.720596,1,3.13658,1.86,0.665197,3.23266,1.72476,0.77817,1,3.13743,1.86,0.427541,3.235,1.73374,0.525729,1,4.604,1.86,-0.0289569,4.79234,1.76847,0.0423827,1,3.54338,1.86,0.74184,3.67526,1.71148,0.870413,1,3.80892,1.86,0.135957,3.94027,1.71234,0.198645,1,3.25424,1.86,0.00871447,3.37251,1.75074,0.062757,1,4.36294,1.86,0.149973,4.54727,1.71987,0.234028,1,3.25886,1.86,0.137068,3.36677,1.70367,0.204813,1,4.3004,1.86,0.470448,4.46773,1.78906,0.566942,1,3.78082,1.86,-0.00926672,3.92972,1.72767,0.0635075,1,3.51605,1.86,0.234499,3.65378,1.77657,0.304589,1,
1.50003,3.19297,3.65314,0.250738,3.32336,3.66744,0.341516,4.44141,1.86,0.675488,4.63051,1.76036,0.793671,1,4.22364,1.86,0.710121,4.39015,1.73469,0.855466,1,4.56734,1.86,0.594925,4.75771,1.72588,0.709587,1,4.19637,1.86,0.177929,4.36355,1.75051,0.257854,1,3.9059,1.86,0.718425,4.04913,1.70168,0.844851,1,4.17197,1.86,0.535983,4.34201,1.74338,0.64667,1,3.69279,1.86,0.509369,3.8267,1.68917,0.617543,1,3.87072,1.86,0.49878,4.01345,1.7219,0.606533,1,4.42439,1.86,0.469469,4.58764,1.77025,0.574333,1,3.93574,1.86,0.212506,4.08481,1.72544,0.294478,1,3.67208,1.86,0.671971,3.79181,1.68511,0.810792,1,4.21754,1.86,0.360275,4.3974,1.70948,0.45897,1,3.52832,1.86,0.095633,3.64835,1.71148,0.167392,1,3.40657,1.86,0.713917,3.50801,1.72288,0.832832,1,3.25796,1.86,0.750395,3.34098,1.70881,0.879958,1,4.24294,1.86,0.0339146,4.41606,1.74488,0.107734,1,3.64053,1.86,0.214165,3.76936,1.76281,0.295177,1,3.18611,1.86,0.544489,3.27271,1.71939,0.650894,1,3.37386,1.86,0.541204,3.47474,1.73463,0.64631,1,3.54117,1.86,0.436442,3.66151,1.7294,0.537678,1,4.43955,1.86,0.0450994,4.60463,1.82099,0.12807,1,4.04713,1.86,0.434987,4.20035,1.761,0.533027,1,3.71344,1.86,0.365785,3.84692,1.74276,0.458089,1,4.08904,1.86,0.279679,4.25099,1.72892,0.372207,1,3.39354,1.86,0.00293583,3.51262,1.76878,0.0695987,1,3.25585,1.86,0.353281,3.34741,1.7435,0.439235,1,3.54959,1.86,0.609539,3.65703,1.70495,0.741575,1,4.04641,1.86,0.71521,4.20027,1.71285,0.852366,1,4.67374,1.86,0.712494,4.88241,1.7145,0.834795,1,3.19378,1.86,0.243608,3.29697,1.76869,0.322343,1,4.62861,1.86,0.438314,4.8328,1.72924,0.533358,1,3.85006,1.86,0.338257,3.99676,1.71417,0.434477,1,4.58839,1.86,0.147206,4.76757,1.79769,0.228269,1,3.13588,1.86,0.0477947,3.23423,1.78517,0.11745,1,3.42626,1.86,0.339112,3.53017,1.69871,0.433718,1,4.44133,1.86,0.278231,4.60751,1.7645,0.370705,1,4.56378,1.86,0.321611,4.74598,1.74538,0.410163,1,4.09651,1.86,0.0899499,4.25263,1.76601,0.175959,1,3.38555,1.86,0.142578,3.48576,1.70865,0.211212,1,4.03463,1.86,0.56306,4.19231,1.74089,0.674189,1,3.62961,1.86,0.0143817,3.76052,1.79148,0.0842153,1,4.32734,1.86,0.612462,4.49833,1.76542,0.726442,1,3.93251,1.86,0.0447638,4.07734,1.75746,0.114569,1,3.78016,1.86,0.608605,3.91749,1.70449,0.724271,1,3.13658,1.86,0.665197,3.21566,1.72104,0.779082,1,3.13743,1.86,0.427541,3.21492,1.73033,0.528122,1,4.604,1.86,-0.0289569,4.79234,1.76847,0.0423827,1,3.54338,1.86,0.74184,3.65623,1.70706,0.873552,1,3.80892,1.86,0.135957,3.94027,1.71234,0.198645,1,3.25424,1.86,0.00871447,3.35414,1.74662,0.0625361,1,4.36294,1.86,0.149973,4.54727,1.71987,0.234028,1,3.25886,1.86,0.137068,3.34598,1.69936,0.207007,1,4.3004,1.86,0.470448,4.46773,1.78906,0.566942,1,3.78082,1.86,-0.00926672,3.91445,1.72105,0.0644671,1,3.51605,1.86,0.234499,3.63778,1.77182,0.30626,1,
1.53337,3.19297,3.65314,0.250738,3.30794,3.66855,0.341947,4.44141,1.86,0.675488,4.63051,1.76036,0.793671,1,4.22364,1.86,0.710121,4.38344,1.74221,0.853565,1,4.56734,1.86,0.594925,4.75771,1.72588,0.709587,1,4.19637,1.86,0.177929,4.35912,1.75284,0.258706,1,3.9059,1.86,0.718425,4.04433,1.70573,0.844622,1,4.17197,1.86,0.535983,4.33398,1.75122,0.647847,1,3.69279,1.86,0.509369,3.82378,1.69862,0.616419,1,3.87072,1.86,0.49878,4.00763,1.72713,0.605953,1,4.42439,1.86,0.469469,4.58764,1.77025,0.574333,1,3.93574,1.86,0.212506,4.0785,1.73201,0.292781,1,3.67208,1.86,0.671971,3.79219,1.6913,0.809344,1,4.21754,1.86,0.360275,4.39065,1.7157,0.459069,1,3.52832,1.86,0.095633,3.64693,1.71963,0.168469,1,3.40657,1.86,0.713917,3.50794,1.72682,0.832639,1,3.25796,1.86,0.750395,3.33682,1.70958,0.879909,1,4.24294,1.86,0.0339146,4.41606,1.74488,0.107734,1,3.64053,1.86,0.214165,3.76762,1.7683,0.296467,1,3.18611,1.86,0.544489,3.27193,1.72297,0.650601,1,3.37386,1.86,0.541204,3.4738,1.73759,0.646931,1,3.54117,1.86,0.436442,3.65794,1.73434,0.537262,1,4.43955,1.86,0.0450994,4.60463,1.82099,0.12807,1,4.04713,1.86,0.434987,4.19576,1.76728,0.532099,1,3.71344,1.86,0.365785,3.84407,1.74883,0.457857,1,4.08904,1.86,0.279679,4.24632,1.73601,0.369011,1,3.39354,1.86,0.00293583,3.50939,1.77324,0.0704355,1,3.25585,1.86,0.353281,3.34468,1.74385,0.439296,1,3.54959,1.86,0.609539,3.65221,1.70574,0.738788,1,4.04641,1.86,0.71521,4.19756,1.71682,0.849762,1,4.67374,1.86,0.712494,4.88241,1.7145,0.834795,1,3.19378,1.86,0.243608,3.29305,1.77043,0.324438,1,4.62861,1.86,0.438314,4.8328,1.72924,0.533358,1,3.85006,1.86,0.338257,3.99328,1.72314,0.436901,1,4.58839,1.86,0.147206,4.76757,1.79769,0.228269,1,3.13588,1.86,0.0477947,3.2335,1.78488,0.117503,1,3.42626,1.86,0.339112,3.52818,1.70422,0.433499,1,4.44133,1.86,0.278231,4.60751,1.7645,0.370705,1,4.56378,1.86,0.321611,4.74598,1.74538,0.410163,1,4.09651,1.86,0.0899499,4.24684,1.76876,0.176969,1,3.38555,1.86,0.142578,3.48494,1.71377,0.211447,1,4.03463,1.86,0.56306,4.18749,1.74903,0.674071,1,3.62961,1.86,0.0143817,3.75724,1.79536,0.0855654,1,4.32734,1.86,0.612462,4.49833,1.76542,0.726442,1,3.93251,1.86,0.0447638,4.07276,1.75894,0.114949,1,3.78016,1.86,0.608605,3.91213,1.70851,0.719585,1,3.13658,1.86,0.665197,3.21284,1.72245,0.780445,1,3.13743,1.86,0.427541,3.21285,1.73009,0.528901,1,4.604,1.86,-0.0289569,4.79234,1.76847,0.0423827,1,3.54338,1.86,0.74184,3.65602,1.71228,0.87165,1,3.80892,1.86,0.135957,3.94027,1.71234,0.198645,1,3.25424,1.86,0.00871447,3.35136,1.74966,0.063508,1,4.36294,1.86,0.149973,4.54727,1.71987,0.234028,1,3.25886,1.86,0.137068,3.34596,1.70428,0.20717,1,4.3004,1.86,0.470448,4.46773,1.78906,0.566942,1,3.78082,1.86,-0.00926672,3.91108,1.72713,0.063189,1,3.51605,1.86,0.234499,3.63507,1.77608,0.305718,1,
1.5667,3.16555,3.6549,0.251412,3.29647,3.66937,0.342268,4.44141,1.86,0.675488,4.63051,1.76036,0.793671,1,4.22364,1.86,0.710121,4.39956,1.72987,0.858939,1,4.56734,1.86,0.594925,4.75771,1.72588,0.709587,1,4.19637,1.86,0.177929,4.37646,1.74153,0.253901,1,3.9059,1.86,0.718425,4.05974,1.69378,0.847556,1,4.17197,1.86,0.535983,4.3513,1.73602,0.64958,1,3.69279,1.86,0.509369,3.83382,1.68467,0.617537,1,3.87072,1.86,0.49878,4.02207,1.71352,0.606292,1,4.42439,1.86,0.469469,4.58764,1.77025,0.574333,1,3.93574,1.86,0.212506,4.09417,1.7185,0.291496,1,3.67208,1.86,0.671971,3.80451,1.67968,0.81192,1,4.21754,1.86,0.360275,4.41066,1.70379,0.458498,1,3.52832,1.86,0.095633,3.65394,1.70636,0.166367,1,3.40657,1.86,0.713917,3.51833,1.71589,0.835482,1,3.25796,1.86,0.750395,3.34606,1.69923,0.882334,1,4.24294,1.86,0.0339146,4.41606,1.74488,0.107734,1,3.64053,1.86,0.214165,3.77741,1.75575,0.295437,1,3.18611,1.86,0.544489,3.2802,1.71194,0.650177,1,3.37386,1.86,0.541204,3.48205,1.72592,0.647891,1,3.54117,1.86,0.436442,3.67203,1.72246,0.538922,1,4.43955,1.86,0.0450994,4.60463,1.82099,0.12807,1,4.04713,1.86,0.434987,4.21018,1.75456,0.532982,1,3.71344,1.86,0.365785,3.85931,1.73726,0.457647,1,4.08904,1.86,0.279679,4.26243,1.72295,0.368992,1,3.39354,1.86,0.00293583,3.51785,1.76147,0.0678719,1,3.25585,1.86,0.353281,3.35281,1.73265,0.439639,1,3.54959,1.86,0.609539,3.66424,1.69485,0.742824,1,4.04641,1.86,0.71521,4.2117,1.70561,0.852029,1,4.67374,1.86,0.712494,4.88241,1.7145,0.834795,1,3.19378,1.86,0.243608,3.29936,1.75929,0.326105,1,4.62861,1.86,0.438314,4.8328,1.72924,0.533358,1,3.85006,1.86,0.338257,4.00582,1.70938,0.441072,1,4.58839,1.86,0.147206,4.76757,1.79769,0.228269,1,3.13588,1.86,0.0477947,3.24103,1.77384,0.118987,1,3.42626,1.86,0.339112,3.53579,1.69203,0.434008,1,4.44133,1.86,0.278231,4.60751,1.7645,0.370705,1,4.56378,1.86,0.321611,4.74598,1.74538,0.410163,1,4.09651,1.86,0.0899499,4.2631,1.75674,0.173608,1,3.38555,1.86,0.142578,3.49542,1.7019,0.210571,1,4.03463,1.86,0.56306,4.20142,1.73393,0.67257,1,3.62961,1.86,0.0143817,3.76639,1.78238,0.0841753,1,4.32734,1.86,0.612462,4.49833,1.76542,0.726442,1,3.93251,1.86,0.0447638,4.0863,1.74573,0.113105,1,3.78016,1.86,0.608605,3.92731,1.69766,0.723173,1,3.13658,1.86,0.665197,3.22172,1.71233,0.78375,1,3.13743,1.86,0.427541,3.21957,1.71946,0.528995,1,4.604,1.86,-0.0289569,4.79234,1.76847,0.0423827,1,3.54338,1.86,0.74184,3.66573,1.70083,0.874886,1,3.80892,1.86,0.135957,3.94027,1.71234,0.198645,1,3.25424,1.86,0.00871447,3.35954,1.73846,0.0617022,1,4.36294,1.86,0.149973,4.54727,1.71987,0.234028,1,3.25886,1.86,0.137068,3.35771,1.69293,0.205967,1,4.3004,1.86,0.470448,4.46773,1.78906,0.566942,1,3.78082,1.86,-0.00926672,3.92467,1.71406,0.061016,1,3.51605,1.86,0.234499,3.64506,1.7635,0.304302,1,
1.60003,3.1381,3.65678,0.252091,3.28112,3.67038,0.342694,4.44141,1.86,0.675488,4.63051,1.76036,0.793671,1,4.22364,1.86,0.710121,4.39956,1.72987,0.858939,1,4.56734,1.86,0.594925,4.75771,1.72588,0.709587,1,4.19637,1.86,0.177929,4.35682,1.78067,0.256952,1,3.9059,1.86,0.718425,4.04833,1.72798,0.842086,1,4.17197,1.86,0.535983,4.33243,1.77152,0.643645,1,3.69279,1.86,0.509369,3.82594,1.71859,0.615475,1,3.87072,1.86,0.49878,4.01124,1.74748,0.603653,1,4.42439,1.86,0.469469,4.58764,1.77025,0.574333,1,3.93574,1.86,0.212506,4.0805,1.75472,0.292943,1,3.67208,1.86,0.671971,3.80163,1.71279,0.806578,1,4.21754,1.86,0.360275,4.41066,1.70379,0.458498,1,3.52832,1.86,0.095633,3.64904,1.7383,0.171822,1,3.40657,1.86,0.713917,3.51654,1.74323,0.82952,1,3.25796,1.86,0.750395,3.34751,1.72438,0.877391,1,4.24294,1.86,0.0339146,4.41606,1.74488,0.107734,1,3.64053,1.86,0.214165,3.77101,1.78684,0.297915,1,3.18611,1.86,0.544489,3.28233,1.73822,0.648033,1,3.37386,1.86,0.541204,3.48132,1.75406,0.647046,1,3.54117,1.86,0.436442,3.66733,1.75629,0.538821,1,4.43955,1.86,0.0450994,4.60463,1.82099,0.12807,1,4.04713,1.86,0.434987,4.19428,1.78861,0.53168,1,3.71344,1.86,0.365785,3.85123,1.77326,0.458089,1,4.08904,1.86,0.279679,4.24503,1.76017,0.36978,1,3.39354,1.86,0.00293583,3.5151,1.7882,0.0751535,1,3.25585,1.86,0.353281,3.35387,1.75806,0.443922,1,3.54959,1.86,0.609539,3.66132,1.72409,0.738155,1,4.04641,1.86,0.71521,4.20089,1.74175,0.846346,1,4.67374,1.86,0.712494,4.88241,1.7145,0.834795,1,3.19378,1.86,0.243608,3.29969,1.78451,0.325379,1,4.62861,1.86,0.438314,4.8328,1.72924,0.533358,1,3.85006,1.86,0.338257,3.998,1.7484,0.441203,1,4.58839,1.86,0.147206,4.76757,1.79769,0.228269,1,3.13588,1.86,0.0477947,3.24249,1.79717,0.12254,1,3.42626,1.86,0.339112,3.53402,1.72221,0.434628,1,4.44133,1.86,0.278231,4.60751,1.7645,0.370705,1,4.56378,1.86,0.321611,4.74598,1.74538,0.410163,1,4.09651,1.86,0.0899499,4.24596,1.79276,0.17939,1,3.38555,1.86,0.142578,3.49617,1.7331,0.213956,1,4.03463,1.86,0.56306,4.18677,1.76887,0.670493,1,3.62961,1.86,0.0143817,3.76013,1.81208,0.0890804,1,4.32734,1.86,0.612462,4.49833,1.76542,0.726442,1,3.93251,1.86,0.0447638,4.07382,1.77884,0.119698,1,3.78016,1.86,0.608605,3.91813,1.73196,0.718498,1,3.13658,1.86,0.665197,3.22534,1.7386,0.78046,1,3.13743,1.86,0.427541,3.22651,1.74433,0.526672,1,4.604,1.86,-0.0289569,4.79234,1.76847,0.0423827,1,3.54338,1.86,0.74184,3.66435,1.73225,0.871723,1,3.80892,1.86,0.135957,3.94027,1.71234,0.198645,1,3.25424,1.86,0.00871447,3.36037,1.76479,0.0718983,1,4.36294,1.86,0.149973,4.54727,1.71987,0.234028,1,3.25886,1.86,0.137068,3.35281,1.7203,0.211163,1,4.3004,1.86,0.470448,4.46773,1.78906,0.566942,1,3.78082,1.86,-0.00926672,3.91561,1.74779,0.0665185,1,3.51605,1.86,0.234499,3.64075,1.79323,0.3062,1,
1.63337,3.1381,3.65678,0.252091,3.27002,3.67186,0.343024,4.44141,1.86,0.675488,4.63051,1.76036,0.793671,1,4.22364,1.86,0.710121,4.39956,1.72987,0.858939,1,4.56734,1.86,0.594925,4.75771,1.72588,0.709587,1,4.19637,1.86,0.177929,4.35682,1.78067,0.256952,1,3.9059,1.86,0.718425,4.05774,1.71152,0.844829,1,4.17197,1.86,0.535983,4.34632,1.74762,0.643853,1,3.69279,1.86,0.509369,3.83346,1.70976,0.615165,1,3.87072,1.86,0.49878,4.02216,1.73256,0.605784,1,4.42439,1.86,0.469469,4.58764,1.77025,0.574333,1,3.93574,1.86,0.212506,4.09103,1.73591,0.294676,1,3.67208,1.86,0.671971,3.80941,1.70498,0.806734,1,4.21754,1.86,0.360275,4.41066,1.70379,0.458498,1,3.52832,1.86,0.095633,3.65571,1.73316,0.169957,1,3.40657,1.86,0.713917,3.51702,1.73798,0.830207,1,3.25796,1.86,0.750395,3.35301,1.72378,0.875003,1,4.24294,1.86,0.0339146,4.41606,1.74488,0.107734,1,3.64053,1.86,0.214165,3.77659,1.77581,0.298434,1,3.18611,1.86,0.544489,3.28415,1.73987,0.649478,1,3.37386,1.86,0.541204,3.48425,1.74998,0.648436,1,3.54117,1.86,0.436442,3.67169,1.74924,0.538123,1,4.43955,1.86,0.0450994,4.60463,1.82099,0.12807,1,4.04713,1.86,0.434987,4.20632,1.76749,0.533204,1,3.71344,1.86,0.365785,3.85409,1.75882,0.456968,1,4.08904,1.86,0.279679,4.2591,1.73924,0.367947,1,3.39354,1.86,0.00293583,3.51944,1.78347,0.0725214,1,3.25585,1.86,0.353281,3.35809,1.75605,0.442176,1,3.54959,1.86,0.609539,3.66616,1.71521,0.736322,1,4.04641,1.86,0.71521,4.21192,1.72654,0.847093,1,4.67374,1.86,0.712494,4.88241,1.7145,0.834795,1,3.19378,1.86,0.243608,3.30033,1.78309,0.325789,1,4.62861,1.86,0.438314,4.8328,1.72924,0.533358,1,3.85006,1.86,0.338257,4.00455,1.73691,0.441045,1,4.58839,1.86,0.147206,4.76757,1.79769,0.228269,1,3.13588,1.86,0.0477947,3.24523,1.79725,0.120384,1,3.42626,1.86,0.339112,3.54097,1.71926,0.435714,1,4.44133,1.86,0.278231,4.60751,1.7645,0.370705,1,4.56378,1.86,0.321611,4.74598,1.74538,0.410163,1,4.09651,1.86,0.0899499,4.26214,1.77394,0.175047,1,3.38555,1.86,0.142578,3.50011,1.73066,0.212797,1,4.03463,1.86,0.56306,4.19754,1.74926,0.67243,1,3.62961,1.86,0.0143817,3.76604,1.80098,0.0865631,1,4.32734,1.86,0.612462,4.49833,1.76542,0.726442,1,3.93251,1.86,0.0447638,4.0851,1.76126,0.115929,1,3.78016,1.86,0.608605,3.92439,1.71777,0.718916,1,3.13658,1.86,0.665197,3.22891,1.74143,0.779144,1,3.13743,1.86,0.427541,3.23006,1.74634,0.525749,1,4.604,1.86,-0.0289569,4.79234,1.76847,0.0423827,1,3.54338,1.86,0.74184,3.67064,1.72652,0.869489,1,3.80892,1.86,0.135957,3.94027,1.71234,0.198645,1,3.25424,1.86,0.00871447,3.36326,1.76397,0.0702944,1,4.36294,1.86,0.149973,4.54727,1.71987,0.234028,1,3.25886,1.86,0.137068,3.35633,1.72033,0.210361,1,4.3004,1.86,0.470448,4.46773,1.78906,0.566942,1,3.78082,1.86,-0.00926672,3.92436,1.73417,0.0630975,1,3.51605,1.86,0.234499,3.64531,1.78491,0.304622,1,
1.6667,3.11125,3.65858,0.252709,3.25461,3.67296,0.343454,4.44141,1.86,0.675488,4.63051,1.76036,0.793671,1,4.22364,1.86,0.710121,4.39956,1.72987,0.858939,1,4.56734,1.86,0.594925,4.75771,1.72588,0.709587,1,4.19637,1.86,0.177929,4.35682,1.78067,0.256952,1,3.9059,1.86,0.718425,4.05242,1.71984,0.843454,1,4.17197,1.86,0.535983,4.34632,1.74762,0.643853,1,3.69279,1.86,0.509369,3.82825,1.71961,0.613113,1,3.87072,1.86,0.49878,4.01652,1.74197,0.603907,1,4.42439,1.86,0.469469,4.58764,1.77025,0.574333,1,3.93574,1.86,0.212506,4.08514,1.74588,0.294848,1,3.67208,1.86,0.671971,3.80695,1.7138,0.804649,1,4.21754,1.86,0.360275,4.41066,1.70379,0.458498,1,3.52832,1.86,0.095633,3.65268,1.74266,0.170308,1,3.40657,1.86,0.713917,3.5155,1.74376,0.827661,1,3.25796,1.86,0.750395,3.35067,1.73004,0.874063,1,4.24294,1.86,0.0339146,4.41606,1.74488,0.107734,1,3.64053,1.86,0.214165,3.77394,1.78349,0.296794,1,3.18611,1.86,0.544489,3.28288,1.74608,0.647309,1,3.37386,1.86,0.541204,3.48329,1.75605,0.645025,1,3.54117,1.86,0.436442,3.6698,1.75807,0.537225,1,4.43955,1.86,0.0450994,4.60463,1.82099,0.12807,1,4.04713,1.86,0.434987,4.2012,1.7788,0.531356,1,3.71344,1.86,0.365785,3.85182,1.76619,0.456527,1,4.08904,1.86,0.279679,4.24985,1.751,0.368556,1,3.39354,1.86,0.00293583,3.51796,1.7898,0.072623,1,3.25585,1.86,0.353281,3.3551,1.76093,0.440641,1,3.54959,1.86,0.609539,3.66616,1.72303,0.735651,1,4.04641,1.86,0.71521,4.20554,1.73437,0.845174,1,4.67374,1.86,0.712494,4.88241,1.7145,0.834795,1,3.19378,1.86,0.243608,3.30312,1.78922,0.322742,1,4.62861,1.86,0.438314,4.8328,1.72924,0.533358,1,3.85006,1.86,0.338257,4.00015,1.74501,0.440674,1,4.58839,1.86,0.147206,4.76757,1.79769,0.228269,1,3.13588,1.86,0.0477947,3.24384,1.8021,0.119982,1,3.42626,1.86,0.339112,3.53497,1.72599,0.434384,1,4.44133,1.86,0.278231,4.60751,1.7645,0.370705,1,4.56378,1.86,0.321611,4.74598,1.74538,0.410163,1,4.09651,1.86,0.0899499,4.25312,1.78847,0.175695,1,3.38555,1.86,0.142578,3.49949,1.73925,0.213997,1,4.03463,1.86,0.56306,4.1923,1.75994,0.669387,1,3.62961,1.86,0.0143817,3.76504,1.80919,0.0862371,1,4.32734,1.86,0.612462,4.49833,1.76542,0.726442,1,3.93251,1.86,0.0447638,4.079,1.77132,0.115994,1,3.78016,1.86,0.608605,3.92277,1.72724,0.717005,1,3.13658,1.86,0.665197,3.22447,1.74683,0.775353,1,3.13743,1.86,0.427541,3.23008,1.75236,0.520513,1,4.604,1.86,-0.0289569,4.79234,1.76847,0.0423827,1,3.54338,1.86,0.74184,3.66712,1.73353,0.865645,1,3.80892,1.86,0.135957,3.94027,1.71234,0.198645,1,3.25424,1.86,0.00871447,3.35929,1.77015,0.068198,1,4.36294,1.86,0.149973,4.54727,1.71987,0.234028,1,3.25886,1.86,0.137068,3.35713,1.72819,0.208711,1,4.3004,1.86,0.470448,4.46773,1.78906,0.566942,1,3.78082,1.86,-0.00926672,3.92312,1.74527,0.065196,1,3.51605,1.86,0.234499,3.64386,1.7921,0.304768,1,
1.70004,3.1009,3.65935,0.252654,3.24433,3.67331,0.34373,4.44141,1.86,0.675488,4.63051,1.76036,0.793671,1,4.22364,1.86,0.710121,4.39956,1.72987,0.858939,1,4.56734,1.86,0.594925,4.75771,1.72588,0.709587,1,4.19637,1.86,0.177929,4.35682,1.78067,0.256952,1,3.9059,1.86,0.718425,4.06366,1.71419,0.842026,1,4.17197,1.86,0.535983,4.34632,1.74762,0.643853,1,3.69279,1.86,0.509369,3.83828,1.71772,0.611058,1,3.87072,1.86,0.49878,4.0317,1.73846,0.601821,1,4.42439,1.86,0.469469,4.58764,1.77025,0.574333,1,3.93574,1.86,0.212506,4.09763,1.73894,0.292165,1,3.67208,1.86,0.671971,3.81687,1.71229,0.804038,1,4.21754,1.86,0.360275,4.41066,1.70379,0.458498,1,3.52832,1.86,0.095633,3.66131,1.73921,0.167285,1,3.40657,1.86,0.713917,3.52699,1.74343,0.825587,1,3.25796,1.86,0.750395,3.36118,1.72935,0.869244,1,4.24294,1.86,0.0339146,4.41606,1.74488,0.107734,1,3.64053,1.86,0.214165,3.78393,1.77967,0.295181,1,3.18611,1.86,0.544489,3.29324,1.7465,0.644077,1,3.37386,1.86,0.541204,3.49097,1.75292,0.641747,1,3.54117,1.86,0.436442,3.68182,1.75892,0.532983,1,4.43955,1.86,0.0450994,4.60463,1.82099,0.12807,1,4.04713,1.86,0.434987,4.21429,1.77235,0.529789,1,3.71344,1.86,0.365785,3.86241,1.76492,0.454092,1,4.08904,1.86,0.279679,4.2647,1.74116,0.365102,1,3.39354,1.86,0.00293583,3.52746,1.78942,0.0699308,1,3.25585,1.86,0.353281,3.36453,1.75982,0.438351,1,3.54959,1.86,0.609539,3.67604,1.71988,0.735736,1,4.04641,1.86,0.71521,4.22104,1.72599,0.844674,1,4.67374,1.86,0.712494,4.88241,1.7145,0.834795,1,3.19378,1.86,0.243608,3.31045,1.7884,0.322858,1,4.62861,1.86,0.438314,4.8328,1.72924,0.533358,1,3.85006,1.86,0.338257,4.01136,1.73902,0.438056,1,4.58839,1.86,0.147206,4.76757,1.79769,0.228269,1,3.13588,1.86,0.0477947,3.2511,1.80063,0.120283,1,3.42626,1.86,0.339112,3.54802,1.7266,0.430951,1,4.44133,1.86,0.278231,4.60751,1.7645,0.370705,1,4.56378,1.86,0.321611,4.74598,1.74538,0.410163,1,4.09651,1.86,0.0899499,4.26737,1.77692,0.172551,1,3.38555,1.86,0.142578,3.50429,1.7389,0.209769,1,4.03463,1.86,0.56306,4.20419,1.7532,0.668631,1,3.62961,1.86,0.0143817,3.7752,1.80608,0.0835925,1,4.32734,1.86,0.612462,4.49833,1.76542,0.726442,1,3.93251,1.86,0.0447638,4.09413,1.76539,0.113961,1,3.78016,1.86,0.608605,3.93328,1.72554,0.713867,1,3.13658,1.86,0.665197,3.23322,1.7464,0.77365,1,3.13743,1.86,0.427541,3.23958,1.75264,0.517691,1,4.604,1.86,-0.0289569,4.79234,1.76847,0.0423827,1,3.54338,1.86,0.74184,3.67496,1.73149,0.86259,1,3.80892,1.86,0.135957,3.94027,1.71234,0.198645,1,3.25424,1.86,0.00871447,3.37119,1.77006,0.0712084,1,4.36294,1.86,0.149973,4.54727,1.71987,0.234028,1,3.25886,1.86,0.137068,3.36643,1.72922,0.207614,1,4.3004,1.86,0.470448,4.46773,1.78906,0.566942,1,3.78082,1.86,-0.00926672,3.93642,1.74221,0.0609971,1,3.51605,1.86,0.234499,3.65188,1.78859,0.306211,1,
1.73337,3.1009,3.65935,0.252654,3.23424,3.67385,0.344007,4.44141,1.86,0.675488,4.63051,1.76036,0.793671,1,4.22364,1.86,0.710121,4.39956,1.72987,0.858939,1,4.56734,1.86,0.594925,4.75771,1.72588,0.709587,1,4.19637,1.86,0.177929,4.35682,1.78067,0.256952,1,3.9059,1.86,0.718425,4.06964,1.72043,0.841458,1,4.17197,1.86,0.535983,4.34632,1.74762,0.643853,1,3.69279,1.86,0.509369,3.84368,1.72192,0.611592,1,3.87072,1.86,0.49878,4.03529,1.74669,0.600474,1,4.42439,1.86,0.469469,4.58764,1.77025,0.574333,1,3.93574,1.86,0.212506,4.10213,1.74593,0.290021,1,3.67208,1.86,0.671971,3.82129,1.71433,0.801809,1,4.21754,1.86,0.360275,4.41066,1.70379,0.458498,1,3.52832,1.86,0.095633,3.66821,1.74134,0.168667,1,3.40657,1.86,0.713917,3.53302,1.74454,0.825256,1,3.25796,1.86,0.750395,3.3676,1.73003,0.871156,1,4.24294,1.86,0.0339146,4.41606,1.74488,0.107734,1,3.64053,1.86,0.214165,3.79023,1.78299,0.295075,1,3.18611,1.86,0.544489,3.30287,1.7467,0.645461,1,3.37386,1.86,0.541204,3.49877,1.75397,0.641589,1,3.54117,1.86,0.436442,3.68932,1.76253,0.533819,1,4.43955,1.86,0.0450994,4.60463,1.82099,0.12807,1,4.04713,1.86,0.434987,4.2176,1.77996,0.528828,1,3.71344,1.86,0.365785,3.87083,1.77048,0.455193,1,4.08904,1.86,0.279679,4.26836,1.75156,0.366733,1,3.39354,1.86,0.00293583,3.53513,1.79064,0.0717292,1,3.25585,1.86,0.353281,3.37258,1.76022,0.440123,1,3.54959,1.86,0.609539,3.68332,1.72184,0.735668,1,4.04641,1.86,0.71521,4.22746,1.73576,0.842266,1,4.67374,1.86,0.712494,4.88241,1.7145,0.834795,1,3.19378,1.86,0.243608,3.31758,1.78846,0.321231,1,4.62861,1.86,0.438314,4.8328,1.72924,0.533358,1,3.85006,1.86,0.338257,4.01591,1.74401,0.436338,1,4.58839,1.86,0.147206,4.76757,1.79769,0.228269,1,3.13588,1.86,0.0477947,3.25985,1.80057,0.119038,1,3.42626,1.86,0.339112,3.55149,1.72802,0.432418,1,4.44133,1.86,0.278231,4.60751,1.7645,0.370705,1,4.56378,1.86,0.321611,4.74598,1.74538,0.410163,1,4.09651,1.86,0.0899499,4.26972,1.78419,0.173064,1,3.38555,1.86,0.142578,3.51284,1.74018,0.211036,1,4.03463,1.86,0.56306,4.20912,1.7601,0.666171,1,3.62961,1.86,0.0143817,3.77885,1.80818,0.0851219,1,4.32734,1.86,0.612462,4.49833,1.76542,0.726442,1,3.93251,1.86,0.0447638,4.09817,1.77399,0.11682,1,3.78016,1.86,0.608605,3.93601,1.72931,0.714681,1,3.13658,1.86,0.665197,3.24064,1.74632,0.774695,1,3.13743,1.86,0.427541,3.24599,1.75258,0.520331,1,4.604,1.86,-0.0289569,4.79234,1.76847,0.0423827,1,3.54338,1.86,0.74184,3.68206,1.73451,0.864992,1,3.80892,1.86,0.135957,3.94027,1.71234,0.198645,1,3.25424,1.86,0.00871447,3.37972,1.77042,0.0713571,1,4.36294,1.86,0.149973,4.54727,1.71987,0.234028,1,3.25886,1.86,0.137068,3.37669,1.72975,0.2073,1,4.3004,1.86,0.470448,4.46773,1.78906,0.566942,1,3.78082,1.86,-0.00926672,3.94305,1.7477,0.062986,1,3.51605,1.86,0.234499,3.66001,1.79084,0.304216,1,
1.7667,3.1009,3.65935,0.252654,3.21884,3.67489,0.344435,4.44141,1.86,0.675488,4.63051,1.76036,0.793671,1,4.22364,1.86,0.710121,4.39956,1.72987,0.858939,1,4.56734,1.86,0.594925,4.75771,1.72588,0.709587,1,4.19637,1.86,0.177929,4.35682,1.78067,0.256952,1,3.9059,1.86,0.718425,4.07217,1.72215,0.838852,1,4.17197,1.86,0.535983,4.34632,1.74762,0.643853,1,3.69279,1.86,0.509369,3.8475,1.72313,0.608404,1,3.87072,1.86,0.49878,4.04105,1.74603,0.598011,1,4.42439,1.86,0.469469,4.58764,1.77025,0.574333,1,3.93574,1.86,0.212506,4.10367,1.74745,0.287161,1,3.67208,1.86,0.671971,3.82746,1.71539,0.798866,1,4.21754,1.86,0.360275,4.41066,1.70379,0.458498,1,3.52832,1.86,0.095633,3.67181,1.74281,0.166586,1,3.40657,1.86,0.713917,3.53444,1.74441,0.824273,1,3.25796,1.86,0.750395,3.36967,1.7293,0.869206,1,4.24294,1.86,0.0339146,4.41606,1.74488,0.107734,1,3.64053,1.86,0.214165,3.79128,1.78386,0.293728,1,3.18611,1.86,0.544489,3.30926,1.74637,0.645392,1,3.37386,1.86,0.541204,3.503,1.75453,0.64121,1,3.54117,1.86,0.436442,3.69182,1.7626,0.531807,1,4.43955,1.86,0.0450994,4.60463,1.82099,0.12807,1,4.04713,1.86,0.434987,4.21899,1.77958,0.527407,1,3.71344,1.86,0.365785,3.87152,1.77225,0.452382,1,4.08904,1.86,0.279679,4.27288,1.75461,0.364821,1,3.39354,1.86,0.00293583,3.53515,1.79109,0.0694287,1,3.25585,1.86,0.353281,3.3759,1.75999,0.436619,1,3.54959,1.86,0.609539,3.6872,1.72235,0.732668,1,4.04641,1.86,0.71521,4.23025,1.73782,0.838906,1,4.67374,1.86,0.712494,4.88241,1.7145,0.834795,1,3.19378,1.86,0.243608,3.31828,1.78803,0.32208,1,4.62861,1.86,0.438314,4.8328,1.72924,0.533358,1,3.85006,1.86,0.338257,4.01868,1.7452,0.432812,1,4.58839,1.86,0.147206,4.76757,1.79769,0.228269,1,3.13588,1.86,0.0477947,3.26182,1.80024,0.116929,1,3.42626,1.86,0.339112,3.55279,1.72776,0.429443,1,4.44133,1.86,0.278231,4.60751,1.7645,0.370705,1,4.56378,1.86,0.321611,4.74598,1.74538,0.410163,1,4.09651,1.86,0.0899499,4.2719,1.78375,0.172321,1,3.38555,1.86,0.142578,3.51729,1.74114,0.211044,1,4.03463,1.86,0.56306,4.21164,1.76258,0.664392,1,3.62961,1.86,0.0143817,3.77998,1.80809,0.0835227,1,4.32734,1.86,0.612462,4.49833,1.76542,0.726442,1,3.93251,1.86,0.0447638,4.10076,1.77397,0.114097,1,3.78016,1.86,0.608605,3.94072,1.72909,0.711473,1,3.13658,1.86,0.665197,3.24472,1.74468,0.770247,1,3.13743,1.86,0.427541,3.24997,1.75166,0.516962,1,4.604,1.86,-0.0289569,4.79234,1.76847,0.0423827,1,3.54338,1.86,0.74184,3.684,1.7346,0.861495,1,3.80892,1.86,0.135957,3.94027,1.71234,0.198645,1,3.25424,1.86,0.00871447,3.37953,1.77096,0.0654132,1,4.36294,1.86,0.149973,4.54727,1.71987,0.234028,1,3.25886,1.86,0.137068,3.37581,1.72945,0.205513,1,4.3004,1.86,0.470448,4.46773,1.78906,0.566942,1,3.78082,1.86,-0.00926672,3.94683,1.74813,0.0602509,1,3.51605,1.86,0.234499,3.6629,1.79242,0.302162,1,
1.80004,3.05394,3.66273,0.254044,3.18916,3.67658,0.345251,4.44141,1.86,0.675488,4.63051,1.76036,0.793671,1,4.22364,1.86,0.710121,4.39956,1.72987,0.858939,1,4.56734,1.86,0.594925,4.75771,1.72588,0.709587,1,4.19637,1.86,0.177929,4.35682,1.78067,0.256952,1,3.9059,1.86,0.718425,4.05687,1.71579,0.840062,1,4.17197,1.86,0.535983,4.34632,1.74762,0.643853,1,3.69279,1.86,0.509369,3.82978,1.71606,0.610253,1,3.87072,1.86,0.49878,4.02598,1.74155,0.5986,1,4.42439,1.86,0.469469,4.58764,1.77025,0.574333,1,3.93574,1.86,0.212506,4.08907,1.74124,0.287419,1,3.67208,1.86,0.671971,3.81192,1.70988,0.800497,1,4.21754,1.86,0.360275,4.41066,1.70379,0.458498,1,3.52832,1.86,0.095633,3.65439,1.73476,0.165784,1,3.40657,1.86,0.713917,3.52059,1.73677,0.82543,1,3.25796,1.86,0.750395,3.35179,1.72131,0.870593,1,4.24294,1.86,0.0339146,4.41606,1.74488,0.107734,1,3.64053,1.86,0.214165,3.77713,1.77623,0.291196,1,3.18611,1.86,0.544489,3.29186,1.73814,0.646536,1,3.37386,1.86,0.541204,3.48557,1.74602,0.640776,1,3.54117,1.86,0.436442,3.68009,1.75499,0.53236,1,4.43955,1.86,0.0450994,4.60463,1.82099,0.12807,1,4.04713,1.86,0.434987,4.20429,1.77296,0.527271,1,3.71344,1.86,0.365785,3.85798,1.7635,0.452593,1,4.08904,1.86,0.279679,4.25799,1.75283,0.364052,1,3.39354,1.86,0.00293583,3.52058,1.78317,0.0677257,1,3.25585,1.86,0.353281,3.35817,1.75169,0.437527,1,3.54959,1.86,0.609539,3.67378,1.71512,0.733749,1,4.04641,1.86,0.71521,4.21465,1.73035,0.840406,1,4.67374,1.86,0.712494,4.88241,1.7145,0.834795,1,3.19378,1.86,0.243608,3.3025,1.77994,0.32287,1,4.62861,1.86,0.438314,4.8328,1.72924,0.533358,1,3.85006,1.86,0.338257,4.00195,1.73897,0.434227,1,4.58839,1.86,0.147206,4.76757,1.79769,0.228269,1,3.13588,1.86,0.0477947,3.24431,1.79232,0.115907,1,3.42626,1.86,0.339112,3.5409,1.72045,0.430579,1,4.44133,1.86,0.278231,4.60751,1.7645,0.370705,1,4.56378,1.86,0.321611,4.74598,1.74538,0.410163,1,4.09651,1.86,0.0899499,4.2719,1.78375,0.172321,1,3.38555,1.86,0.142578,3.49957,1.73297,0.207678,1,4.03463,1.86,0.56306,4.19557,1.75675,0.665652,1,3.62961,1.86,0.0143817,3.7644,1.80084,0.082329,1,4.32734,1.86,0.612462,4.49833,1.76542,0.726442,1,3.93251,1.86,0.0447638,4.08611,1.76731,0.112125,1,3.78016,1.86,0.608605,3.92761,1.7244,0.709,1,3.13658,1.86,0.665197,3.22244,1.73677,0.771554,1,3.13743,1.86,0.427541,3.23538,1.74351,0.516309,1,4.604,1.86,-0.0289569,4.79234,1.76847,0.0423827,1,3.54338,1.86,0.74184,3.66931,1.72716,0.863174,1,3.80892,1.86,0.135957,3.94027,1.71234,0.198645,1,3.25424,1.86,0.00871447,3.36277,1.76321,0.0624824,1,4.36294,1.86,0.149973,4.54727,1.71987,0.234028,1,3.25886,1.86,0.137068,3.36065,1.72123,0.205815,1,4.3004,1.86,0.470448,4.46773,1.78906,0.566942,1,3.78082,1.86,-0.00926672,3.93288,1.74096,0.0590059,1,3.51605,1.86,0.234499,3.64424,1.78387,0.299479,1,
1.83337,3.05394,3.66273,0.254044,3.17378,3.67771,0.345681,4.44141,1.86,0.675488,4.63051,1.76036,0.793671,1,4.22364,1.86,0.710121,4.39956,1.72987,0.858939,1,4.56734,1.86,0.594925,4.75771,1.72588,0.709587,1,4.19637,1.86,0.177929,4.35682,1.78067,0.256952,1,3.9059,1.86,0.718425,4.05796,1.72351,0.835888,1,4.17197,1.86,0.535983,4.34632,1.74762,0.643853,1,3.69279,1.86,0.509369,3.83563,1.72433,0.607436,1,3.87072,1.86,0.49878,4.02716,1.74772,0.596309,1,4.42439,1.86,0.469469,4.58764,1.77025,0.574333,1,3.93574,1.86,0.212506,4.08918,1.75059,0.285567,1,3.67208,1.86,0.671971,3.81228,1.71584,0.798081,1,4.21754,1.86,0.360275,4.41066,1.70379,0.458498,1,3.52832,1.86,0.095633,3.65825,1.74255,0.165408,1,3.40657,1.86,0.713917,3.52093,1.7431,0.823461,1,3.25796,1.86,0.750395,3.3554,1.7267,0.868952,1,4.24294,1.86,0.0339146,4.41606,1.74488,0.107734,1,3.64053,1.86,0.214165,3.77754,1.78529,0.290228,1,3.18611,1.86,0.544489,3.2948,1.74305,0.644619,1,3.37386,1.86,0.541204,3.48891,1.75254,0.639532,1,3.54117,1.86,0.436442,3.68392,1.76386,0.531301,1,4.43955,1.86,0.0450994,4.60463,1.82099,0.12807,1,4.04713,1.86,0.434987,4.20553,1.78403,0.526028,1,3.71344,1.86,0.365785,3.85439,1.77077,0.450622,1,4.08904,1.86,0.279679,4.25799,1.75283,0.364052,1,3.39354,1.86,0.00293583,3.52127,1.7903,0.0681215,1,3.25585,1.86,0.353281,3.36167,1.75755,0.437119,1,3.54959,1.86,0.609539,3.6747,1.72205,0.730897,1,4.04641,1.86,0.71521,4.21585,1.73528,0.834996,1,4.67374,1.86,0.712494,4.88241,1.7145,0.834795,1,3.19378,1.86,0.243608,3.30516,1.78536,0.321469,1,4.62861,1.86,0.438314,4.8328,1.72924,0.533358,1,3.85006,1.86,0.338257,4.00214,1.7462,0.43312,1,4.58839,1.86,0.147206,4.76757,1.79769,0.228269,1,3.13588,1.86,0.0477947,3.24532,1.7975,0.113386,1,3.42626,1.86,0.339112,3.54351,1.72813,0.428739,1,4.44133,1.86,0.278231,4.60751,1.7645,0.370705,1,4.56378,1.86,0.321611,4.74598,1.74538,0.410163,1,4.09651,1.86,0.0899499,4.2719,1.78375,0.172321,1,3.38555,1.86,0.142578,3.49941,1.73935,0.206785,1,4.03463,1.86,0.56306,4.19668,1.76455,0.664297,1,3.62961,1.86,0.0143817,3.767,1.81026,0.0824036,1,4.32734,1.86,0.612462,4.49833,1.76542,0.726442,1,3.93251,1.86,0.0447638,4.08257,1.77433,0.110814,1,3.78016,1.86,0.608605,3.93107,1.73411,0.701558,1,3.13658,1.86,0.665197,3.22643,1.74118,0.770408,1,3.13743,1.86,0.427541,3.23866,1.74804,0.514362,1,4.604,1.86,-0.0289569,4.79234,1.76847,0.0423827,1,3.54338,1.86,0.74184,3.67335,1.73532,0.861577,1,3.80892,1.86,0.135957,3.94027,1.71234,0.198645,1,3.25424,1.86,0.00871447,3.36611,1.7691,0.0639425,1,4.36294,1.86,0.149973,4.54727,1.71987,0.234028,1,3.25886,1.86,0.137068,3.36429,1.7274,0.204406,1,4.3004,1.86,0.470448,4.46773,1.78906,0.566942,1,3.78082,1.86,-0.00926672,3.93331,1.7484,0.0592881,1,3.51605,1.86,0.234499,3.6457,1.79104,0.297566,1,
1.86671,3.02635,3.66502,0.254684,3.16186,3.67886,0.346023,4.44141,1.86,0.675488,4.63051,1.76036,0.793671,1,4.22364,1.86,0.710121,4.39956,1.72987,0.858939,1,4.56734,1.86,0.594925,4.75771,1.72588,0.709587,1,4.19637,1.86,0.177929,4.35682,1.78067,0.256952,1,3.9059,1.86,0.718425,4.05837,1.72329,0.837064,1,4.17197,1.86,0.535983,4.34632,1.74762,0.643853,1,3.69279,1.86,0.509369,3.83233,1.72675,0.608746,1,3.87072,1.86,0.49878,4.02697,1.7473,0.598169,1,4.42439,1.86,0.469469,4.58764,1.77025,0.574333,1,3.93574,1.86,0.212506,4.09234,1.74998,0.286804,1,3.67208,1.86,0.671971,3.81324,1.71623,0.798486,1,4.21754,1.86,0.360275,4.41066,1.70379,0.458498,1,3.52832,1.86,0.095633,3.65919,1.7416,0.166363,1,3.40657,1.86,0.713917,3.5223,1.74264,0.823765,1,3.25796,1.86,0.750395,3.35777,1.7278,0.870302,1,4.24294,1.86,0.0339146,4.41606,1.74488,0.107734,1,3.64053,1.86,0.214165,3.77873,1.78294,0.292252,1,3.18611,1.86,0.544489,3.29289,1.74455,0.643015,1,3.37386,1.86,0.541204,3.49013,1.75166,0.640611,1,3.54117,1.86,0.436442,3.68493,1.76698,0.532221,1,4.43955,1.86,0.0450994,4.60463,1.82099,0.12807,1,4.04713,1.86,0.434987,4.20304,1.78346,0.526248,1,3.71344,1.86,0.365785,3.8565,1.76797,0.451928,1,4.08904,1.86,0.279679,4.25799,1.75283,0.364052,1,3.39354,1.86,0.00293583,3.52299,1.78972,0.0697454,1,3.25585,1.86,0.353281,3.36799,1.75898,0.436082,1,3.54959,1.86,0.609539,3.67759,1.72071,0.734374,1,4.04641,1.86,0.71521,4.21654,1.73442,0.837603,1,4.67374,1.86,0.712494,4.88241,1.7145,0.834795,1,3.19378,1.86,0.243608,3.30664,1.78517,0.320548,1,4.62861,1.86,0.438314,4.8328,1.72924,0.533358,1,3.85006,1.86,0.338257,4.00433,1.74501,0.435748,1,4.58839,1.86,0.147206,4.76757,1.79769,0.228269,1,3.13588,1.86,0.0477947,3.24856,1.79689,0.115968,1,3.42626,1.86,0.339112,3.54479,1.72881,0.430476,1,4.44133,1.86,0.278231,4.60751,1.7645,0.370705,1,4.56378,1.86,0.321611,4.74598,1.74538,0.410163,1,4.09651,1.86,0.0899499,4.2719,1.78375,0.172321,1,3.38555,1.86,0.142578,3.50326,1.74032,0.209857,1,4.03463,1.86,0.56306,4.19774,1.76368,0.663337,1,3.62961,1.86,0.0143817,3.76834,1.80974,0.0826618,1,4.32734,1.86,0.612462,4.49833,1.76542,0.726442,1,3.93251,1.86,0.0447638,4.08675,1.77034,0.112336,1,3.78016,1.86,0.608605,3.93179,1.73503,0.70457,1,3.13658,1.86,0.665197,3.22797,1.7416,0.772294,1,3.13743,1.86,0.427541,3.24126,1.75048,0.516948,1,4.604,1.86,-0.0289569,4.79234,1.76847,0.0423827,1,3.54338,1.86,0.74184,3.67043,1.73563,0.864798,1,3.80892,1.86,0.135957,3.94027,1.71234,0.198645,1,3.25424,1.86,0.00871447,3.3708,1.76857,0.0647807,1,4.36294,1.86,0.149973,4.54727,1.71987,0.234028,1,3.25886,1.86,0.137068,3.3663,1.72926,0.206859,1,4.3004,1.86,0.470448,4.46773,1.78906,0.566942,1,3.78082,1.86,-0.00926672,3.93553,1.74542,0.0595746,1,3.51605,1.86,0.234499,3.64819,1.79009,0.298624,1,
1.90004,2.9987,3.66721,0.255306,3.14649,3.68014,0.346457,4.44141,1.86,0.675488,4.63051,1.76036,0.793671,1,4.22364,1.86,0.710121,4.39956,1.72987,0.858939,1,4.56734,1.86,0.594925,4.75771,1.72588,0.709587,1,4.19637,1.86,0.177929,4.35682,1.78067,0.256952,1,3.9059,1.86,0.718425,4.06113,1.71189,0.840033,1,4.17197,1.86,0.535983,4.34632,1.74762,0.643853,1,3.69279,1.86,0.509369,3.83424,1.71388,0.610569,1,3.87072,1.86,0.49878,4.02951,1.73473,0.599252,1,4.42439,1.86,0.469469,4.58764,1.77025,0.574333,1,3.93574,1.86,0.212506,4.09667,1.73993,0.285836,1,3.67208,1.86,0.671971,3.81428,1.70738,0.799922,1,4.21754,1.86,0.360275,4.41066,1.70379,0.458498,1,3.52832,1.86,0.095633,3.66243,1.73285,0.166711,1,3.40657,1.86,0.713917,3.51944,1.7359,0.826955,1,3.25796,1.86,0.750395,3.35307,1.72121,0.870112,1,4.24294,1.86,0.0339146,4.41606,1.74488,0.107734,1,3.64053,1.86,0.214165,3.77945,1.77322,0.29338,1,3.18611,1.86,0.544489,3.28932,1.73904,0.644923,1,3.37386,1.86,0.541204,3.48879,1.74453,0.643155,1,3.54117,1.86,0.436442,3.68638,1.75738,0.534539,1,4.43955,1.86,0.0450994,4.60463,1.82099,0.12807,1,4.04713,1.86,0.434987,4.20304,1.78346,0.526248,1,3.71344,1.86,0.365785,3.85849,1.76045,0.453747,1,4.08904,1.86,0.279679,4.25799,1.75283,0.364052,1,3.39354,1.86,0.00293583,3.5209,1.78175,0.0678564,1,3.25585,1.86,0.353281,3.36607,1.75252,0.436465,1,3.54959,1.86,0.609539,3.67247,1.71055,0.732766,1,4.04641,1.86,0.71521,4.22214,1.72279,0.843265,1,4.67374,1.86,0.712494,4.88241,1.7145,0.834795,1,3.19378,1.86,0.243608,3.30722,1.77927,0.323179,1,4.62861,1.86,0.438314,4.8328,1.72924,0.533358,1,3.85006,1.86,0.338257,4.00509,1.73465,0.436347,1,4.58839,1.86,0.147206,4.76757,1.79769,0.228269,1,3.13588,1.86,0.0477947,3.24794,1.79138,0.114947,1,3.42626,1.86,0.339112,3.54119,1.72026,0.431331,1,4.44133,1.86,0.278231,4.60751,1.7645,0.370705,1,4.56378,1.86,0.321611,4.74598,1.74538,0.410163,1,4.09651,1.86,0.0899499,4.2719,1.78375,0.172321,1,3.38555,1.86,0.142578,3.50056,1.73314,0.209446,1,4.03463,1.86,0.56306,4.20058,1.75102,0.666514,1,3.62961,1.86,0.0143817,3.76807,1.79898,0.0837458,1,4.32734,1.86,0.612462,4.49833,1.76542,0.726442,1,3.93251,1.86,0.0447638,4.09012,1.76273,0.112811,1,3.78016,1.86,0.608605,3.93513,1.72015,0.707514,1,3.13658,1.86,0.665197,3.2241,1.73644,0.773597,1,3.13743,1.86,0.427541,3.23842,1.74484,0.51659,1,4.604,1.86,-0.0289569,4.79234,1.76847,0.0423827,1,3.54338,1.86,0.74184,3.67154,1.72661,0.865899,1,3.80892,1.86,0.135957,3.94027,1.71234,0.198645,1,3.25424,1.86,0.00871447,3.3689,1.76202,0.0638661,1,4.36294,1.86,0.149973,4.54727,1.71987,0.234028,1,3.25886,1.86,0.137068,3.36369,1.72271,0.205951,1,4.3004,1.86,0.470448,4.46773,1.78906,0.566942,1,3.78082,1.86,-0.00926672,3.93753,1.73473,0.0585179,1,3.51605,1.86,0.234499,3.65338,1.78306,0.300364,1,
1.93338,2.9987,3.66721,0.255306,3.13497,3.68071,0.346771,4.44141,1.86,0.675488,4.63051,1.76036,0.793671,1,4.22364,1.86,0.710121,4.39956,1.72987,0.858939,1,4.56734,1.86,0.594925,4.75771,1.72588,0.709587,1,4.19637,1.86,0.177929,4.35682,1.78067,0.256952,1,3.9059,1.86,0.718425,4.05871,1.73148,0.834384,1,4.17197,1.86,0.535983,4.34632,1.74762,0.643853,1,3.69279,1.86,0.509369,3.83185,1.73568,0.606794,1,3.87072,1.86,0.49878,4.02643,1.75567,0.59767,1,4.42439,1.86,0.469469,4.58764,1.77025,0.574333,1,3.93574,1.86,0.212506,4.09078,1.75901,0.288383,1,3.67208,1.86,0.671971,3.81068,1.72791,0.796369,1,4.21754,1.86,0.360275,4.41066,1.70379,0.458498,1,3.52832,1.86,0.095633,3.66082,1.75751,0.167521,1,3.40657,1.86,0.713917,3.51944,1.7359,0.826955,1,3.25796,1.86,0.750395,3.35869,1.74149,0.86365,1,4.24294,1.86,0.0339146,4.41606,1.74488,0.107734,1,3.64053,1.86,0.214165,3.7762,1.7928,0.292519,1,3.18611,1.86,0.544489,3.29762,1.76139,0.640258,1,3.37386,1.86,0.541204,3.48977,1.76617,0.639632,1,3.54117,1.86,0.436442,3.6866,1.78179,0.533282,1,4.43955,1.86,0.0450994,4.60463,1.82099,0.12807,1,4.04713,1.86,0.434987,4.20304,1.78346,0.526248,1,3.71344,1.86,0.365785,3.85784,1.78237,0.452354,1,4.08904,1.86,0.279679,4.25799,1.75283,0.364052,1,3.39354,1.86,0.00293583,3.52276,1.80141,0.0706146,1,3.25585,1.86,0.353281,3.36873,1.7737,0.435997,1,3.54959,1.86,0.609539,3.67874,1.73592,0.729466,1,4.04641,1.86,0.71521,4.22214,1.72279,0.843265,1,4.67374,1.86,0.712494,4.88241,1.7145,0.834795,1,3.19378,1.86,0.243608,3.3147,1.80133,0.325243,1,4.62861,1.86,0.438314,4.8328,1.72924,0.533358,1,3.85006,1.86,0.338257,4.00174,1.75569,0.437289,1,4.58839,1.86,0.147206,4.76757,1.79769,0.228269,1,3.13588,1.86,0.0477947,3.25194,1.81115,0.117953,1,3.42626,1.86,0.339112,3.54203,1.74144,0.429589,1,4.44133,1.86,0.278231,4.60751,1.7645,0.370705,1,4.56378,1.86,0.321611,4.74598,1.74538,0.410163,1,4.09651,1.86,0.0899499,4.2719,1.78375,0.172321,1,3.38555,1.86,0.142578,3.50305,1.75487,0.211502,1,4.03463,1.86,0.56306,4.20058,1.75102,0.666514,1,3.62961,1.86,0.0143817,3.76682,1.81864,0.0837046,1,4.32734,1.86,0.612462,4.49833,1.76542,0.726442,1,3.93251,1.86,0.0447638,4.0872,1.7855,0.116534,1,3.78016,1.86,0.608605,3.93349,1.74219,0.703305,1,3.13658,1.86,0.665197,3.23377,1.75758,0.770503,1,3.13743,1.86,0.427541,3.24324,1.76715,0.51687,1,4.604,1.86,-0.0289569,4.79234,1.76847,0.0423827,1,3.54338,1.86,0.74184,3.674,1.74835,0.858895,1,3.80892,1.86,0.135957,3.94027,1.71234,0.198645,1,3.25424,1.86,0.00871447,3.37258,1.78367,0.0711983,1,4.36294,1.86,0.149973,4.54727,1.71987,0.234028,1,3.25886,1.86,0.137068,3.36565,1.74473,0.207428,1,4.3004,1.86,0.470448,4.46773,1.78906,0.566942,1,3.78082,1.86,-0.00926672,3.93304,1.75741,0.0611393,1,3.51605,1.86,0.234499,3.64946,1.80473,0.299522,1,
1.96671,2.97201,3.66921,0.255888,3.11968,3.68191,0.347201,4.44141,1.86,0.675488,4.63051,1.76036,0.793671,1,4.22364,1.86,0.710121,4.39956,1.72987,0.858939,1,4.56734,1.86,0.594925,4.75771,1.72588,0.709587,1,4.19637,1.86,0.177929,4.35682,1.78067,0.256952,1,3.9059,1.86,0.718425,4.05855,1.72788,0.834703,1,4.17197,1.86,0.535983,4.34632,1.74762,0.643853,1,3.69279,1.86,0.509369,3.82935,1.7454,0.605806,1,3.87072,1.86,0.49878,4.02792,1.75308,0.596548,1,4.42439,1.86,0.469469,4.58764,1.77025,0.574333,1,3.93574,1.86,0.212506,4.09281,1.75259,0.288219,1,3.67208,1.86,0.671971,3.80817,1.73738,0.794113,1,4.21754,1.86,0.360275,4.41066,1.70379,0.458498,1,3.52832,1.86,0.095633,3.65566,1.77088,0.169684,1,3.40657,1.86,0.713917,3.51944,1.7359,0.826955,1,3.25796,1.86,0.750395,3.35743,1.75875,0.863208,1,4.24294,1.86,0.0339146,4.41606,1.74488,0.107734,1,3.64053,1.86,0.214165,3.77281,1.80166,0.291194,1,3.18611,1.86,0.544489,3.29887,1.7683,0.637669,1,3.37386,1.86,0.541204,3.48761,1.78237,0.637665,1,3.54117,1.86,0.436442,3.68255,1.79548,0.531937,1,4.43955,1.86,0.0450994,4.60463,1.82099,0.12807,1,4.04713,1.86,0.434987,4.20304,1.78346,0.526248,1,3.71344,1.86,0.365785,3.8542,1.79147,0.451187,1,4.08904,1.86,0.279679,4.25799,1.75283,0.364052,1,3.39354,1.86,0.00293583,3.52064,1.8046,0.0729897,1,3.25585,1.86,0.353281,3.36908,1.7906,0.436143,1,3.54959,1.86,0.609539,3.67564,1.75362,0.725228,1,4.04641,1.86,0.71521,4.22214,1.72279,0.843265,1,4.67374,1.86,0.712494,4.88241,1.7145,0.834795,1,3.19378,1.86,0.243608,3.31235,1.81812,0.32612,1,4.62861,1.86,0.438314,4.8328,1.72924,0.533358,1,3.85006,1.86,0.338257,3.99689,1.76502,0.437534,1,4.58839,1.86,0.147206,4.76757,1.79769,0.228269,1,3.13588,1.86,0.0477947,3.24923,1.82698,0.121832,1,3.42626,1.86,0.339112,3.53797,1.75414,0.429089,1,4.44133,1.86,0.278231,4.60751,1.7645,0.370705,1,4.56378,1.86,0.321611,4.74598,1.74538,0.410163,1,4.09651,1.86,0.0899499,4.2719,1.78375,0.172321,1,3.38555,1.86,0.142578,3.49903,1.76857,0.212497,1,4.03463,1.86,0.56306,4.20058,1.75102,0.666514,1,3.62961,1.86,0.0143817,3.7613,1.82657,0.0861723,1,4.32734,1.86,0.612462,4.49833,1.76542,0.726442,1,3.93251,1.86,0.0447638,4.08122,1.79489,0.1177,1,3.78016,1.86,0.608605,3.93194,1.73987,0.705173,1,3.13658,1.86,0.665197,3.22851,1.77469,0.766304,1,3.13743,1.86,0.427541,3.23802,1.78502,0.515662,1,4.604,1.86,-0.0289569,4.79234,1.76847,0.0423827,1,3.54338,1.86,0.74184,3.67014,1.7606,0.856845,1,3.80892,1.86,0.135957,3.94027,1.71234,0.198645,1,3.25424,1.86,0.00871447,3.3687,1.80028,0.0735551,1,4.36294,1.86,0.149973,4.54727,1.71987,0.234028,1,3.25886,1.86,0.137068,3.36303,1.76086,0.209216,1,4.3004,1.86,0.470448,4.46773,1.78906,0.566942,1,3.78082,1.86,-0.00926672,3.92719,1.76683,0.0632463,1,3.51605,1.86,0.234499,3.6489,1.80456,0.298873,1,
2.00004,2.97201,3.66921,0.255888,3.10908,3.68224,0.347485,4.44141,1.86,0.675488,4.63051,1.76036,0.793671,1,4.22364,1.86,0.710121,4.39956,1.72987,0.858939,1,4.56734,1.86,0.594925,4.75771,1.72588,0.709587,1,4.19637,1.86,0.177929,4.35682,1.78067,0.256952,1,3.9059,1.86,0.718425,4.06576,1.72904,0.828882,1,4.17197,1.86,0.535983,4.34632,1.74762,0.643853,1,3.69279,1.86,0.509369,3.83703,1.7503,0.600463,1,3.87072,1.86,0.49878,4.03616,1.75775,0.590593,1,4.42439,1.86,0.469469,4.58764,1.77025,0.574333,1,3.93574,1.86,0.212506,4.09626,1.75438,0.286461,1,3.67208,1.86,0.671971,3.81652,1.74271,0.7885,1,4.21754,1.86,0.360275,4.41066,1.70379,0.458498,1,3.52832,1.86,0.095633,3.6605,1.7775,0.16618,1,3.40657,1.86,0.713917,3.51944,1.7359,0.826955,1,3.25796,1.86,0.750395,3.36564,1.7673,0.857102,1,4.24294,1.86,0.0339146,4.41606,1.74488,0.107734,1,3.64053,1.86,0.214165,3.77792,1.80508,0.287186,1,3.18611,1.86,0.544489,3.30741,1.77983,0.630802,1,3.37386,1.86,0.541204,3.49379,1.79051,0.635646,1,3.54117,1.86,0.436442,3.68939,1.80202,0.527075,1,4.43955,1.86,0.0450994,4.60463,1.82099,0.12807,1,4.04713,1.86,0.434987,4.20304,1.78346,0.526248,1,3.71344,1.86,0.365785,3.86321,1.79473,0.446202,1,4.08904,1.86,0.279679,4.25799,1.75283,0.364052,1,3.39354,1.86,0.00293583,3.52604,1.80965,0.0695171,1,3.25585,1.86,0.353281,3.37245,1.79868,0.43217,1,3.54959,1.86,0.609539,3.68208,1.75982,0.720371,1,4.04641,1.86,0.71521,4.22214,1.72279,0.843265,1,4.67374,1.86,0.712494,4.88241,1.7145,0.834795,1,3.19378,1.86,0.243608,3.32189,1.82815,0.324673,1,4.62861,1.86,0.438314,4.8328,1.72924,0.533358,1,3.85006,1.86,0.338257,4.00341,1.7676,0.433235,1,4.58839,1.86,0.147206,4.76757,1.79769,0.228269,1,3.13588,1.86,0.0477947,3.25471,1.83632,0.118731,1,3.42626,1.86,0.339112,3.5434,1.75999,0.429822,1,4.44133,1.86,0.278231,4.60751,1.7645,0.370705,1,4.56378,1.86,0.321611,4.74598,1.74538,0.410163,1,4.09651,1.86,0.0899499,4.2719,1.78375,0.172321,1,3.38555,1.86,0.142578,3.50399,1.77512,0.207395,1,4.03463,1.86,0.56306,4.20058,1.75102,0.666514,1,3.62961,1.86,0.0143817,3.76841,1.82971,0.0818095,1,4.32734,1.86,0.612462,4.49833,1.76542,0.726442,1,3.93251,1.86,0.0447638,4.08753,1.79403,0.11283,1,3.78016,1.86,0.608605,3.93828,1.74311,0.700347,1,3.13658,1.86,0.665197,3.23893,1.78533,0.761068,1,3.13743,1.86,0.427541,3.24442,1.79552,0.512145,1,4.604,1.86,-0.0289569,4.79234,1.76847,0.0423827,1,3.54338,1.86,0.74184,3.67837,1.76525,0.852053,1,3.80892,1.86,0.135957,3.94027,1.71234,0.198645,1,3.25424,1.86,0.00871447,3.37401,1.80956,0.0702857,1,4.36294,1.86,0.149973,4.54727,1.71987,0.234028,1,3.25886,1.86,0.137068,3.37091,1.77059,0.206374,1,4.3004,1.86,0.470448,4.46773,1.78906,0.566942,1,3.78082,1.86,-0.00926672,3.93189,1.77085,0.0596533,1,3.51605,1.86,0.234499,3.65389,1.81124,0.295571,1,
2.03338,2.9612,3.67011,0.2558,3.0986,3.68252,0.347764,4.44141,1.86,0.675488,4.63051,1.76036,0.793671,1,4.22364,1.86,0.710121,4.39956,1.72987,0.858939,1,4.56734,1.86,0.594925,4.75771,1.72588,0.709587,1,4.19637,1.86,0.177929,4.35682,1.78067,0.256952,1,3.9059,1.86,0.718425,4.06862,1.72845,0.826236,1,4.17197,1.86,0.535983,4.34632,1.74762,0.643853,1,3.69279,1.86,0.509369,3.8434,1.75125,0.597387,1,3.87072,1.86,0.49878,4.03899,1.76031,0.587824,1,4.42439,1.86,0.469469,4.58764,1.77025,0.574333,1,3.93574,1.86,0.212506,4.10184,1.75213,0.28292,1,3.67208,1.86,0.671971,3.82158,1.74237,0.783643,1,4.21754,1.86,0.360275,4.41066,1.70379,0.458498,1,3.52832,1.86,0.095633,3.66573,1.77597,0.162574,1,3.40657,1.86,0.713917,3.51944,1.7359,0.826955,1,3.25796,1.86,0.750395,3.37548,1.76266,0.853878,1,4.24294,1.86,0.0339146,4.41606,1.74488,0.107734,1,3.64053,1.86,0.214165,3.78354,1.80277,0.283693,1,3.18611,1.86,0.544489,3.31281,1.77483,0.629272,1,3.37386,1.86,0.541204,3.49953,1.78512,0.63066,1,3.54117,1.86,0.436442,3.69594,1.80248,0.524147,1,4.43955,1.86,0.0450994,4.60463,1.82099,0.12807,1,4.04713,1.86,0.434987,4.20304,1.78346,0.526248,1,3.71344,1.86,0.365785,3.86748,1.79597,0.442696,1,4.08904,1.86,0.279679,4.25799,1.75283,0.364052,1,3.39354,1.86,0.00293583,3.53436,1.80559,0.0660296,1,3.25585,1.86,0.353281,3.38289,1.79375,0.428034,1,3.54959,1.86,0.609539,3.69151,1.75948,0.715992,1,4.04641,1.86,0.71521,4.22214,1.72279,0.843265,1,4.67374,1.86,0.712494,4.88241,1.7145,0.834795,1,3.19378,1.86,0.243608,3.32765,1.82201,0.322709,1,4.62861,1.86,0.438314,4.8328,1.72924,0.533358,1,3.85006,1.86,0.338257,4.00701,1.76819,0.425856,1,4.58839,1.86,0.147206,4.76757,1.79769,0.228269,1,3.13588,1.86,0.0477947,3.26215,1.82895,0.119046,1,3.42626,1.86,0.339112,3.55113,1.75596,0.427048,1,4.44133,1.86,0.278231,4.60751,1.7645,0.370705,1,4.56378,1.86,0.321611,4.74598,1.74538,0.410163,1,4.09651,1.86,0.0899499,4.2719,1.78375,0.172321,1,3.38555,1.86,0.142578,3.5127,1.77172,0.205987,1,4.03463,1.86,0.56306,4.20058,1.75102,0.666514,1,3.62961,1.86,0.0143817,3.77424,1.8282,0.0792395,1,4.32734,1.86,0.612462,4.49833,1.76542,0.726442,1,3.93251,1.86,0.0447638,4.09136,1.79527,0.107563,1,3.78016,1.86,0.608605,3.94594,1.74552,0.695008,1,3.13658,1.86,0.665197,3.2476,1.77873,0.759094,1,3.13743,1.86,0.427541,3.25188,1.78859,0.510485,1,4.604,1.86,-0.0289569,4.79234,1.76847,0.0423827,1,3.54338,1.86,0.74184,3.68379,1.76313,0.849007,1,3.80892,1.86,0.135957,3.94027,1.71234,0.198645,1,3.25424,1.86,0.00871447,3.38023,1.80461,0.0668014,1,4.36294,1.86,0.149973,4.54727,1.71987,0.234028,1,3.25886,1.86,0.137068,3.38157,1.76701,0.202768,1,4.3004,1.86,0.470448,4.46773,1.78906,0.566942,1,3.78082,1.86,-0.00926672,3.93661,1.77246,0.0557869,1,3.51605,1.86,0.234499,3.66198,1.80446,0.291916,1,
2.06671,2.93399,3.67218,0.256337,3.07015,3.68345,0.348526,4.44141,1.86,0.675488,4.63051,1.76036,0.793671,1,4.22364,1.86,0.710121,4.39956,1.72987,0.858939,1,4.56734,1.86,0.594925,4.75771,1.72588,0.709587,1,4.19637,1.86,0.177929,4.35682,1.78067,0.256952,1,3.9059,1.86,0.718425,4.05407,1.73221,0.823589,1,4.17197,1.86,0.535983,4.34632,1.74762,0.643853,1,3.69279,1.86,0.509369,3.82821,1.75643,0.596483,1,3.87072,1.86,0.49878,4.02291,1.76303,0.589079,1,4.42439,1.86,0.469469,4.58764,1.77025,0.574333,1,3.93574,1.86,0.212506,4.08605,1.76117,0.283516,1,3.67208,1.86,0.671971,3.80336,1.74574,0.784077,1,4.21754,1.86,0.360275,4.41066,1.70379,0.458498,1,3.52832,1.86,0.095633,3.65292,1.78273,0.164333,1,3.40657,1.86,0.713917,3.51944,1.7359,0.826955,1,3.25796,1.86,0.750395,3.36242,1.76728,0.851947,1,4.24294,1.86,0.0339146,4.41606,1.74488,0.107734,1,3.64053,1.86,0.214165,3.7687,1.80733,0.284848,1,3.18611,1.86,0.544489,3.30007,1.78031,0.628116,1,3.37386,1.86,0.541204,3.48777,1.79024,0.627324,1,3.54117,1.86,0.436442,3.68057,1.80913,0.524576,1,4.43955,1.86,0.0450994,4.60463,1.82099,0.12807,1,4.04713,1.86,0.434987,4.20304,1.78346,0.526248,1,3.71344,1.86,0.365785,3.85358,1.79942,0.442892,1,4.08904,1.86,0.279679,4.25799,1.75283,0.364052,1,3.39354,1.86,0.00293583,3.52229,1.81144,0.0670616,1,3.25585,1.86,0.353281,3.36872,1.79887,0.428846,1,3.54959,1.86,0.609539,3.67675,1.76695,0.712303,1,4.04641,1.86,0.71521,4.22214,1.72279,0.843265,1,4.67374,1.86,0.712494,4.88241,1.7145,0.834795,1,3.19378,1.86,0.243608,3.3148,1.82573,0.323821,1,4.62861,1.86,0.438314,4.8328,1.72924,0.533358,1,3.85006,1.86,0.338257,3.99066,1.77513,0.426626,1,4.58839,1.86,0.147206,4.76757,1.79769,0.228269,1,3.13588,1.86,0.0477947,3.25059,1.8322,0.117664,1,3.42626,1.86,0.339112,3.53662,1.76094,0.42789,1,4.44133,1.86,0.278231,4.60751,1.7645,0.370705,1,4.56378,1.86,0.321611,4.74598,1.74538,0.410163,1,4.09651,1.86,0.0899499,4.2719,1.78375,0.172321,1,3.38555,1.86,0.142578,3.49952,1.77703,0.207361,1,4.03463,1.86,0.56306,4.20058,1.75102,0.666514,1,3.62961,1.86,0.0143817,3.76107,1.83295,0.0794658,1,4.32734,1.86,0.612462,4.49833,1.76542,0.726442,1,3.93251,1.86,0.0447638,4.07533,1.80156,0.108296,1,3.78016,1.86,0.608605,3.92881,1.75608,0.693565,1,3.13658,1.86,0.665197,3.23754,1.78316,0.75911,1,3.13743,1.86,0.427541,3.24071,1.79222,0.507897,1,4.604,1.86,-0.0289569,4.79234,1.76847,0.0423827,1,3.54338,1.86,0.74184,3.66917,1.76758,0.848977,1,3.80892,1.86,0.135957,3.94027,1.71234,0.198645,1,3.25424,1.86,0.00871447,3.3646,1.80897,0.0630341,1,4.36294,1.86,0.149973,4.54727,1.71987,0.234028,1,3.25886,1.86,0.137068,3.36767,1.77234,0.20391,1,4.3004,1.86,0.470448,4.46773,1.78906,0.566942,1,3.78082,1.86,-0.00926672,3.92065,1.77897,0.0577191,1,3.51605,1.86,0.234499,3.64663,1.81137,0.293126,1,
2.10005,2.92275,3.67307,0.256235,3.05894,3.68385,0.348828,4.44141,1.86,0.675488,4.63051,1.76036,0.793671,1,4.22364,1.86,0.710121,4.39956,1.72987,0.858939,1,4.56734,1.86,0.594925,4.75771,1.72588,0.709587,1,4.19637,1.86,0.177929,4.35682,1.78067,0.256952,1,3.9059,1.86,0.718425,4.06624,1.71414,0.826638,1,4.17197,1.86,0.535983,4.34632,1.74762,0.643853,1,3.69279,1.86,0.509369,3.84049,1.73413,0.598871,1,3.87072,1.86,0.49878,4.04046,1.74404,0.589006,1,4.42439,1.86,0.469469,4.58764,1.77025,0.574333,1,3.93574,1.86,0.212506,4.10272,1.74457,0.279059,1,3.67208,1.86,0.671971,3.81617,1.72427,0.790587,1,4.21754,1.86,0.360275,4.41066,1.70379,0.458498,1,3.52832,1.86,0.095633,3.66451,1.76174,0.161542,1,3.40657,1.86,0.713917,3.51944,1.7359,0.826955,1,3.25796,1.86,0.750395,3.37293,1.74591,0.857136,1,4.24294,1.86,0.0339146,4.41606,1.74488,0.107734,1,3.64053,1.86,0.214165,3.78169,1.78611,0.282001,1,3.18611,1.86,0.544489,3.3087,1.75803,0.631106,1,3.37386,1.86,0.541204,3.498,1.76898,0.631133,1,3.54117,1.86,0.436442,3.69297,1.78684,0.525793,1,4.43955,1.86,0.0450994,4.60463,1.82099,0.12807,1,4.04713,1.86,0.434987,4.20304,1.78346,0.526248,1,3.71344,1.86,0.365785,3.8674,1.77842,0.443095,1,4.08904,1.86,0.279679,4.25799,1.75283,0.364052,1,3.39354,1.86,0.00293583,3.53263,1.78943,0.0637115,1,3.25585,1.86,0.353281,3.37874,1.77582,0.428737,1,3.54959,1.86,0.609539,3.68793,1.74384,0.714851,1,4.04641,1.86,0.71521,4.22214,1.72279,0.843265,1,4.67374,1.86,0.712494,4.88241,1.7145,0.834795,1,3.19378,1.86,0.243608,3.32178,1.80276,0.320587,1,4.62861,1.86,0.438314,4.8328,1.72924,0.533358,1,3.85006,1.86,0.338257,4.00603,1.75378,0.426653,1,4.58839,1.86,0.147206,4.76757,1.79769,0.228269,1,3.13588,1.86,0.0477947,3.25684,1.80937,0.116168,1,3.42626,1.86,0.339112,3.55061,1.73931,0.429132,1,4.44133,1.86,0.278231,4.60751,1.7645,0.370705,1,4.56378,1.86,0.321611,4.74598,1.74538,0.410163,1,4.09651,1.86,0.0899499,4.2719,1.78375,0.172321,1,3.38555,1.86,0.142578,3.51046,1.75456,0.205572,1,4.03463,1.86,0.56306,4.20058,1.75102,0.666514,1,3.62961,1.86,0.0143817,3.77151,1.81184,0.0764742,1,4.32734,1.86,0.612462,4.49833,1.76542,0.726442,1,3.93251,1.86,0.0447638,4.09051,1.78252,0.103801,1,3.78016,1.86,0.608605,3.94424,1.73434,0.697166,1,3.13658,1.86,0.665197,3.24477,1.76154,0.765507,1,3.13743,1.86,0.427541,3.24751,1.76949,0.509708,1,4.604,1.86,-0.0289569,4.79234,1.76847,0.0423827,1,3.54338,1.86,0.74184,3.68191,1.74703,0.853092,1,3.80892,1.86,0.135957,3.94027,1.71234,0.198645,1,3.25424,1.86,0.00871447,3.37264,1.78698,0.0596393,1,4.36294,1.86,0.149973,4.54727,1.71987,0.234028,1,3.25886,1.86,0.137068,3.37808,1.74915,0.202078,1,4.3004,1.86,0.470448,4.46773,1.78906,0.566942,1,3.78082,1.86,-0.00926672,3.93516,1.75926,0.0532849,1,3.51605,1.86,0.234499,3.65754,1.7885,0.291679,1,
2.13338,2.89506,3.67502,0.256824,3.04347,3.68489,0.349258,4.44141,1.86,0.675488,4.63051,1.76036,0.793671,1,4.22364,1.86,0.710121,4.39956,1.72987,0.858939,1,4.56734,1.86,0.594925,4.75771,1.72588,0.709587,1,4.19637,1.86,0.177929,4.35682,1.78067,0.256952,1,3.9059,1.86,0.718425,4.05238,1.74216,0.819158,1,4.17197,1.86,0.535983,4.34632,1.74762,0.643853,1,3.69279,1.86,0.509369,3.82988,1.76175,0.594647,1,3.87072,1.86,0.49878,4.02037,1.77519,0.585939,1,4.42439,1.86,0.469469,4.58764,1.77025,0.574333,1,3.93574,1.86,0.212506,4.08566,1.78071,0.281423,1,3.67208,1.86,0.671971,3.80496,1.75115,0.783899,1,4.21754,1.86,0.360275,4.41066,1.70379,0.458498,1,3.52832,1.86,0.095633,3.65522,1.78796,0.164384,1,3.40657,1.86,0.713917,3.51944,1.7359,0.826955,1,3.25796,1.86,0.750395,3.36688,1.76706,0.852649,1,4.24294,1.86,0.0339146,4.41606,1.74488,0.107734,1,3.64053,1.86,0.214165,3.77376,1.81503,0.285131,1,3.18611,1.86,0.544489,3.3056,1.78072,0.627788,1,3.37386,1.86,0.541204,3.48949,1.7912,0.631444,1,3.54117,1.86,0.436442,3.68336,1.81503,0.52317,1,4.43955,1.86,0.0450994,4.60463,1.82099,0.12807,1,4.04713,1.86,0.434987,4.20304,1.78346,0.526248,1,3.71344,1.86,0.365785,3.85518,1.80709,0.441336,1,4.08904,1.86,0.279679,4.25799,1.75283,0.364052,1,3.39354,1.86,0.00293583,3.52588,1.81335,0.0672306,1,3.25585,1.86,0.353281,3.37623,1.79924,0.427632,1,3.54959,1.86,0.609539,3.67759,1.76819,0.705339,1,4.04641,1.86,0.71521,4.22214,1.72279,0.843265,1,4.67374,1.86,0.712494,4.88241,1.7145,0.834795,1,3.19378,1.86,0.243608,3.3158,1.82326,0.324852,1,4.62861,1.86,0.438314,4.8328,1.72924,0.533358,1,3.85006,1.86,0.338257,3.99331,1.78605,0.427791,1,4.58839,1.86,0.147206,4.76757,1.79769,0.228269,1,3.13588,1.86,0.0477947,3.25501,1.82863,0.118446,1,3.42626,1.86,0.339112,3.54702,1.76644,0.424303,1,4.44133,1.86,0.278231,4.60751,1.7645,0.370705,1,4.56378,1.86,0.321611,4.74598,1.74538,0.410163,1,4.09651,1.86,0.0899499,4.2719,1.78375,0.172321,1,3.38555,1.86,0.142578,3.50576,1.77956,0.207402,1,4.03463,1.86,0.56306,4.20058,1.75102,0.666514,1,3.62961,1.86,0.0143817,3.76282,1.83684,0.0798454,1,4.32734,1.86,0.612462,4.49833,1.76542,0.726442,1,3.93251,1.86,0.0447638,4.07368,1.81319,0.107758,1,3.78016,1.86,0.608605,3.931,1.76584,0.690174,1,3.13658,1.86,0.665197,3.24404,1.78139,0.761156,1,3.13743,1.86,0.427541,3.24713,1.7899,0.50853,1,4.604,1.86,-0.0289569,4.79234,1.76847,0.0423827,1,3.54338,1.86,0.74184,3.67297,1.77228,0.845897,1,3.80892,1.86,0.135957,3.94027,1.71234,0.198645,1,3.25424,1.86,0.00871447,3.37084,1.80878,0.0643491,1,4.36294,1.86,0.149973,4.54727,1.71987,0.234028,1,3.25886,1.86,0.137068,3.37487,1.77283,0.203146,1,4.3004,1.86,0.470448,4.46773,1.78906,0.566942,1,3.78082,1.86,-0.00926672,3.92146,1.78897,0.0578498,1,3.51605,1.86,0.234499,3.64984,1.81633,0.292489,1,
2.16671,2.89506,3.67502,0.256824,3.03052,3.68577,0.349618,4.44141,1.86,0.675488,4.63051,1.76036,0.793671,1,4.22364,1.86,0.710121,4.39956,1.72987,0.858939,1,4.56734,1.86,0.594925,4.75771,1.72588,0.709587,1,4.19637,1.86,0.177929,4.35682,1.78067,0.256952,1,3.9059,1.86,0.718425,4.05974,1.73727,0.821284,1,4.17197,1.86,0.535983,4.34632,1.74762,0.643853,1,3.69279,1.86,0.509369,3.83644,1.75895,0.595594,1,3.87072,1.86,0.49878,4.03002,1.76447,0.58609,1,4.42439,1.86,0.469469,4.58764,1.77025,0.574333,1,3.93574,1.86,0.212506,4.09233,1.77014,0.28543,1,3.67208,1.86,0.671971,3.81114,1.74788,0.784552,1,4.21754,1.86,0.360275,4.41066,1.70379,0.458498,1,3.52832,1.86,0.095633,3.66101,1.78645,0.163685,1,3.40657,1.86,0.713917,3.51944,1.7359,0.826955,1,3.25796,1.86,0.750395,3.36813,1.77062,0.852354,1,4.24294,1.86,0.0339146,4.41606,1.74488,0.107734,1,3.64053,1.86,0.214165,3.77949,1.81259,0.284289,1,3.18611,1.86,0.544489,3.30837,1.78668,0.625447,1,3.37386,1.86,0.541204,3.49116,1.79125,0.630713,1,3.54117,1.86,0.436442,3.68684,1.8136,0.523852,1,4.43955,1.86,0.0450994,4.60463,1.82099,0.12807,1,4.04713,1.86,0.434987,4.20304,1.78346,0.526248,1,3.71344,1.86,0.365785,3.85833,1.80021,0.442657,1,4.08904,1.86,0.279679,4.25799,1.75283,0.364052,1,3.39354,1.86,0.00293583,3.52956,1.81303,0.0670551,1,3.25585,1.86,0.353281,3.37809,1.80284,0.427077,1,3.54959,1.86,0.609539,3.68178,1.76698,0.700896,1,4.04641,1.86,0.71521,4.22214,1.72279,0.843265,1,4.67374,1.86,0.712494,4.88241,1.7145,0.834795,1,3.19378,1.86,0.243608,3.31941,1.82743,0.322811,1,4.62861,1.86,0.438314,4.8328,1.72924,0.533358,1,3.85006,1.86,0.338257,3.99961,1.78067,0.429213,1,4.58839,1.86,0.147206,4.76757,1.79769,0.228269,1,3.13588,1.86,0.0477947,3.25712,1.83288,0.118354,1,3.42626,1.86,0.339112,3.55043,1.76734,0.424156,1,4.44133,1.86,0.278231,4.60751,1.7645,0.370705,1,4.56378,1.86,0.321611,4.74598,1.74538,0.410163,1,4.09651,1.86,0.0899499,4.2719,1.78375,0.172321,1,3.38555,1.86,0.142578,3.50918,1.78049,0.207386,1,4.03463,1.86,0.56306,4.20058,1.75102,0.666514,1,3.62961,1.86,0.0143817,3.76842,1.83341,0.0800032,1,4.32734,1.86,0.612462,4.49833,1.76542,0.726442,1,3.93251,1.86,0.0447638,4.07368,1.81319,0.107758,1,3.78016,1.86,0.608605,3.93858,1.75599,0.692459,1,3.13658,1.86,0.665197,3.245,1.78765,0.759076,1,3.13743,1.86,0.427541,3.25125,1.79619,0.506659,1,4.604,1.86,-0.0289569,4.79234,1.76847,0.0423827,1,3.54338,1.86,0.74184,3.67582,1.76999,0.847504,1,3.80892,1.86,0.135957,3.94027,1.71234,0.198645,1,3.25424,1.86,0.00871447,3.37608,1.81214,0.0684845,1,4.36294,1.86,0.149973,4.54727,1.71987,0.234028,1,3.25886,1.86,0.137068,3.38037,1.77742,0.202841,1,4.3004,1.86,0.470448,4.46773,1.78906,0.566942,1,3.78082,1.86,-0.00926672,3.92876,1.78239,0.0560984,1,3.51605,1.86,0.234499,3.65297,1.81587,0.293054,1,
2.20005,2.86735,3.67713,0.257394,3.00266,3.68696,0.350373,4.44141,1.86,0.675488,4.63051,1.76036,0.793671,1,4.22364,1.86,0.710121,4.39956,1.72987,0.858939,1,4.56734,1.86,0.594925,4.75771,1.72588,0.709587,1,4.19637,1.86,0.177929,4.35682,1.78067,0.256952,1,3.9059,1.86,0.718425,4.0403,1.75579,0.816034,1,4.17197,1.86,0.535983,4.34632,1.74762,0.643853,1,3.69279,1.86,0.509369,3.82181,1.77929,0.592663,1,3.87072,1.86,0.49878,4.00991,1.78667,0.583092,1,4.42439,1.86,0.469469,4.58764,1.77025,0.574333,1,3.93574,1.86,0.212506,4.09233,1.77014,0.28543,1,3.67208,1.86,0.671971,3.79489,1.76623,0.779022,1,4.21754,1.86,0.360275,4.41066,1.70379,0.458498,1,3.52832,1.86,0.095633,3.6412,1.80384,0.165486,1,3.40657,1.86,0.713917,3.51944,1.7359,0.826955,1,3.25796,1.86,0.750395,3.35664,1.78687,0.850309,1,4.24294,1.86,0.0339146,4.41606,1.74488,0.107734,1,3.64053,1.86,0.214165,3.76427,1.83094,0.284181,1,3.18611,1.86,0.544489,3.29879,1.8036,0.623651,1,3.37386,1.86,0.541204,3.47955,1.80864,0.630292,1,3.54117,1.86,0.436442,3.67284,1.83214,0.521683,1,4.43955,1.86,0.0450994,4.60463,1.82099,0.12807,1,4.04713,1.86,0.434987,4.20304,1.78346,0.526248,1,3.71344,1.86,0.365785,3.8411,1.81721,0.440341,1,4.08904,1.86,0.279679,4.25799,1.75283,0.364052,1,3.39354,1.86,0.00293583,3.51421,1.82987,0.069283,1,3.25585,1.86,0.353281,3.36368,1.819,0.427844,1,3.54959,1.86,0.609539,3.66554,1.78497,0.698046,1,4.04641,1.86,0.71521,4.22214,1.72279,0.843265,1,4.67374,1.86,0.712494,4.88241,1.7145,0.834795,1,3.19378,1.86,0.243608,3.30739,1.84441,0.324609,1,4.62861,1.86,0.438314,4.8328,1.72924,0.533358,1,3.85006,1.86,0.338257,3.98211,1.79937,0.427355,1,4.58839,1.86,0.147206,4.76757,1.79769,0.228269,1,3.13588,1.86,0.0477947,3.24476,1.84924,0.119285,1,3.42626,1.86,0.339112,3.53482,1.78261,0.421823,1,4.44133,1.86,0.278231,4.60751,1.7645,0.370705,1,4.56378,1.86,0.321611,4.74598,1.74538,0.410163,1,4.09651,1.86,0.0899499,4.2719,1.78375,0.172321,1,3.38555,1.86,0.142578,3.49453,1.7973,0.206606,1,4.03463,1.86,0.56306,4.20058,1.75102,0.666514,1,3.62961,1.86,0.0143817,3.75264,1.85213,0.0815231,1,4.32734,1.86,0.612462,4.49833,1.76542,0.726442,1,3.93251,1.86,0.0447638,4.07368,1.81319,0.107758,1,3.78016,1.86,0.608605,3.92215,1.77351,0.68463,1,3.13658,1.86,0.665197,3.23548,1.80362,0.755885,1,3.13743,1.86,0.427541,3.23635,1.81243,0.508568,1,4.604,1.86,-0.0289569,4.79234,1.76847,0.0423827,1,3.54338,1.86,0.74184,3.66446,1.78642,0.839714,1,3.80892,1.86,0.135957,3.94027,1.71234,0.198645,1,3.25424,1.86,0.00871447,3.36079,1.82901,0.0678151,1,4.36294,1.86,0.149973,4.54727,1.71987,0.234028,1,3.25886,1.86,0.137068,3.36791,1.79464,0.204402,1,4.3004,1.86,0.470448,4.46773,1.78906,0.566942,1,3.78082,1.86,-0.00926672,3.90914,1.80171,0.0579857,1,3.51605,1.86,0.234499,3.63505,1.83271,0.291798,1,
2.23338,2.86735,3.67713,0.257394,2.9874,3.68803,0.350798,4.44141,1.86,0.675488,4.63051,1.76036,0.793671,1,4.22364,1.86,0.710121,4.39956,1.72987,0.858939,1,4.56734,1.86,0.594925,4.75771,1.72588,0.709587,1,4.19637,1.86,0.177929,4.35682,1.78067,0.256952,1,3.9059,1.86,0.718425,4.04637,1.7494,0.817451,1,4.17197,1.86,0.535983,4.34632,1.74762,0.643853,1,3.69279,1.86,0.509369,3.82737,1.77761,0.592148,1,3.87072,1.86,0.49878,4.01519,1.78046,0.584433,1,4.42439,1.86,0.469469,4.58764,1.77025,0.574333,1,3.93574,1.86,0.212506,4.09233,1.77014,0.28543,1,3.67208,1.86,0.671971,3.79828,1.76268,0.778882,1,4.21754,1.86,0.360275,4.41066,1.70379,0.458498,1,3.52832,1.86,0.095633,3.64401,1.79958,0.165039,1,3.40657,1.86,0.713917,3.51944,1.7359,0.826955,1,3.25796,1.86,0.750395,3.35768,1.78837,0.849852,1,4.24294,1.86,0.0339146,4.41606,1.74488,0.107734,1,3.64053,1.86,0.214165,3.7674,1.82701,0.284481,1,3.18611,1.86,0.544489,3.30119,1.80578,0.623197,1,3.37386,1.86,0.541204,3.48066,1.80945,0.630119,1,3.54117,1.86,0.436442,3.67512,1.83123,0.522345,1,4.43955,1.86,0.0450994,4.60463,1.82099,0.12807,1,4.04713,1.86,0.434987,4.20304,1.78346,0.526248,1,3.71344,1.86,0.365785,3.84413,1.8141,0.440999,1,4.08904,1.86,0.279679,4.25799,1.75283,0.364052,1,3.39354,1.86,0.00293583,3.51768,1.82932,0.0688488,1,3.25585,1.86,0.353281,3.36372,1.81974,0.427811,1,3.54959,1.86,0.609539,3.66922,1.7819,0.697177,1,4.04641,1.86,0.71521,4.22214,1.72279,0.843265,1,4.67374,1.86,0.712494,4.88241,1.7145,0.834795,1,3.19378,1.86,0.243608,3.30904,1.84624,0.325235,1,4.62861,1.86,0.438314,4.8328,1.72924,0.533358,1,3.85006,1.86,0.338257,3.9866,1.79333,0.427557,1,4.58839,1.86,0.147206,4.76757,1.79769,0.228269,1,3.13588,1.86,0.0477947,3.24701,1.85169,0.11955,1,3.42626,1.86,0.339112,3.5367,1.78075,0.42185,1,4.44133,1.86,0.278231,4.60751,1.7645,0.370705,1,4.56378,1.86,0.321611,4.74598,1.74538,0.410163,1,4.09651,1.86,0.0899499,4.2719,1.78375,0.172321,1,3.38555,1.86,0.142578,3.49842,1.79727,0.204422,1,4.03463,1.86,0.56306,4.20058,1.75102,0.666514,1,3.62961,1.86,0.0143817,3.75579,1.84904,0.0803742,1,4.32734,1.86,0.612462,4.49833,1.76542,0.726442,1,3.93251,1.86,0.0447638,4.07368,1.81319,0.107758,1,3.78016,1.86,0.608605,3.92423,1.76882,0.685708,1,3.13658,1.86,0.665197,3.2368,1.80605,0.75442,1,3.13743,1.86,0.427541,3.23965,1.81493,0.507044,1,4.604,1.86,-0.0289569,4.79234,1.76847,0.0423827,1,3.54338,1.86,0.74184,3.66686,1.78698,0.839448,1,3.80892,1.86,0.135957,3.94027,1.71234,0.198645,1,3.25424,1.86,0.00871447,3.36517,1.82939,0.0691538,1,4.36294,1.86,0.149973,4.54727,1.71987,0.234028,1,3.25886,1.86,0.137068,3.36918,1.79499,0.204398,1,4.3004,1.86,0.470448,4.46773,1.78906,0.566942,1,3.78082,1.86,-0.00926672,3.91375,1.79496,0.0569135,1,3.51605,1.86,0.234499,3.63887,1.83071,0.289662,1,
2.26672,2.84002,3.67932,0.25791,2.97471,3.68743,0.351109,4.44141,1.86,0.675488,4.63051,1.76036,0.793671,1,4.22364,1.86,0.710121,4.39956,1.72987,0.858939,1,4.56734,1.86,0.594925,4.75771,1.72588,0.709587,1,4.19637,1.86,0.177929,4.35682,1.78067,0.256952,1,3.9059,1.86,0.718425,4.054,1.74126,0.819149,1,4.17197,1.86,0.535983,4.34632,1.74762,0.643853,1,3.69279,1.86,0.509369,3.83487,1.76674,0.59503,1,3.87072,1.86,0.49878,4.02425,1.77306,0.588358,1,4.42439,1.86,0.469469,4.58764,1.77025,0.574333,1,3.93574,1.86,0.212506,4.09233,1.77014,0.28543,1,3.67208,1.86,0.671971,3.80771,1.75242,0.782761,1,4.21754,1.86,0.360275,4.41066,1.70379,0.458498,1,3.52832,1.86,0.095633,3.65347,1.78891,0.16525,1,3.40657,1.86,0.713917,3.51944,1.7359,0.826955,1,3.25796,1.86,0.750395,3.36861,1.77501,0.851026,1,4.24294,1.86,0.0339146,4.41606,1.74488,0.107734,1,3.64053,1.86,0.214165,3.77716,1.81442,0.288913,1,3.18611,1.86,0.544489,3.30693,1.7911,0.626326,1,3.37386,1.86,0.541204,3.48871,1.79597,0.633093,1,3.54117,1.86,0.436442,3.68251,1.81811,0.524017,1,4.43955,1.86,0.0450994,4.60463,1.82099,0.12807,1,4.04713,1.86,0.434987,4.20304,1.78346,0.526248,1,3.71344,1.86,0.365785,3.85007,1.80296,0.442651,1,4.08904,1.86,0.279679,4.25799,1.75283,0.364052,1,3.39354,1.86,0.00293583,3.5265,1.81713,0.068904,1,3.25585,1.86,0.353281,3.37236,1.80591,0.429446,1,3.54959,1.86,0.609539,3.67705,1.77065,0.699554,1,4.04641,1.86,0.71521,4.22214,1.72279,0.843265,1,4.67374,1.86,0.712494,4.88241,1.7145,0.834795,1,3.19378,1.86,0.243608,3.31364,1.83131,0.326269,1,4.62861,1.86,0.438314,4.8328,1.72924,0.533358,1,3.85006,1.86,0.338257,3.99692,1.78339,0.42973,1,4.58839,1.86,0.147206,4.76757,1.79769,0.228269,1,3.13588,1.86,0.0477947,3.25439,1.8372,0.119093,1,3.42626,1.86,0.339112,3.5465,1.76799,0.423632,1,4.44133,1.86,0.278231,4.60751,1.7645,0.370705,1,4.56378,1.86,0.321611,4.74598,1.74538,0.410163,1,4.09651,1.86,0.0899499,4.2719,1.78375,0.172321,1,3.38555,1.86,0.142578,3.50816,1.78514,0.204046,1,4.03463,1.86,0.56306,4.20058,1.75102,0.666514,1,3.62961,1.86,0.0143817,3.76287,1.8364,0.0808832,1,4.32734,1.86,0.612462,4.49833,1.76542,0.726442,1,3.93251,1.86,0.0447638,4.07368,1.81319,0.107758,1,3.78016,1.86,0.608605,3.93579,1.7569,0.688762,1,3.13658,1.86,0.665197,3.24408,1.79198,0.758056,1,3.13743,1.86,0.427541,3.24563,1.8004,0.508735,1,4.604,1.86,-0.0289569,4.79234,1.76847,0.0423827,1,3.54338,1.86,0.74184,3.67827,1.77562,0.845142,1,3.80892,1.86,0.135957,3.94027,1.71234,0.198645,1,3.25424,1.86,0.00871447,3.36959,1.81531,0.0681751,1,4.36294,1.86,0.149973,4.54727,1.71987,0.234028,1,3.25886,1.86,0.137068,3.37676,1.78023,0.204553,1,4.3004,1.86,0.470448,4.46773,1.78906,0.566942,1,3.78082,1.86,-0.00926672,3.92067,1.78482,0.0562334,1,3.51605,1.86,0.234499,3.6459,1.81975,0.291834,1,
2.30005,2.82905,3.6802,0.2578,2.9639,3.68771,0.351396,4.44141,1.86,0.675488,4.63051,1.76036,0.793671,1,4.22364,1.86,0.710121,4.39956,1.72987,0.858939,1,4.56734,1.86,0.594925,4.75771,1.72588,0.709587,1,4.19637,1.86,0.177929,4.35682,1.78067,0.256952,1,3.9059,1.86,0.718425,4.054,1.74126,0.819149,1,4.17197,1.86,0.535983,4.34632,1.74762,0.643853,1,3.69279,1.86,0.509369,3.8458,1.75179,0.596346,1,3.87072,1.86,0.49878,4.03469,1.76148,0.589028,1,4.42439,1.86,0.469469,4.58764,1.77025,0.574333,1,3.93574,1.86,0.212506,4.09233,1.77014,0.28543,1,3.67208,1.86,0.671971,3.81839,1.74144,0.785148,1,4.21754,1.86,0.360275,4.41066,1.70379,0.458498,1,3.52832,1.86,0.095633,3.6608,1.77769,0.164078,1,3.40657,1.86,0.713917,3.51944,1.7359,0.826955,1,3.25796,1.86,0.750395,3.37724,1.76602,0.85274,1,4.24294,1.86,0.0339146,4.41606,1.74488,0.107734,1,3.64053,1.86,0.214165,3.78781,1.80347,0.289301,1,3.18611,1.86,0.544489,3.31258,1.7799,0.627587,1,3.37386,1.86,0.541204,3.49319,1.78278,0.633565,1,3.54117,1.86,0.436442,3.6905,1.80585,0.525039,1,4.43955,1.86,0.0450994,4.60463,1.82099,0.12807,1,4.04713,1.86,0.434987,4.20304,1.78346,0.526248,1,3.71344,1.86,0.365785,3.85999,1.78895,0.443238,1,4.08904,1.86,0.279679,4.25799,1.75283,0.364052,1,3.39354,1.86,0.00293583,3.53455,1.80232,0.065957,1,3.25585,1.86,0.353281,3.38055,1.79537,0.428841,1,3.54959,1.86,0.609539,3.68588,1.75914,0.701465,1,4.04641,1.86,0.71521,4.22214,1.72279,0.843265,1,4.67374,1.86,0.712494,4.88241,1.7145,0.834795,1,3.19378,1.86,0.243608,3.3192,1.81846,0.327507,1,4.62861,1.86,0.438314,4.8328,1.72924,0.533358,1,3.85006,1.86,0.338257,4.00658,1.77086,0.428548,1,4.58839,1.86,0.147206,4.76757,1.79769,0.228269,1,3.13588,1.86,0.0477947,3.26068,1.82523,0.117157,1,3.42626,1.86,0.339112,3.55488,1.75742,0.423188,1,4.44133,1.86,0.278231,4.60751,1.7645,0.370705,1,4.56378,1.86,0.321611,4.74598,1.74538,0.410163,1,4.09651,1.86,0.0899499,4.2719,1.78375,0.172321,1,3.38555,1.86,0.142578,3.51323,1.77242,0.204714,1,4.03463,1.86,0.56306,4.20058,1.75102,0.666514,1,3.62961,1.86,0.0143817,3.77504,1.82359,0.0777769,1,4.32734,1.86,0.612462,4.49833,1.76542,0.726442,1,3.93251,1.86,0.0447638,4.07368,1.81319,0.107758,1,3.78016,1.86,0.608605,3.94608,1.74311,0.691083,1,3.13658,1.86,0.665197,3.24712,1.78036,0.758393,1,3.13743,1.86,0.427541,3.25229,1.78864,0.508579,1,4.604,1.86,-0.0289569,4.79234,1.76847,0.0423827,1,3.54338,1.86,0.74184,3.68595,1.76552,0.848242,1,3.80892,1.86,0.135957,3.94027,1.71234,0.198645,1,3.25424,1.86,0.00871447,3.37763,1.80267,0.066058,1,4.36294,1.86,0.149973,4.54727,1.71987,0.234028,1,3.25886,1.86,0.137068,3.38268,1.76879,0.20362,1,4.3004,1.86,0.470448,4.46773,1.78906,0.566942,1,3.78082,1.86,-0.00926672,3.93175,1.77111,0.0533336,1,3.51605,1.86,0.234499,3.65559,1.80395,0.291887,1,
2.33338,2.80244,3.68228,0.258266,2.94855,3.68884,0.351826,4.44141,1.86,0.675488,4.63051,1.76036,0.793671,1,4.22364,1.86,0.710121,4.39956,1.72987,0.858939,1,4.56734,1.86,0.594925,4.75771,1.72588,0.709587,1,4.19637,1.86,0.177929,4.35682,1.78067,0.256952,1,3.9059,1.86,0.718425,4.054,1.74126,0.819149,1,4.17197,1.86,0.535983,4.34632,1.74762,0.643853,1,3.69279,1.86,0.509369,3.84232,1.75807,0.597569,1,3.87072,1.86,0.49878,4.03469,1.76148,0.589028,1,4.42439,1.86,0.469469,4.58764,1.77025,0.574333,1,3.93574,1.86,0.212506,4.09233,1.77014,0.28543,1,3.67208,1.86,0.671971,3.81672,1.74689,0.783903,1,4.21754,1.86,0.360275,4.41066,1.70379,0.458498,1,3.52832,1.86,0.095633,3.66051,1.78204,0.164477,1,3.40657,1.86,0.713917,3.51944,1.7359,0.826955,1,3.25796,1.86,0.750395,3.3745,1.76778,0.853443,1,4.24294,1.86,0.0339146,4.41606,1.74488,0.107734,1,3.64053,1.86,0.214165,3.7848,1.80756,0.290778,1,3.18611,1.86,0.544489,3.31268,1.783,0.628825,1,3.37386,1.86,0.541204,3.49356,1.78587,0.633749,1,3.54117,1.86,0.436442,3.68784,1.81122,0.52652,1,4.43955,1.86,0.0450994,4.60463,1.82099,0.12807,1,4.04713,1.86,0.434987,4.20304,1.78346,0.526248,1,3.71344,1.86,0.365785,3.85629,1.79549,0.443595,1,4.08904,1.86,0.279679,4.25799,1.75283,0.364052,1,3.39354,1.86,0.00293583,3.53562,1.80529,0.0671288,1,3.25585,1.86,0.353281,3.3814,1.79863,0.428221,1,3.54959,1.86,0.609539,3.68298,1.76347,0.700731,1,4.04641,1.86,0.71521,4.22214,1.72279,0.843265,1,4.67374,1.86,0.712494,4.88241,1.7145,0.834795,1,3.19378,1.86,0.243608,3.31728,1.81965,0.327974,1,4.62861,1.86,0.438314,4.8328,1.72924,0.533358,1,3.85006,1.86,0.338257,4.00364,1.77536,0.428874,1,4.58839,1.86,0.147206,4.76757,1.79769,0.228269,1,3.13588,1.86,0.0477947,3.25998,1.82587,0.117874,1,3.42626,1.86,0.339112,3.55427,1.7616,0.423687,1,4.44133,1.86,0.278231,4.60751,1.7645,0.370705,1,4.56378,1.86,0.321611,4.74598,1.74538,0.410163,1,4.09651,1.86,0.0899499,4.2719,1.78375,0.172321,1,3.38555,1.86,0.142578,3.51264,1.77456,0.204878,1,4.03463,1.86,0.56306,4.20058,1.75102,0.666514,1,3.62961,1.86,0.0143817,3.77057,1.82909,0.0800468,1,4.32734,1.86,0.612462,4.49833,1.76542,0.726442,1,3.93251,1.86,0.0447638,4.07368,1.81319,0.107758,1,3.78016,1.86,0.608605,3.94294,1.74685,0.690481,1,3.13658,1.86,0.665197,3.24696,1.7815,0.758144,1,3.13743,1.86,0.427541,3.2521,1.78988,0.509246,1,4.604,1.86,-0.0289569,4.79234,1.76847,0.0423827,1,3.54338,1.86,0.74184,3.685,1.76817,0.848873,1,3.80892,1.86,0.135957,3.94027,1.71234,0.198645,1,3.25424,1.86,0.00871447,3.3774,1.80623,0.0619615,1,4.36294,1.86,0.149973,4.54727,1.71987,0.234028,1,3.25886,1.86,0.137068,3.37994,1.77111,0.205319,1,4.3004,1.86,0.470448,4.46773,1.78906,0.566942,1,3.78082,1.86,-0.00926672,3.93091,1.77942,0.0557604,1,3.51605,1.86,0.234499,3.65395,1.80847,0.29203,1,
2.36672,2.79136,3.68315,0.25814,2.93608,3.68904,0.352154,4.44141,1.86,0.675488,4.63051,1.76036,0.793671,1,4.22364,1.86,0.710121,4.39956,1.72987,0.858939,1,4.56734,1.86,0.594925,4.75771,1.72588,0.709587,1,4.19637,1.86,0.177929,4.35682,1.78067,0.256952,1,3.9059,1.86,0.718425,4.054,1.74126,0.819149,1,4.17197,1.86,0.535983,4.34632,1.74762,0.643853,1,3.69279,1.86,0.509369,3.85128,1.75221,0.599481,1,3.87072,1.86,0.49878,4.03469,1.76148,0.589028,1,4.42439,1.86,0.469469,4.58764,1.77025,0.574333,1,3.93574,1.86,0.212506,4.09233,1.77014,0.28543,1,3.67208,1.86,0.671971,3.82571,1.74134,0.786349,1,4.21754,1.86,0.360275,4.41066,1.70379,0.458498,1,3.52832,1.86,0.095633,3.67094,1.77613,0.164858,1,3.40657,1.86,0.713917,3.51944,1.7359,0.826955,1,3.25796,1.86,0.750395,3.38295,1.75666,0.857341,1,4.24294,1.86,0.0339146,4.41606,1.74488,0.107734,1,3.64053,1.86,0.214165,3.79456,1.80054,0.288166,1,3.18611,1.86,0.544489,3.31978,1.77119,0.631669,1,3.37386,1.86,0.541204,3.50091,1.77706,0.636201,1,3.54117,1.86,0.436442,3.69599,1.80439,0.527647,1,4.43955,1.86,0.0450994,4.60463,1.82099,0.12807,1,4.04713,1.86,0.434987,4.20304,1.78346,0.526248,1,3.71344,1.86,0.365785,3.86428,1.79039,0.444357,1,4.08904,1.86,0.279679,4.25799,1.75283,0.364052,1,3.39354,1.86,0.00293583,3.54246,1.79606,0.0664783,1,3.25585,1.86,0.353281,3.38915,1.78738,0.43006,1,3.54959,1.86,0.609539,3.69076,1.75588,0.703288,1,4.04641,1.86,0.71521,4.22214,1.72279,0.843265,1,4.67374,1.86,0.712494,4.88241,1.7145,0.834795,1,3.19378,1.86,0.243608,3.32628,1.80779,0.330972,1,4.62861,1.86,0.438314,4.8328,1.72924,0.533358,1,3.85006,1.86,0.338257,4.00364,1.77536,0.428874,1,4.58839,1.86,0.147206,4.76757,1.79769,0.228269,1,3.13588,1.86,0.0477947,3.26623,1.8126,0.118232,1,3.42626,1.86,0.339112,3.56323,1.75278,0.425185,1,4.44133,1.86,0.278231,4.60751,1.7645,0.370705,1,4.56378,1.86,0.321611,4.74598,1.74538,0.410163,1,4.09651,1.86,0.0899499,4.2719,1.78375,0.172321,1,3.38555,1.86,0.142578,3.51791,1.76442,0.20687,1,4.03463,1.86,0.56306,4.20058,1.75102,0.666514,1,3.62961,1.86,0.0143817,3.78127,1.82184,0.0798661,1,4.32734,1.86,0.612462,4.49833,1.76542,0.726442,1,3.93251,1.86,0.0447638,4.07368,1.81319,0.107758,1,3.78016,1.86,0.608605,3.95053,1.74094,0.689465,1,3.13658,1.86,0.665197,3.2573,1.77006,0.763821,1,3.13743,1.86,0.427541,3.25878,1.77697,0.513984,1,4.604,1.86,-0.0289569,4.79234,1.76847,0.0423827,1,3.54338,1.86,0.74184,3.69551,1.76149,0.849044,1,3.80892,1.86,0.135957,3.94027,1.71234,0.198645,1,3.25424,1.86,0.00871447,3.3853,1.79473,0.0645117,1,4.36294,1.86,0.149973,4.54727,1.71987,0.234028,1,3.25886,1.86,0.137068,3.38734,1.75965,0.206138,1,4.3004,1.86,0.470448,4.46773,1.78906,0.566942,1,3.78082,1.86,-0.00926672,3.93847,1.77689,0.0565324,1,3.51605,1.86,0.234499,3.66242,1.8005,0.292294,1,
2.40005,2.78004,3.68402,0.258056,2.92557,3.68985,0.352449,4.44141,1.86,0.675488,4.63051,1.76036,0.793671,1,4.22364,1.86,0.710121,4.39956,1.72987,0.858939,1,4.56734,1.86,0.594925,4.75771,1.72588,0.709587,1,4.19637,1.86,0.177929,4.35682,1.78067,0.256952,1,3.9059,1.86,0.718425,4.054,1.74126,0.819149,1,4.17197,1.86,0.535983,4.34632,1.74762,0.643853,1,3.69279,1.86,0.509369,3.84613,1.77412,0.596022,1,3.87072,1.86,0.49878,4.03469,1.76148,0.589028,1,4.42439,1.86,0.469469,4.58764,1.77025,0.574333,1,3.93574,1.86,0.212506,4.09233,1.77014,0.28543,1,3.67208,1.86,0.671971,3.82134,1.76194,0.783777,1,4.21754,1.86,0.360275,4.41066,1.70379,0.458498,1,3.52832,1.86,0.095633,3.67064,1.79898,0.167417,1,3.40657,1.86,0.713917,3.51944,1.7359,0.826955,1,3.25796,1.86,0.750395,3.37937,1.77401,0.855097,1,4.24294,1.86,0.0339146,4.41606,1.74488,0.107734,1,3.64053,1.86,0.214165,3.78867,1.8219,0.288791,1,3.18611,1.86,0.544489,3.32124,1.78939,0.630175,1,3.37386,1.86,0.541204,3.50034,1.79623,0.634505,1,3.54117,1.86,0.436442,3.69253,1.82554,0.526819,1,4.43955,1.86,0.0450994,4.60463,1.82099,0.12807,1,4.04713,1.86,0.434987,4.20304,1.78346,0.526248,1,3.71344,1.86,0.365785,3.8575,1.8121,0.444499,1,4.08904,1.86,0.279679,4.25799,1.75283,0.364052,1,3.39354,1.86,0.00293583,3.53994,1.81405,0.0702795,1,3.25585,1.86,0.353281,3.38716,1.80531,0.43109,1,3.54959,1.86,0.609539,3.68787,1.77631,0.700733,1,4.04641,1.86,0.71521,4.22214,1.72279,0.843265,1,4.67374,1.86,0.712494,4.88241,1.7145,0.834795,1,3.19378,1.86,0.243608,3.32862,1.82716,0.327938,1,4.62861,1.86,0.438314,4.8328,1.72924,0.533358,1,3.85006,1.86,0.338257,4.00364,1.77536,0.428874,1,4.58839,1.86,0.147206,4.76757,1.79769,0.228269,1,3.13588,1.86,0.0477947,3.26874,1.83039,0.121747,1,3.42626,1.86,0.339112,3.56121,1.77278,0.426318,1,4.44133,1.86,0.278231,4.60751,1.7645,0.370705,1,4.56378,1.86,0.321611,4.74598,1.74538,0.410163,1,4.09651,1.86,0.0899499,4.2719,1.78375,0.172321,1,3.38555,1.86,0.142578,3.51715,1.78381,0.209555,1,4.03463,1.86,0.56306,4.20058,1.75102,0.666514,1,3.62961,1.86,0.0143817,3.77444,1.8438,0.0837027,1,4.32734,1.86,0.612462,4.49833,1.76542,0.726442,1,3.93251,1.86,0.0447638,4.07368,1.81319,0.107758,1,3.78016,1.86,0.608605,3.94311,1.76106,0.683583,1,3.13658,1.86,0.665197,3.25754,1.78751,0.761966,1,3.13743,1.86,0.427541,3.25902,1.79466,0.513773,1,4.604,1.86,-0.0289569,4.79234,1.76847,0.0423827,1,3.54338,1.86,0.74184,3.69083,1.78145,0.845777,1,3.80892,1.86,0.135957,3.94027,1.71234,0.198645,1,3.25424,1.86,0.00871447,3.38761,1.8128,0.0722125,1,4.36294,1.86,0.149973,4.54727,1.71987,0.234028,1,3.25886,1.86,0.137068,3.38919,1.77934,0.207861,1,4.3004,1.86,0.470448,4.46773,1.78906,0.566942,1,3.78082,1.86,-0.00926672,3.93275,1.79754,0.0609235,1,3.51605,1.86,0.234499,3.65952,1.82122,0.294126,1,
2.43339,2.78004,3.68402,0.258056,2.91555,3.69081,0.352736,4.44141,1.86,0.675488,4.63051,1.76036,0.793671,1,4.22364,1.86,0.710121,4.39956,1.72987,0.858939,1,4.56734,1.86,0.594925,4.75771,1.72588,0.709587,1,4.19637,1.86,0.177929,4.35682,1.78067,0.256952,1,3.9059,1.86,0.718425,4.054,1.74126,0.819149,1,4.17197,1.86,0.535983,4.34632,1.74762,0.643853,1,3.69279,1.86,0.509369,3.85656,1.76321,0.595951,1,3.87072,1.86,0.49878,4.03469,1.76148,0.589028,1,4.42439,1.86,0.469469,4.58764,1.77025,0.574333,1,3.93574,1.86,0.212506,4.09233,1.77014,0.28543,1,3.67208,1.86,0.671971,3.83612,1.75288,0.782814,1,4.21754,1.86,0.360275,4.41066,1.70379,0.458498,1,3.52832,1.86,0.095633,3.67903,1.78944,0.165532,1,3.40657,1.86,0.713917,3.51944,1.7359,0.826955,1,3.25796,1.86,0.750395,3.3889,1.76772,0.855097,1,4.24294,1.86,0.0339146,4.41606,1.74488,0.107734,1,3.64053,1.86,0.214165,3.79904,1.80996,0.287604,1,3.18611,1.86,0.544489,3.32638,1.7832,0.63232,1,3.37386,1.86,0.541204,3.50931,1.78881,0.634063,1,3.54117,1.86,0.436442,3.70183,1.81618,0.526232,1,4.43955,1.86,0.0450994,4.60463,1.82099,0.12807,1,4.04713,1.86,0.434987,4.20304,1.78346,0.526248,1,3.71344,1.86,0.365785,3.86776,1.80119,0.444246,1,4.08904,1.86,0.279679,4.25799,1.75283,0.364052,1,3.39354,1.86,0.00293583,3.55043,1.80636,0.0679378,1,3.25585,1.86,0.353281,3.3987,1.79881,0.428877,1,3.54959,1.86,0.609539,3.69859,1.76788,0.700019,1,4.04641,1.86,0.71521,4.22214,1.72279,0.843265,1,4.67374,1.86,0.712494,4.88241,1.7145,0.834795,1,3.19378,1.86,0.243608,3.33482,1.82049,0.328541,1,4.62861,1.86,0.438314,4.8328,1.72924,0.533358,1,3.85006,1.86,0.338257,4.00364,1.77536,0.428874,1,4.58839,1.86,0.147206,4.76757,1.79769,0.228269,1,3.13588,1.86,0.0477947,3.27512,1.82504,0.118813,1,3.42626,1.86,0.339112,3.56973,1.76352,0.425173,1,4.44133,1.86,0.278231,4.60751,1.7645,0.370705,1,4.56378,1.86,0.321611,4.74598,1.74538,0.410163,1,4.09651,1.86,0.0899499,4.2719,1.78375,0.172321,1,3.38555,1.86,0.142578,3.52191,1.77565,0.206895,1,4.03463,1.86,0.56306,4.20058,1.75102,0.666514,1,3.62961,1.86,0.0143817,3.78425,1.83125,0.0803879,1,4.32734,1.86,0.612462,4.49833,1.76542,0.726442,1,3.93251,1.86,0.0447638,4.07368,1.81319,0.107758,1,3.78016,1.86,0.608605,3.95556,1.75191,0.68784,1,3.13658,1.86,0.665197,3.26465,1.78151,0.761042,1,3.13743,1.86,0.427541,3.26609,1.78898,0.512062,1,4.604,1.86,-0.0289569,4.79234,1.76847,0.0423827,1,3.54338,1.86,0.74184,3.69948,1.7702,0.848458,1,3.80892,1.86,0.135957,3.94027,1.71234,0.198645,1,3.25424,1.86,0.00871447,3.39197,1.80614,0.0691631,1,4.36294,1.86,0.149973,4.54727,1.71987,0.234028,1,3.25886,1.86,0.137068,3.39662,1.77285,0.206135,1,4.3004,1.86,0.470448,4.46773,1.78906,0.566942,1,3.78082,1.86,-0.00926672,3.94425,1.78617,0.0577225,1,3.51605,1.86,0.234499,3.6687,1.81178,0.293688,1,
2.46672,2.75156,3.68619,0.258556,2.88739,3.69286,0.353523,4.44141,1.86,0.675488,4.63051,1.76036,0.793671,1,4.22364,1.86,0.710121,4.39956,1.72987,0.858939,1,4.56734,1.86,0.594925,4.75771,1.72588,0.709587,1,4.19637,1.86,0.177929,4.35682,1.78067,0.256952,1,3.9059,1.86,0.718425,4.054,1.74126,0.819149,1,4.17197,1.86,0.535983,4.34632,1.74762,0.643853,1,3.69279,1.86,0.509369,3.83905,1.77014,0.595582,1,3.87072,1.86,0.49878,4.03469,1.76148,0.589028,1,4.42439,1.86,0.469469,4.58764,1.77025,0.574333,1,3.93574,1.86,0.212506,4.09233,1.77014,0.28543,1,3.67208,1.86,0.671971,3.819,1.76296,0.780987,1,4.21754,1.86,0.360275,4.41066,1.70379,0.458498,1,3.52832,1.86,0.095633,3.66356,1.79316,0.166239,1,3.40657,1.86,0.713917,3.51944,1.7359,0.826955,1,3.25796,1.86,0.750395,3.37427,1.77304,0.851978,1,4.24294,1.86,0.0339146,4.41606,1.74488,0.107734,1,3.64053,1.86,0.214165,3.78255,1.81767,0.288209,1,3.18611,1.86,0.544489,3.31097,1.78803,0.630823,1,3.37386,1.86,0.541204,3.4925,1.79425,0.632858,1,3.54117,1.86,0.436442,3.68391,1.82222,0.526198,1,4.43955,1.86,0.0450994,4.60463,1.82099,0.12807,1,4.04713,1.86,0.434987,4.20304,1.78346,0.526248,1,3.71344,1.86,0.365785,3.84979,1.80889,0.444312,1,4.08904,1.86,0.279679,4.25799,1.75283,0.364052,1,3.39354,1.86,0.00293583,3.53323,1.81319,0.0682759,1,3.25585,1.86,0.353281,3.38083,1.80502,0.430249,1,3.54959,1.86,0.609539,3.68042,1.7745,0.699436,1,4.04641,1.86,0.71521,4.22214,1.72279,0.843265,1,4.67374,1.86,0.712494,4.88241,1.7145,0.834795,1,3.19378,1.86,0.243608,3.32062,1.82561,0.327644,1,4.62861,1.86,0.438314,4.8328,1.72924,0.533358,1,3.85006,1.86,0.338257,4.00364,1.77536,0.428874,1,4.58839,1.86,0.147206,4.76757,1.79769,0.228269,1,3.13588,1.86,0.0477947,3.26035,1.83034,0.118555,1,3.42626,1.86,0.339112,3.55639,1.77016,0.423065,1,4.44133,1.86,0.278231,4.60751,1.7645,0.370705,1,4.56378,1.86,0.321611,4.74598,1.74538,0.410163,1,4.09651,1.86,0.0899499,4.2719,1.78375,0.172321,1,3.38555,1.86,0.142578,3.50648,1.78127,0.205622,1,4.03463,1.86,0.56306,4.20058,1.75102,0.666514,1,3.62961,1.86,0.0143817,3.76934,1.83967,0.081523,1,4.32734,1.86,0.612462,4.49833,1.76542,0.726442,1,3.93251,1.86,0.0447638,4.07368,1.81319,0.107758,1,3.78016,1.86,0.608605,3.93532,1.75979,0.686437,1,3.13658,1.86,0.665197,3.24484,1.78503,0.757324,1,3.13743,1.86,0.427541,3.2524,1.79436,0.509485,1,4.604,1.86,-0.0289569,4.79234,1.76847,0.0423827,1,3.54338,1.86,0.74184,3.68187,1.77543,0.846944,1,3.80892,1.86,0.135957,3.94027,1.71234,0.198645,1,3.25424,1.86,0.00871447,3.3745,1.81011,0.0660712,1,4.36294,1.86,0.149973,4.54727,1.71987,0.234028,1,3.25886,1.86,0.137068,3.37907,1.77772,0.205388,1,4.3004,1.86,0.470448,4.46773,1.78906,0.566942,1,3.78082,1.86,-0.00926672,3.92747,1.79348,0.0591063,1,3.51605,1.86,0.234499,3.65356,1.81881,0.291619,1,
2.50005,2.72436,3.6883,0.259019,2.86006,3.69472,0.354284,4.44141,1.86,0.675488,4.63051,1.76036,0.793671,1,4.22364,1.86,0.710121,4.39956,1.72987,0.858939,1,4.56734,1.86,0.594925,4.75771,1.72588,0.709587,1,4.19637,1.86,0.177929,4.35682,1.78067,0.256952,1,3.9059,1.86,0.718425,4.054,1.74126,0.819149,1,4.17197,1.86,0.535983,4.34632,1.74762,0.643853,1,3.69279,1.86,0.509369,3.8389,1.75208,0.599248,1,3.87072,1.86,0.49878,4.03469,1.76148,0.589028,1,4.42439,1.86,0.469469,4.58764,1.77025,0.574333,1,3.93574,1.86,0.212506,4.09233,1.77014,0.28543,1,3.67208,1.86,0.671971,3.81374,1.74039,0.787923,1,4.21754,1.86,0.360275,4.41066,1.70379,0.458498,1,3.52832,1.86,0.095633,3.65918,1.77258,0.165175,1,3.40657,1.86,0.713917,3.51944,1.7359,0.826955,1,3.25796,1.86,0.750395,3.36808,1.75438,0.857981,1,4.24294,1.86,0.0339146,4.41606,1.74488,0.107734,1,3.64053,1.86,0.214165,3.7795,1.79871,0.290162,1,3.18611,1.86,0.544489,3.30231,1.76867,0.639207,1,3.37386,1.86,0.541204,3.4852,1.77389,0.638165,1,3.54117,1.86,0.436442,3.6792,1.80187,0.529824,1,4.43955,1.86,0.0450994,4.60463,1.82099,0.12807,1,4.04713,1.86,0.434987,4.20304,1.78346,0.526248,1,3.71344,1.86,0.365785,3.8462,1.78977,0.446952,1,4.08904,1.86,0.279679,4.25799,1.75283,0.364052,1,3.39354,1.86,0.00293583,3.52846,1.79235,0.0661442,1,3.25585,1.86,0.353281,3.37644,1.78356,0.430505,1,3.54959,1.86,0.609539,3.67666,1.75423,0.704875,1,4.04641,1.86,0.71521,4.22214,1.72279,0.843265,1,4.67374,1.86,0.712494,4.88241,1.7145,0.834795,1,3.19378,1.86,0.243608,3.31313,1.8052,0.329026,1,4.62861,1.86,0.438314,4.8328,1.72924,0.533358,1,3.85006,1.86,0.338257,4.00364,1.77536,0.428874,1,4.58839,1.86,0.147206,4.76757,1.79769,0.228269,1,3.13588,1.86,0.0477947,3.25378,1.81028,0.116314,1,3.42626,1.86,0.339112,3.55039,1.75096,0.425597,1,4.44133,1.86,0.278231,4.60751,1.7645,0.370705,1,4.56378,1.86,0.321611,4.74598,1.74538,0.410163,1,4.09651,1.86,0.0899499,4.2719,1.78375,0.172321,1,3.38555,1.86,0.142578,3.50163,1.76265,0.205801,1,4.03463,1.86,0.56306,4.20058,1.75102,0.666514,1,3.62961,1.86,0.0143817,3.76444,1.82164,0.0809573,1,4.32734,1.86,0.612462,4.49833,1.76542,0.726442,1,3.93251,1.86,0.0447638,4.07368,1.81319,0.107758,1,3.78016,1.86,0.608605,3.93359,1.73987,0.693067,1,3.13658,1.86,0.665197,3.23423,1.76561,0.764033,1,3.13743,1.86,0.427541,3.24694,1.7744,0.510244,1,4.604,1.86,-0.0289569,4.79234,1.76847,0.0423827,1,3.54338,1.86,0.74184,3.67804,1.75674,0.850441,1,3.80892,1.86,0.135957,3.94027,1.71234,0.198645,1,3.25424,1.86,0.00871447,3.36939,1.79121,0.062387,1,4.36294,1.86,0.149973,4.54727,1.71987,0.234028,1,3.25886,1.86,0.137068,3.37324,1.75706,0.204466,1,4.3004,1.86,0.470448,4.46773,1.78906,0.566942,1,3.78082,1.86,-0.00926672,3.92747,1.79348,0.0591063,1,3.51605,1.86,0.234499,3.64867,1.79955,0.293301,1,
2.53339,2.72436,3.6883,0.259019,2.84497,3.69581,0.354705,4.44141,1.86,0.675488,4.63051,1.76036,0.793671,1,4.22364,1.86,0.710121,4.39956,1.72987,0.858939,1,4.56734,1.86,0.594925,4.75771,1.72588,0.709587,1,4.19637,1.86,0.177929,4.35682,1.78067,0.256952,1,3.9059,1.86,0.718425,4.054,1.74126,0.819149,1,4.17197,1.86,0.535983,4.34632,1.74762,0.643853,1,3.69279,1.86,0.509369,3.82621,1.7781,0.598842,1,3.87072,1.86,0.49878,4.03469,1.76148,0.589028,1,4.42439,1.86,0.469469,4.58764,1.77025,0.574333,1,3.93574,1.86,0.212506,4.09233,1.77014,0.28543,1,3.67208,1.86,0.671971,3.80585,1.76161,0.785747,1,4.21754,1.86,0.360275,4.41066,1.70379,0.458498,1,3.52832,1.86,0.095633,3.65371,1.79437,0.169862,1,3.40657,1.86,0.713917,3.51944,1.7359,0.826955,1,3.25796,1.86,0.750395,3.36569,1.76914,0.856567,1,4.24294,1.86,0.0339146,4.41606,1.74488,0.107734,1,3.64053,1.86,0.214165,3.77011,1.82298,0.293519,1,3.18611,1.86,0.544489,3.30176,1.78325,0.639837,1,3.37386,1.86,0.541204,3.47855,1.79125,0.638646,1,3.54117,1.86,0.436442,3.66969,1.82365,0.530397,1,4.43955,1.86,0.0450994,4.60463,1.82099,0.12807,1,4.04713,1.86,0.434987,4.20304,1.78346,0.526248,1,3.71344,1.86,0.365785,3.83447,1.81462,0.448298,1,4.08904,1.86,0.279679,4.25799,1.75283,0.364052,1,3.39354,1.86,0.00293583,3.52312,1.81139,0.0721956,1,3.25585,1.86,0.353281,3.37196,1.79982,0.43308,1,3.54959,1.86,0.609539,3.66799,1.77616,0.704196,1,4.04641,1.86,0.71521,4.22214,1.72279,0.843265,1,4.67374,1.86,0.712494,4.88241,1.7145,0.834795,1,3.19378,1.86,0.243608,3.30907,1.81884,0.329881,1,4.62861,1.86,0.438314,4.8328,1.72924,0.533358,1,3.85006,1.86,0.338257,4.00364,1.77536,0.428874,1,4.58839,1.86,0.147206,4.76757,1.79769,0.228269,1,3.13588,1.86,0.0477947,3.25064,1.82243,0.121423,1,3.42626,1.86,0.339112,3.54572,1.76947,0.428219,1,4.44133,1.86,0.278231,4.60751,1.7645,0.370705,1,4.56378,1.86,0.321611,4.74598,1.74538,0.410163,1,4.09651,1.86,0.0899499,4.2719,1.78375,0.172321,1,3.38555,1.86,0.142578,3.49714,1.78187,0.210601,1,4.03463,1.86,0.56306,4.20058,1.75102,0.666514,1,3.62961,1.86,0.0143817,3.75556,1.84338,0.0864587,1,4.32734,1.86,0.612462,4.49833,1.76542,0.726442,1,3.93251,1.86,0.0447638,4.07368,1.81319,0.107758,1,3.78016,1.86,0.608605,3.93359,1.73987,0.693067,1,3.13658,1.86,0.665197,3.23012,1.77778,0.766037,1,3.13743,1.86,0.427541,3.24242,1.7867,0.514555,1,4.604,1.86,-0.0289569,4.79234,1.76847,0.0423827,1,3.54338,1.86,0.74184,3.6698,1.77909,0.848603,1,3.80892,1.86,0.135957,3.94027,1.71234,0.198645,1,3.25424,1.86,0.00871447,3.36723,1.80784,0.0645522,1,4.36294,1.86,0.149973,4.54727,1.71987,0.234028,1,3.25886,1.86,0.137068,3.3726,1.77376,0.209792,1,4.3004,1.86,0.470448,4.46773,1.78906,0.566942,1,3.78082,1.86,-0.00926672,3.92747,1.79348,0.0591063,1,3.51605,1.86,0.234499,3.64137,1.81993,0.296542,1,
2.56672,2.69655,3.69049,0.259447,2.83338,3.69833,0.355078,4.44141,1.86,0.675488,4.63051,1.76036,0.793671,1,4.22364,1.86,0.710121,4.39956,1.72987,0.858939,1,4.56734,1.86,0.594925,4.75771,1.72588,0.709587,1,4.19637,1.86,0.177929,4.35682,1.78067,0.256952,1,3.9059,1.86,0.718425,4.054,1.74126,0.819149,1,4.17197,1.86,0.535983,4.34632,1.74762,0.643853,1,3.69279,1.86,0.509369,3.82805,1.77546,0.599607,1,3.87072,1.86,0.49878,4.03469,1.76148,0.589028,1,4.42439,1.86,0.469469,4.58764,1.77025,0.574333,1,3.93574,1.86,0.212506,4.09233,1.77014,0.28543,1,3.67208,1.86,0.671971,3.80394,1.76139,0.787774,1,4.21754,1.86,0.360275,4.41066,1.70379,0.458498,1,3.52832,1.86,0.095633,3.65434,1.79649,0.170929,1,3.40657,1.86,0.713917,3.51944,1.7359,0.826955,1,3.25796,1.86,0.750395,3.36071,1.77027,0.85851,1,4.24294,1.86,0.0339146,4.41606,1.74488,0.107734,1,3.64053,1.86,0.214165,3.76858,1.82215,0.294281,1,3.18611,1.86,0.544489,3.29946,1.78567,0.640009,1,3.37386,1.86,0.541204,3.47691,1.79231,0.639266,1,3.54117,1.86,0.436442,3.66799,1.82294,0.53052,1,4.43955,1.86,0.0450994,4.60463,1.82099,0.12807,1,4.04713,1.86,0.434987,4.20304,1.78346,0.526248,1,3.71344,1.86,0.365785,3.83301,1.81327,0.449693,1,4.08904,1.86,0.279679,4.25799,1.75283,0.364052,1,3.39354,1.86,0.00293583,3.52269,1.81236,0.0728887,1,3.25585,1.86,0.353281,3.3705,1.80069,0.43371,1,3.54959,1.86,0.609539,3.66569,1.77502,0.703834,1,4.04641,1.86,0.71521,4.22214,1.72279,0.843265,1,4.67374,1.86,0.712494,4.88241,1.7145,0.834795,1,3.19378,1.86,0.243608,3.30798,1.82055,0.329933,1,4.62861,1.86,0.438314,4.8328,1.72924,0.533358,1,3.85006,1.86,0.338257,4.00364,1.77536,0.428874,1,4.58839,1.86,0.147206,4.76757,1.79769,0.228269,1,3.13588,1.86,0.0477947,3.25096,1.8249,0.120452,1,3.42626,1.86,0.339112,3.54451,1.77054,0.429555,1,4.44133,1.86,0.278231,4.60751,1.7645,0.370705,1,4.56378,1.86,0.321611,4.74598,1.74538,0.410163,1,4.09651,1.86,0.0899499,4.2719,1.78375,0.172321,1,3.38555,1.86,0.142578,3.49761,1.78378,0.210039,1,4.03463,1.86,0.56306,4.20058,1.75102,0.666514,1,3.62961,1.86,0.0143817,3.75484,1.84321,0.0866628,1,4.32734,1.86,0.612462,4.49833,1.76542,0.726442,1,3.93251,1.86,0.0447638,4.07368,1.81319,0.107758,1,3.78016,1.86,0.608605,3.93359,1.73987,0.693067,1,3.13658,1.86,0.665197,3.22617,1.77964,0.762613,1,3.13743,1.86,0.427541,3.24195,1.78864,0.515145,1,4.604,1.86,-0.0289569,4.79234,1.76847,0.0423827,1,3.54338,1.86,0.74184,3.66848,1.77872,0.849395,1,3.80892,1.86,0.135957,3.94027,1.71234,0.198645,1,3.25424,1.86,0.00871447,3.36771,1.81017,0.0638725,1,4.36294,1.86,0.149973,4.54727,1.71987,0.234028,1,3.25886,1.86,0.137068,3.36809,1.77559,0.209078,1,4.3004,1.86,0.470448,4.46773,1.78906,0.566942,1,3.78082,1.86,-0.00926672,3.92747,1.79348,0.0591063,1,3.51605,1.86,0.234499,3.6411,1.82021,0.297207,1,
2.60006,2.69655,3.69049,0.259447,2.81791,3.69952,0.355513,4.44141,1.86,0.675488,4.63051,1.76036,0.793671,1,4.22364,1.86,0.710121,4.39956,1.72987,0.858939,1,4.56734,1.86,0.594925,4.75771,1.72588,0.709587,1,4.19637,1.86,0.177929,4.35682,1.78067,0.256952,1,3.9059,1.86,0.718425,4.054,1.74126,0.819149,1,4.17197,1.86,0.535983,4.34632,1.74762,0.643853,1,3.69279,1.86,0.509369,3.82727,1.777,0.596776,1,3.87072,1.86,0.49878,4.03469,1.76148,0.589028,1,4.42439,1.86,0.469469,4.58764,1.77025,0.574333,1,3.93574,1.86,0.212506,4.09233,1.77014,0.28543,1,3.67208,1.86,0.671971,3.80387,1.75993,0.785468,1,4.21754,1.86,0.360275,4.41066,1.70379,0.458498,1,3.52832,1.86,0.095633,3.65032,1.7948,0.169264,1,3.40657,1.86,0.713917,3.51944,1.7359,0.826955,1,3.25796,1.86,0.750395,3.36017,1.76994,0.857955,1,4.24294,1.86,0.0339146,4.41606,1.74488,0.107734,1,3.64053,1.86,0.214165,3.7681,1.82072,0.291666,1,3.18611,1.86,0.544489,3.29958,1.78643,0.638277,1,3.37386,1.86,0.541204,3.47602,1.79307,0.637194,1,3.54117,1.86,0.436442,3.66675,1.82302,0.52926,1,4.43955,1.86,0.0450994,4.60463,1.82099,0.12807,1,4.04713,1.86,0.434987,4.20304,1.78346,0.526248,1,3.71344,1.86,0.365785,3.83181,1.81326,0.44714,1,4.08904,1.86,0.279679,4.25799,1.75283,0.364052,1,3.39354,1.86,0.00293583,3.52271,1.81294,0.0710867,1,3.25585,1.86,0.353281,3.37148,1.8015,0.431711,1,3.54959,1.86,0.609539,3.66277,1.77312,0.700205,1,4.04641,1.86,0.71521,4.22214,1.72279,0.843265,1,4.67374,1.86,0.712494,4.88241,1.7145,0.834795,1,3.19378,1.86,0.243608,3.30851,1.82258,0.329401,1,4.62861,1.86,0.438314,4.8328,1.72924,0.533358,1,3.85006,1.86,0.338257,4.00364,1.77536,0.428874,1,4.58839,1.86,0.147206,4.76757,1.79769,0.228269,1,3.13588,1.86,0.0477947,3.24902,1.82514,0.121019,1,3.42626,1.86,0.339112,3.5467,1.77125,0.428069,1,4.44133,1.86,0.278231,4.60751,1.7645,0.370705,1,4.56378,1.86,0.321611,4.74598,1.74538,0.410163,1,4.09651,1.86,0.0899499,4.2719,1.78375,0.172321,1,3.38555,1.86,0.142578,3.49603,1.78286,0.209341,1,4.03463,1.86,0.56306,4.20058,1.75102,0.666514,1,3.62961,1.86,0.0143817,3.75321,1.84214,0.0854945,1,4.32734,1.86,0.612462,4.49833,1.76542,0.726442,1,3.93251,1.86,0.0447638,4.07368,1.81319,0.107758,1,3.78016,1.86,0.608605,3.93359,1.73987,0.693067,1,3.13658,1.86,0.665197,3.22958,1.78214,0.763526,1,3.13743,1.86,0.427541,3.2414,1.79007,0.512575,1,4.604,1.86,-0.0289569,4.79234,1.76847,0.0423827,1,3.54338,1.86,0.74184,3.66747,1.77822,0.848268,1,3.80892,1.86,0.135957,3.94027,1.71234,0.198645,1,3.25424,1.86,0.00871447,3.36673,1.81092,0.0637041,1,4.36294,1.86,0.149973,4.54727,1.71987,0.234028,1,3.25886,1.86,0.137068,3.36843,1.77473,0.208682,1,4.3004,1.86,0.470448,4.46773,1.78906,0.566942,1,3.78082,1.86,-0.00926672,3.92747,1.79348,0.0591063,1,3.51605,1.86,0.234499,3.63898,1.81945,0.297249,1,
2.63339,2.66886,3.69256,0.259834,2.8073,3.70083,0.355825,4.44141,1.86,0.675488,4.63051,1.76036,0.793671,1,4.22364,1.86,0.710121,4.39956,1.72987,0.858939,1,4.56734,1.86,0.594925,4.75771,1.72588,0.709587,1,4.19637,1.86,0.177929,4.35682,1.78067,0.256952,1,3.9059,1.86,0.718425,4.054,1.74126,0.819149,1,4.17197,1.86,0.535983,4.34632,1.74762,0.643853,1,3.69279,1.86,0.509369,3.83088,1.77361,0.596656,1,3.87072,1.86,0.49878,4.03469,1.76148,0.589028,1,4.42439,1.86,0.469469,4.58764,1.77025,0.574333,1,3.93574,1.86,0.212506,4.09233,1.77014,0.28543,1,3.67208,1.86,0.671971,3.80435,1.7563,0.784465,1,4.21754,1.86,0.360275,4.41066,1.70379,0.458498,1,3.52832,1.86,0.095633,3.65681,1.79215,0.167249,1,3.40657,1.86,0.713917,3.51944,1.7359,0.826955,1,3.25796,1.86,0.750395,3.36133,1.76961,0.854774,1,4.24294,1.86,0.0339146,4.41606,1.74488,0.107734,1,3.64053,1.86,0.214165,3.77121,1.81835,0.290236,1,3.18611,1.86,0.544489,3.29876,1.78668,0.634956,1,3.37386,1.86,0.541204,3.47782,1.79302,0.63456,1,3.54117,1.86,0.436442,3.66931,1.82158,0.528079,1,4.43955,1.86,0.0450994,4.60463,1.82099,0.12807,1,4.04713,1.86,0.434987,4.20304,1.78346,0.526248,1,3.71344,1.86,0.365785,3.83512,1.81069,0.445936,1,4.08904,1.86,0.279679,4.25799,1.75283,0.364052,1,3.39354,1.86,0.00293583,3.5254,1.81275,0.0692404,1,3.25585,1.86,0.353281,3.37049,1.8019,0.429573,1,3.54959,1.86,0.609539,3.66641,1.77238,0.69814,1,4.04641,1.86,0.71521,4.22214,1.72279,0.843265,1,4.67374,1.86,0.712494,4.88241,1.7145,0.834795,1,3.19378,1.86,0.243608,3.31045,1.8244,0.327388,1,4.62861,1.86,0.438314,4.8328,1.72924,0.533358,1,3.85006,1.86,0.338257,4.00364,1.77536,0.428874,1,4.58839,1.86,0.147206,4.76757,1.79769,0.228269,1,3.13588,1.86,0.0477947,3.2535,1.8274,0.118537,1,3.42626,1.86,0.339112,3.54878,1.77185,0.424779,1,4.44133,1.86,0.278231,4.60751,1.7645,0.370705,1,4.56378,1.86,0.321611,4.74598,1.74538,0.410163,1,4.09651,1.86,0.0899499,4.2719,1.78375,0.172321,1,3.38555,1.86,0.142578,3.49951,1.78176,0.207825,1,4.03463,1.86,0.56306,4.20058,1.75102,0.666514,1,3.62961,1.86,0.0143817,3.75847,1.84023,0.0839013,1,4.32734,1.86,0.612462,4.49833,1.76542,0.726442,1,3.93251,1.86,0.0447638,4.07368,1.81319,0.107758,1,3.78016,1.86,0.608605,3.93359,1.73987,0.693067,1,3.13658,1.86,0.665197,3.23022,1.78393,0.759868,1,3.13743,1.86,0.427541,3.24588,1.79187,0.507937,1,4.604,1.86,-0.0289569,4.79234,1.76847,0.0423827,1,3.54338,1.86,0.74184,3.67004,1.77586,0.844684,1,3.80892,1.86,0.135957,3.94027,1.71234,0.198645,1,3.25424,1.86,0.00871447,3.36805,1.81067,0.0641135,1,4.36294,1.86,0.149973,4.54727,1.71987,0.234028,1,3.25886,1.86,0.137068,3.37276,1.77706,0.206293,1,4.3004,1.86,0.470448,4.46773,1.78906,0.566942,1,3.78082,1.86,-0.00926672,3.92747,1.79348,0.0591063,1,3.51605,1.86,0.234499,3.64298,1.81749,0.295799,1,
2.66672,2.6418,3.69464,0.260138,2.79203,3.70194,0.356252,4.44141,1.86,0.675488,4.63051,1.76036,0.793671,1,4.22364,1.86,0.710121,4.39956,1.72987,0.858939,1,4.56734,1.86,0.594925,4.75771,1.72588,0.709587,1,4.19637,1.86,0.177929,4.35682,1.78067,0.256952,1,3.9059,1.86,0.718425,4.054,1.74126,0.819149,1,4.17197,1.86,0.535983,4.34632,1.74762,0.643853,1,3.69279,1.86,0.509369,3.83353,1.77138,0.596373,1,3.87072,1.86,0.49878,4.03469,1.76148,0.589028,1,4.42439,1.86,0.469469,4.58764,1.77025,0.574333,1,3.93574,1.86,0.212506,4.09233,1.77014,0.28543,1,3.67208,1.86,0.671971,3.80763,1.75442,0.784626,1,4.21754,1.86,0.360275,4.41066,1.70379,0.458498,1,3.52832,1.86,0.095633,3.65704,1.79267,0.167231,1,3.40657,1.86,0.713917,3.51944,1.7359,0.826955,1,3.25796,1.86,0.750395,3.36639,1.76976,0.852912,1,4.24294,1.86,0.0339146,4.41606,1.74488,0.107734,1,3.64053,1.86,0.214165,3.77282,1.81656,0.289504,1,3.18611,1.86,0.544489,3.3004,1.78593,0.634557,1,3.37386,1.86,0.541204,3.47897,1.7926,0.636515,1,3.54117,1.86,0.436442,3.67048,1.8205,0.527506,1,4.43955,1.86,0.0450994,4.60463,1.82099,0.12807,1,4.04713,1.86,0.434987,4.20304,1.78346,0.526248,1,3.71344,1.86,0.365785,3.83512,1.81069,0.445936,1,4.08904,1.86,0.279679,4.25799,1.75283,0.364052,1,3.39354,1.86,0.00293583,3.52737,1.81141,0.0691465,1,3.25585,1.86,0.353281,3.37199,1.80032,0.429916,1,3.54959,1.86,0.609539,3.66581,1.77149,0.697901,1,4.04641,1.86,0.71521,4.22214,1.72279,0.843265,1,4.67374,1.86,0.712494,4.88241,1.7145,0.834795,1,3.19378,1.86,0.243608,3.30746,1.82242,0.329118,1,4.62861,1.86,0.438314,4.8328,1.72924,0.533358,1,3.85006,1.86,0.338257,4.00364,1.77536,0.428874,1,4.58839,1.86,0.147206,4.76757,1.79769,0.228269,1,3.13588,1.86,0.0477947,3.25432,1.82733,0.118843,1,3.42626,1.86,0.339112,3.54986,1.7692,0.424872,1,4.44133,1.86,0.278231,4.60751,1.7645,0.370705,1,4.56378,1.86,0.321611,4.74598,1.74538,0.410163,1,4.09651,1.86,0.0899499,4.2719,1.78375,0.172321,1,3.38555,1.86,0.142578,3.49939,1.78041,0.207061,1,4.03463,1.86,0.56306,4.20058,1.75102,0.666514,1,3.62961,1.86,0.0143817,3.76018,1.84056,0.0832926,1,4.32734,1.86,0.612462,4.49833,1.76542,0.726442,1,3.93251,1.86,0.0447638,4.07368,1.81319,0.107758,1,3.78016,1.86,0.608605,3.93359,1.73987,0.693067,1,3.13658,1.86,0.665197,3.23415,1.78321,0.757738,1,3.13743,1.86,0.427541,3.24352,1.79135,0.510097,1,4.604,1.86,-0.0289569,4.79234,1.76847,0.0423827,1,3.54338,1.86,0.74184,3.67213,1.77562,0.844541,1,3.80892,1.86,0.135957,3.94027,1.71234,0.198645,1,3.25424,1.86,0.00871447,3.36853,1.80921,0.0638865,1,4.36294,1.86,0.149973,4.54727,1.71987,0.234028,1,3.25886,1.86,0.137068,3.37417,1.77685,0.206577,1,4.3004,1.86,0.470448,4.46773,1.78906,0.566942,1,3.78082,1.86,-0.00926672,3.92747,1.79348,0.0591063,1,3.51605,1.86,0.234499,3.64397,1.81683,0.296414,1,
2.70006,2.6418,3.69464,0.260138,2.78211,3.70273,0.356531,4.44141,1.86,0.675488,4.63051,1.76036,0.793671,1,4.22364,1.86,0.710121,4.39956,1.72987,0.858939,1,4.56734,1.86,0.594925,4.75771,1.72588,0.709587,1,4.19637,1.86,0.177929,4.35682,1.78067,0.256952,1,3.9059,1.86,0.718425,4.054,1.74126,0.819149,1,4.17197,1.86,0.535983,4.34632,1.74762,0.643853,1,3.69279,1.86,0.509369,3.83521,1.77632,0.596053,1,3.87072,1.86,0.49878,4.03469,1.76148,0.589028,1,4.42439,1.86,0.469469,4.58764,1.77025,0.574333,1,3.93574,1.86,0.212506,4.09233,1.77014,0.28543,1,3.67208,1.86,0.671971,3.80896,1.76111,0.784803,1,4.21754,1.86,0.360275,4.41066,1.70379,0.458498,1,3.52832,1.86,0.095633,3.66165,1.79716,0.168213,1,3.40657,1.86,0.713917,3.51944,1.7359,0.826955,1,3.25796,1.86,0.750395,3.37301,1.7772,0.851696,1,4.24294,1.86,0.0339146,4.41606,1.74488,0.107734,1,3.64053,1.86,0.214165,3.77634,1.82262,0.290838,1,3.18611,1.86,0.544489,3.30556,1.79207,0.635372,1,3.37386,1.86,0.541204,3.48263,1.79805,0.635437,1,3.54117,1.86,0.436442,3.67323,1.8264,0.528014,1,4.43955,1.86,0.0450994,4.60463,1.82099,0.12807,1,4.04713,1.86,0.434987,4.20304,1.78346,0.526248,1,3.71344,1.86,0.365785,3.83512,1.81069,0.445936,1,4.08904,1.86,0.279679,4.25799,1.75283,0.364052,1,3.39354,1.86,0.00293583,3.53083,1.81685,0.0706551,1,3.25585,1.86,0.353281,3.3761,1.80645,0.430497,1,3.54959,1.86,0.609539,3.6691,1.77617,0.698008,1,4.04641,1.86,0.71521,4.22214,1.72279,0.843265,1,4.67374,1.86,0.712494,4.88241,1.7145,0.834795,1,3.19378,1.86,0.243608,3.31128,1.82701,0.329699,1,4.62861,1.86,0.438314,4.8328,1.72924,0.533358,1,3.85006,1.86,0.338257,4.00364,1.77536,0.428874,1,4.58839,1.86,0.147206,4.76757,1.79769,0.228269,1,3.13588,1.86,0.0477947,3.25727,1.83174,0.119403,1,3.42626,1.86,0.339112,3.55301,1.77383,0.425197,1,4.44133,1.86,0.278231,4.60751,1.7645,0.370705,1,4.56378,1.86,0.321611,4.74598,1.74538,0.410163,1,4.09651,1.86,0.0899499,4.2719,1.78375,0.172321,1,3.38555,1.86,0.142578,3.50273,1.78493,0.209324,1,4.03463,1.86,0.56306,4.20058,1.75102,0.666514,1,3.62961,1.86,0.0143817,3.7619,1.84496,0.0853477,1,4.32734,1.86,0.612462,4.49833,1.76542,0.726442,1,3.93251,1.86,0.0447638,4.07368,1.81319,0.107758,1,3.78016,1.86,0.608605,3.93359,1.73987,0.693067,1,3.13658,1.86,0.665197,3.23921,1.78902,0.756861,1,3.13743,1.86,0.427541,3.24986,1.79571,0.509164,1,4.604,1.86,-0.0289569,4.79234,1.76847,0.0423827,1,3.54338,1.86,0.74184,3.67452,1.78113,0.844766,1,3.80892,1.86,0.135957,3.94027,1.71234,0.198645,1,3.25424,1.86,0.00871447,3.37208,1.8142,0.0666035,1,4.36294,1.86,0.149973,4.54727,1.71987,0.234028,1,3.25886,1.86,0.137068,3.37778,1.78162,0.207519,1,4.3004,1.86,0.470448,4.46773,1.78906,0.566942,1,3.78082,1.86,-0.00926672,3.92747,1.79348,0.0591063,1,3.51605,1.86,0.234499,3.64661,1.82185,0.297093,1,
2.73339,2.63014,3.69555,0.259889,2.77165,3.7035,0.356824,4.44141,1.86,0.675488,4.63051,1.76036,0.793671,1,4.22364,1.86,0.710121,4.39956,1.72987,0.858939,1,4.56734,1.86,0.594925,4.75771,1.72588,0.709587,1,4.19637,1.86,0.177929,4.35682,1.78067,0.256952,1,3.9059,1.86,0.718425,4.054,1.74126,0.819149,1,4.17197,1.86,0.535983,4.34632,1.74762,0.643853,1,3.69279,1.86,0.509369,3.83521,1.77632,0.596053,1,3.87072,1.86,0.49878,4.03469,1.76148,0.589028,1,4.42439,1.86,0.469469,4.58764,1.77025,0.574333,1,3.93574,1.86,0.212506,4.09233,1.77014,0.28543,1,3.67208,1.86,0.671971,3.82472,1.74279,0.788877,1,4.21754,1.86,0.360275,4.41066,1.70379,0.458498,1,3.52832,1.86,0.095633,3.67894,1.78016,0.167278,1,3.40657,1.86,0.713917,3.51944,1.7359,0.826955,1,3.25796,1.86,0.750395,3.38464,1.75735,0.857341,1,4.24294,1.86,0.0339146,4.41606,1.74488,0.107734,1,3.64053,1.86,0.214165,3.79252,1.80571,0.291364,1,3.18611,1.86,0.544489,3.31672,1.77161,0.638799,1,3.37386,1.86,0.541204,3.49646,1.77888,0.638622,1,3.54117,1.86,0.436442,3.68904,1.80848,0.530677,1,4.43955,1.86,0.0450994,4.60463,1.82099,0.12807,1,4.04713,1.86,0.434987,4.20304,1.78346,0.526248,1,3.71344,1.86,0.365785,3.83512,1.81069,0.445936,1,4.08904,1.86,0.279679,4.25799,1.75283,0.364052,1,3.39354,1.86,0.00293583,3.54573,1.79699,0.0685511,1,3.25585,1.86,0.353281,3.38874,1.78608,0.432111,1,3.54959,1.86,0.609539,3.68504,1.75949,0.702855,1,4.04641,1.86,0.71521,4.22214,1.72279,0.843265,1,4.67374,1.86,0.712494,4.88241,1.7145,0.834795,1,3.19378,1.86,0.243608,3.32438,1.80713,0.33054,1,4.62861,1.86,0.438314,4.8328,1.72924,0.533358,1,3.85006,1.86,0.338257,4.00364,1.77536,0.428874,1,4.58839,1.86,0.147206,4.76757,1.79769,0.228269,1,3.13588,1.86,0.0477947,3.26853,1.81027,0.116331,1,3.42626,1.86,0.339112,3.56782,1.75376,0.426367,1,4.44133,1.86,0.278231,4.60751,1.7645,0.370705,1,4.56378,1.86,0.321611,4.74598,1.74538,0.410163,1,4.09651,1.86,0.0899499,4.2719,1.78375,0.172321,1,3.38555,1.86,0.142578,3.51758,1.76551,0.209655,1,4.03463,1.86,0.56306,4.20058,1.75102,0.666514,1,3.62961,1.86,0.0143817,3.78019,1.82664,0.0828426,1,4.32734,1.86,0.612462,4.49833,1.76542,0.726442,1,3.93251,1.86,0.0447638,4.07368,1.81319,0.107758,1,3.78016,1.86,0.608605,3.93359,1.73987,0.693067,1,3.13658,1.86,0.665197,3.25057,1.76826,0.762315,1,3.13743,1.86,0.427541,3.26419,1.77591,0.509413,1,4.604,1.86,-0.0289569,4.79234,1.76847,0.0423827,1,3.54338,1.86,0.74184,3.69059,1.76276,0.848833,1,3.80892,1.86,0.135957,3.94027,1.71234,0.198645,1,3.25424,1.86,0.00871447,3.38637,1.79417,0.0662719,1,4.36294,1.86,0.149973,4.54727,1.71987,0.234028,1,3.25886,1.86,0.137068,3.39275,1.76085,0.205655,1,4.3004,1.86,0.470448,4.46773,1.78906,0.566942,1,3.78082,1.86,-0.00926672,3.92747,1.79348,0.0591063,1,3.51605,1.86,0.234499,3.66419,1.80403,0.295227,1,
