time,pcwx,pcwy,pcwz,pcwHatx,pcwHaty,pcwHatz,p0wx,p0wy,p0wz,p0wHatx,p0wHaty,p0wHatz,converged0,p1wx,p1wy,p1wz,p1wHatx,p1wHaty,p1wHatz,converged1,p2wx,p2wy,p2wz,p2wHatx,p2wHaty,p2wHatz,converged2,p3wx,p3wy,p3wz,p3wHatx,p3wHaty,p3wHatz,converged3,p4wx,p4wy,p4wz,p4wHatx,p4wHaty,p4wHatz,converged4,p5wx,p5wy,p5wz,p5wHatx,p5wHaty,p5wHatz,converged5,p6wx,p6wy,p6wz,p6wHatx,p6wHaty,p6wHatz,converged6,p7wx,p7wy,p7wz,p7wHatx,p7wHaty,p7wHatz,converged7,p8wx,p8wy,p8wz,p8wHatx,p8wHaty,p8wHatz,converged8,p9wx,p9wy,p9wz,p9wHatx,p9wHaty,p9wHatz,converged9,p10wx,p10wy,p10wz,p10wHatx,p10wHaty,p10wHatz,converged10,p11wx,p11wy,p11wz,p11wHatx,p11wHaty,p11wHatz,converged11,p12wx,p12wy,p12wz,p12wHatx,p12wHaty,p12wHatz,converged12,p13wx,p13wy,p13wz,p13wHatx,p13wHaty,p13wHatz,converged13,p14wx,p14wy,p14wz,p14wHatx,p14wHaty,p14wHatz,converged14,p15wx,p15wy,p15wz,p15wHatx,p15wHaty,p15wHatz,converged15,p16wx,p16wy,p16wz,p16wHatx,p16wHaty,p16wHatz,converged16,p17wx,p17wy,p17wz,p17wHatx,p17wHaty,p17wHatz,converged17,p18wx,p18wy,p18wz,p18wHatx,p18wHaty,p18wHatz,converged18,p19wx,p19wy,p19wz,p19wHatx,p19wHaty,p19wHatz,converged19,p20wx,p20wy,p20wz,p20wHatx,p20wHaty,p20wHatz,converged20,p21wx,p21wy,p21wz,p21wHatx,p21wHaty,p21wHatz,converged21,p22wx,p22wy,p22wz,p22wHatx,p22wHaty,p22wHatz,converged22,p23wx,p23wy,p23wz,p23wHatx,p23wHaty,p23wHatz,converged23,p24wx,p24wy,p24wz,p24wHatx,p24wHaty,p24wHatz,converged24,p25wx,p25wy,p25wz,p25wHatx,p25wHaty,p25wHatz,converged25,p26wx,p26wy,p26wz,p26wHatx,p26wHaty,p26wHatz,converged26,p27wx,p27wy,p27wz,p27wHatx,p27wHaty,p27wHatz,converged27,p28wx,p28wy,p28wz,p28wHatx,p28wHaty,p28wHatz,converged28,p29wx,p29wy,p29wz,p29wHatx,p29wHaty,p29wHatz,converged29,p30wx,p30wy,p30wz,p30wHatx,p30wHaty,p30wHatz,converged30,p31wx,p31wy,p31wz,p31wHatx,p31wHaty,p31wHatz,converged31,p32wx,p32wy,p32wz,p32wHatx,p32wHaty,p32wHatz,converged32,p33wx,p33wy,p33wz,p33wHatx,p33wHaty,p33wHatz,converged33,p34wx,p34wy,p34wz,p34wHatx,p34wHaty,p34wHatz,converged34,p35wx,p35wy,p35wz,p35wHatx,p35wHaty,p35wHatz,converged35,p36wx,p36wy,p36wz,p36wHatx,p36wHaty,p36wHatz,converged36,p37wx,p37wy,p37wz,p37wHatx,p37wHaty,p37wHatz,converged37,p38wx,p38wy,p38wz,p38wHatx,p38wHaty,p38wHatz,converged38,p39wx,p39wy,p39wz,p39wHatx,p39wHaty,p39wHatz,converged39,p40wx,p40wy,p40wz,p40wHatx,p40wHaty,p40wHatz,converged40,p41wx,p41wy,p41wz,p41wHatx,p41wHaty,p41wHatz,converged41,p42wx,p42wy,p42wz,p42wHatx,p42wHaty,p42wHatz,converged42,p43wx,p43wy,p43wz,p43wHatx,p43wHaty,p43wHatz,converged43,p44wx,p44wy,p44wz,p44wHatx,p44wHaty,p44wHatz,converged44,p45wx,p45wy,p45wz,p45wHatx,p45wHaty,p45wHatz,converged45,p46wx,p46wy,p46wz,p46wHatx,p46wHaty,p46wHatz,converged46,p47wx,p47wy,p47wz,p47wHatx,p47wHaty,p47wHatz,converged47,p48wx,p48wy,p48wz,p48wHatx,p48wHaty,p48wHatz,converged48,p49wx,p49wy,p49wz,p49wHatx,p49wHaty,p49wHatz,converged49,p50wx,p50wy,p50wz,p50wHatx,p50wHaty,p50wHatz,converged50,p51wx,p51wy,p51wz,p51wHatx,p51wHaty,p51wHatz,converged51,p52wx,p52wy,p52wz,p52wHatx,p52wHaty,p52wHatz,converged52,p53wx,p53wy,p53wz,p53wHatx,p53wHaty,p53wHatz,converged53,p54wx,p54wy,p54wz,p54wHatx,p54wHaty,p54wHatz,converged54,p55wx,p55wy,p55wz,p55wHatx,p55wHaty,p55wHatz,converged55,p56wx,p56wy,p56wz,p56wHatx,p56wHaty,p56wHatz,converged56,p57wx,p57wy,p57wz,p57wHatx,p57wHaty,p57wHatz,converged57,p58wx,p58wy,p58wz,p58wHatx,p58wHaty,p58wHatz,converged58,p59wx,p59wy,p59wz,p59wHatx,p59wHaty,p59wHatz,converged59,p60wx,p60wy,p60wz,p60wHatx,p60wHaty,p60wHatz,converged60,
0,2.81383,-3.63137,0.248728,3.81485,-3.87682,0.0977651,2.61553,-1.86,0.685979,3.47272,-0.82063,0.852166,0,3.26103,-1.86,0.841441,4.54008,-1.00421,1.05896,0,3.2649,-1.86,0.45152,4.58602,-0.848412,0.444468,0,2.81288,-1.86,0.724197,3.81327,-0.906081,0.89517,0,2.43416,-1.86,0.793416,3.19413,-0.980798,0.98828,0,2.86022,-1.86,0.393355,3.89434,-0.841797,0.345567,0,3.1213,-1.86,0.791275,4.32434,-0.941641,0.996774,0,3.26464,-1.86,0.156518,4.58672,-0.843892,-0.0601169,0,2.61404,-1.86,0.378181,3.47008,-0.82011,0.321153,0,3.50956,-1.86,0.373899,4.96815,-0.940483,0.305256,0,2.93097,-1.86,0.865048,4.00775,-0.960013,1.11262,0,2.83252,-1.86,0.583953,3.84718,-0.813159,0.677552,0,2.83338,-1.86,0.231094,3.84906,-0.778004,0.0669167,0,3.59096,-1.86,0.788458,5.04921,-1.06326,0.955047,0,2.16693,-1.86,0.486175,2.71709,-0.870864,0.500705,0,3.21964,-1.86,0.701564,4.49901,-0.890508,0.861192,0,2.56358,-1.86,0.864335,3.40444,-0.971749,1.10737,0,2.96358,-1.86,0.552539,4.07136,-0.842651,0.618162,0,2.97747,-1.86,0.160515,4.09825,-0.809182,-0.0550012,0,2.44315,-1.86,0.623764,3.19244,-0.90254,0.727483,0,3.57852,-1.86,0.606245,5.04575,-1.02549,0.673252,0,2.4129,-1.86,0.235205,3.1427,-0.907123,0.0750939,0,2.13525,-1.86,0.87316,2.7377,-1.065,1.08897,0,3.47408,-1.86,0.719398,4.8815,-1.01516,0.858138,0,2.409,-1.86,0.472793,3.12729,-0.868307,0.47832,0,2.31211,-1.86,0.876582,3.00904,-1.03181,1.10617,0,2.60201,-1.86,0.528433,3.4506,-0.830706,0.578757,0,2.73156,-1.86,0.466152,3.67862,-0.943474,0.457815,0,3.40505,-1.86,0.458475,4.79485,-0.940624,0.445439,0,2.98688,-1.86,0.683479,4.10244,-0.932964,0.820283,0,3.3458,-1.86,0.265764,4.69847,-0.934537,0.126062,0,3.11528,-1.86,0.429402,4.34626,-0.754164,0.416266,0,3.49654,-1.86,0.229636,4.9483,-0.935988,0.0660684,0,3.46176,-1.86,0.850824,4.83545,-1.08663,1.04617,0,2.23342,-1.86,0.261529,2.82966,-0.870072,0.119493,0,3.09771,-1.86,0.241443,4.30299,-0.830984,0.085239,0,2.69197,-1.86,0.828131,3.6143,-0.961545,1.05133,0,3.34448,-1.86,0.694461,4.69355,-0.943638,0.835849,0,2.70396,-1.86,0.265741,3.62791,-0.862834,0.126713,0,2.8404,-1.86,0.10536,3.86136,-0.775933,-0.15321,0,2.11007,-1.86,0.684703,2.70416,-1.08119,0.785834,0,3.41674,-1.86,0.588869,4.79363,-1.00115,0.649956,0,2.25643,-1.86,0.729773,2.89317,-0.947784,0.893195,0,3.12645,-1.86,0.554272,4.34742,-0.859191,0.618277,0,3.57138,-1.86,0.108755,5.05205,-0.983901,-0.130832,0,2.95131,-1.86,0.295933,4.04764,-0.87746,0.177695,0,2.14264,-1.86,0.178683,2.69757,-0.928135,-0.0188344,0,2.50027,-1.86,0.139005,3.29154,-0.920521,-0.0853559,0,3.40749,-1.86,0.092095,4.80143,-0.933072,-0.162536,0,2.49517,-1.86,0.357401,3.26071,-0.796487,0.286743,0,3.22253,-1.86,0.302939,4.52381,-0.804064,0.191804,0,2.06978,-1.86,0.395393,2.60008,-0.984789,0.337219,0,2.30653,-1.86,0.60004,2.96695,-0.916162,0.684947,0,2.68187,-1.86,0.135505,3.58403,-0.778323,-0.100286,0,2.32969,-1.86,0.111661,2.9997,-0.894315,-0.133019,0,3.14456,-1.86,0.128855,4.38232,-0.837588,-0.107909,0,2.28163,-1.86,0.391421,2.90793,-0.858231,0.340929,0,3.29298,-1.86,0.576045,4.63334,-0.851,0.656883,0,2.98528,-1.86,0.419927,4.1144,-0.782068,0.396867,0,3.59139,-1.86,0.474859,5.07721,-1.00103,0.464887,0,2.57065,-1.86,0.24937,3.4007,-0.860073,0.0988589,0,
0.0333341,2.81383,-3.63137,0.248728,3.8271,-3.87625,0.0974728,2.61553,-1.86,0.685979,3.46633,-0.899958,0.832193,0,3.26103,-1.86,0.841441,4.50696,-1.07667,1.0355,0,3.2649,-1.86,0.45152,4.55517,-0.913755,0.43731,0,2.81288,-1.86,0.724197,3.80047,-0.982493,0.876108,0,2.43416,-1.86,0.793416,3.19599,-1.04514,0.968579,0,2.86022,-1.86,0.393355,3.8807,-0.91197,0.339239,0,3.1213,-1.86,0.791275,4.28449,-1.06191,0.964869,0,3.26464,-1.86,0.156518,4.55561,-0.910542,-0.0562458,0,2.61404,-1.86,0.378181,3.46717,-0.932971,0.312709,0,3.50956,-1.86,0.373899,4.93381,-0.994868,0.306584,0,2.93097,-1.86,0.865048,3.99209,-1.01832,1.09265,0,2.83252,-1.86,0.583953,3.83252,-0.887586,0.661481,0,2.83338,-1.86,0.231094,3.83502,-0.854638,0.069093,0,3.59096,-1.86,0.788458,5.01865,-1.10339,0.943543,0,2.16693,-1.86,0.486175,2.71949,-0.915242,0.496316,0,3.21964,-1.86,0.701564,4.47151,-0.948321,0.845981,0,2.56358,-1.86,0.864335,3.40109,-1.04603,1.08212,0,2.96358,-1.86,0.552539,4.05167,-0.919307,0.603876,0,2.97747,-1.86,0.160515,4.07789,-0.888694,-0.0496378,0,2.44315,-1.86,0.623764,3.19394,-0.972504,0.71422,0,3.57852,-1.86,0.606245,5.01174,-1.06971,0.66302,0,2.4129,-1.86,0.235205,3.14722,-0.98904,0.0760321,0,2.13525,-1.86,0.87316,2.742,-1.09833,1.07815,0,3.47408,-1.86,0.719398,4.85012,-1.0645,0.845149,0,2.409,-1.86,0.472793,3.1315,-0.952649,0.46861,0,2.31211,-1.86,0.876582,3.01399,-1.09846,1.08323,0,2.60201,-1.86,0.528433,3.44726,-0.958905,0.56045,0,2.73156,-1.86,0.466152,3.67072,-1.04213,0.447085,0,3.40505,-1.86,0.458475,4.75964,-1.00432,0.43819,0,2.98688,-1.86,0.683479,4.08327,-1.00942,0.801804,0,3.3458,-1.86,0.265764,4.6671,-0.996541,0.126949,0,3.11528,-1.86,0.429402,4.32651,-0.804244,0.41071,0,3.49654,-1.86,0.229636,4.91854,-0.981705,0.0669055,0,3.46176,-1.86,0.850824,4.80789,-1.1294,1.03315,0,2.23342,-1.86,0.261529,2.83694,-0.93357,0.118265,0,3.09771,-1.86,0.241443,4.27545,-0.915442,0.0859518,0,2.69197,-1.86,0.828131,3.60561,-1.06121,1.02081,0,3.34448,-1.86,0.694461,4.66518,-0.994716,0.822148,0,2.70396,-1.86,0.265741,3.62168,-0.918658,0.130063,0,2.8404,-1.86,0.10536,3.84475,-0.876719,-0.143624,0,2.11007,-1.86,0.684703,2.71707,-1.14872,0.772383,0,3.41674,-1.86,0.588869,4.76263,-1.05462,0.640916,0,2.25643,-1.86,0.729773,2.89942,-1.01017,0.878492,0,3.12645,-1.86,0.554272,4.32044,-0.931947,0.603922,0,3.57138,-1.86,0.108755,5.01235,-1.03986,-0.12597,0,2.95131,-1.86,0.295933,4.0284,-0.960021,0.174774,0,2.14264,-1.86,0.178683,2.70914,-0.996695,-0.0158708,0,2.50027,-1.86,0.139005,3.29255,-0.988914,-0.0816638,0,3.40749,-1.86,0.092095,4.76721,-0.993856,-0.15845,0,2.49517,-1.86,0.357401,3.26209,-0.88966,0.282523,0,3.22253,-1.86,0.302939,4.48934,-0.885021,0.189805,0,2.06978,-1.86,0.395393,2.61666,-1.06062,0.330823,0,2.30653,-1.86,0.60004,2.97323,-0.988009,0.671236,0,2.68187,-1.86,0.135505,3.57715,-0.872048,-0.0993424,0,2.32969,-1.86,0.111661,3.01154,-0.988959,-0.125463,0,3.14456,-1.86,0.128855,4.34035,-0.963699,-0.0986595,0,2.28163,-1.86,0.391421,2.91541,-0.931287,0.337607,0,3.29298,-1.86,0.576045,4.60457,-0.908545,0.649474,0,2.98528,-1.86,0.419927,4.09031,-0.873105,0.387375,0,3.59139,-1.86,0.474859,5.04275,-1.04784,0.458529,0,2.57065,-1.86,0.24937,3.39928,-0.951591,0.0991573,0,
0.0666681,2.8394,-3.63134,0.248138,3.84238,-3.87566,0.0971034,2.61553,-1.86,0.685979,3.46753,-0.982944,0.810824,0,3.26103,-1.86,0.841441,4.48996,-1.12493,1.0162,0,3.2649,-1.86,0.45152,4.52554,-0.99442,0.426261,0,2.81288,-1.86,0.724197,3.79498,-1.04678,0.852023,0,2.43416,-1.86,0.793416,3.20765,-1.15417,0.935382,0,2.86022,-1.86,0.393355,3.86799,-1.01417,0.330074,0,3.1213,-1.86,0.791275,4.25696,-1.16907,0.931818,0,3.26464,-1.86,0.156518,4.52574,-0.992483,-0.0538272,0,2.61404,-1.86,0.378181,3.47028,-1.02365,0.305233,0,3.50956,-1.86,0.373899,4.89936,-1.05972,0.300125,0,2.93097,-1.86,0.865048,3.97166,-1.13573,1.04754,0,2.83252,-1.86,0.583953,3.82121,-0.991513,0.640864,0,2.83338,-1.86,0.231094,3.82476,-0.950385,0.0681294,0,3.59096,-1.86,0.788458,4.98607,-1.15758,0.925364,0,2.16693,-1.86,0.486175,2.73416,-0.979295,0.486888,0,3.21964,-1.86,0.701564,4.45898,-0.986445,0.8334,0,2.56358,-1.86,0.864335,3.4043,-1.12457,1.05613,0,2.96358,-1.86,0.552539,4.03473,-1.01236,0.586175,0,2.97747,-1.86,0.160515,4.06012,-0.983415,-0.0468183,0,2.44315,-1.86,0.623764,3.20226,-1.05141,0.6967,0,3.57852,-1.86,0.606245,4.98412,-1.11823,0.655141,0,2.4129,-1.86,0.235205,3.15496,-1.04149,0.0787965,0,2.13525,-1.86,0.87316,2.75219,-1.14207,1.06519,0,3.47408,-1.86,0.719398,4.82041,-1.12242,0.825385,0,2.409,-1.86,0.472793,3.14251,-1.03531,0.459452,0,2.31211,-1.86,0.876582,3.0232,-1.14961,1.06529,0,2.60201,-1.86,0.528433,3.4518,-1.0604,0.544931,0,2.73156,-1.86,0.466152,3.66701,-1.14333,0.434866,0,3.40505,-1.86,0.458475,4.72614,-1.07832,0.427674,0,2.98688,-1.86,0.683479,4.06492,-1.10296,0.778429,0,3.3458,-1.86,0.265764,4.63853,-1.06529,0.125455,0,3.11528,-1.86,0.429402,4.30323,-0.884324,0.400674,0,3.49654,-1.86,0.229636,4.88474,-1.04598,0.0658067,0,3.46176,-1.86,0.850824,4.78742,-1.16951,1.01751,0,2.23342,-1.86,0.261529,2.85424,-1.01481,0.117935,0,3.09771,-1.86,0.241443,4.25154,-1.00928,0.0845014,0,2.69197,-1.86,0.828131,3.60384,-1.17015,0.988773,0,3.34448,-1.86,0.694461,4.62316,-1.09345,0.796087,0,2.70396,-1.86,0.265741,3.61792,-0.999108,0.12848,0,2.8404,-1.86,0.10536,3.83432,-0.980399,-0.137149,0,2.11007,-1.86,0.684703,2.73129,-1.19764,0.76046,0,3.41674,-1.86,0.588869,4.73698,-1.10923,0.628636,0,2.25643,-1.86,0.729773,2.91802,-1.1032,0.856767,0,3.12645,-1.86,0.554272,4.29608,-1.01913,0.587152,0,3.57138,-1.86,0.108755,4.98469,-1.09024,-0.124839,0,2.95131,-1.86,0.295933,4.00491,-1.10086,0.171416,0,2.14264,-1.86,0.178683,2.73016,-1.07617,-0.0125198,0,2.50027,-1.86,0.139005,3.30082,-1.09556,-0.0747937,0,3.40749,-1.86,0.092095,4.74366,-1.04941,-0.160188,0,2.49517,-1.86,0.357401,3.27517,-1.0317,0.268849,0,3.22253,-1.86,0.302939,4.46514,-0.958758,0.184733,0,2.06978,-1.86,0.395393,2.63863,-1.13175,0.324703,0,2.30653,-1.86,0.60004,2.98838,-1.07256,0.654742,0,2.68187,-1.86,0.135505,3.57761,-0.940334,-0.100447,0,2.32969,-1.86,0.111661,3.02583,-1.06699,-0.119272,0,3.14456,-1.86,0.128855,4.31224,-1.06999,-0.0932915,0,2.28163,-1.86,0.391421,2.93063,-1.00961,0.33251,0,3.29298,-1.86,0.576045,4.57225,-0.990334,0.631466,0,2.98528,-1.86,0.419927,4.07174,-0.972154,0.37599,0,3.59139,-1.86,0.474859,5.01415,-1.09715,0.453242,0,2.57065,-1.86,0.24937,3.40417,-1.05143,0.0972935,0,
0.100002,2.84892,-3.63138,0.247513,3.85351,-3.87525,0.0968338,2.61553,-1.86,0.685979,3.46768,-1.10521,0.785637,0,3.26103,-1.86,0.841441,4.46097,-1.19534,0.994971,0,3.2649,-1.86,0.45152,4.49263,-1.08032,0.418838,0,2.81288,-1.86,0.724197,3.78444,-1.12241,0.833256,0,2.43416,-1.86,0.793416,3.22043,-1.27219,0.901826,0,2.86022,-1.86,0.393355,3.85269,-1.13447,0.32308,0,3.1213,-1.86,0.791275,4.23011,-1.26719,0.905948,0,3.26464,-1.86,0.156518,4.4929,-1.07865,-0.0450762,0,2.61404,-1.86,0.378181,3.47127,-1.14006,0.301901,0,3.50956,-1.86,0.373899,4.86043,-1.1308,0.297309,0,2.93097,-1.86,0.865048,3.95471,-1.23579,1.01524,0,2.83252,-1.86,0.583953,3.80925,-1.09395,0.623979,0,2.83338,-1.86,0.231094,3.81258,-1.05128,0.0714638,0,3.59096,-1.86,0.788458,4.95027,-1.21636,0.910837,0,2.16693,-1.86,0.486175,2.75064,-1.05684,0.478882,0,3.21964,-1.86,0.701564,4.43155,-1.05507,0.818441,0,2.56358,-1.86,0.864335,3.40515,-1.20318,1.03012,0,2.96358,-1.86,0.552539,4.0095,-1.1469,0.565488,0,2.97747,-1.86,0.160515,4.0417,-1.07232,-0.041136,0,2.44315,-1.86,0.623764,3.20962,-1.14036,0.680212,0,3.57852,-1.86,0.606245,4.949,-1.17609,0.646766,0,2.4129,-1.86,0.235205,3.16178,-1.12251,0.0816273,0,2.13525,-1.86,0.87316,2.76327,-1.1996,1.04711,0,3.47408,-1.86,0.719398,4.78443,-1.19038,0.811521,0,2.409,-1.86,0.472793,3.15444,-1.14317,0.447323,0,2.31211,-1.86,0.876582,3.03079,-1.21407,1.04376,0,2.60201,-1.86,0.528433,3.45401,-1.18162,0.52743,0,2.73156,-1.86,0.466152,3.66153,-1.23516,0.424799,0,3.40505,-1.86,0.458475,4.69248,-1.1489,0.420665,0,2.98688,-1.86,0.683479,4.04777,-1.1822,0.758583,0,3.3458,-1.86,0.265764,4.61376,-1.12017,0.123425,0,3.11528,-1.86,0.429402,4.26403,-1.02317,0.388504,0,3.49654,-1.86,0.229636,4.84985,-1.10971,0.0677578,0,3.46176,-1.86,0.850824,4.75308,-1.23195,0.997961,0,2.23342,-1.86,0.261529,2.87332,-1.11018,0.120603,0,3.09771,-1.86,0.241443,4.22696,-1.09853,0.0876153,0,2.69197,-1.86,0.828131,3.60059,-1.26171,0.961894,0,3.34448,-1.86,0.694461,4.58939,-1.17343,0.77741,0,2.70396,-1.86,0.265741,3.612,-1.1368,0.128921,0,2.8404,-1.86,0.10536,3.82195,-1.08285,-0.126596,0,2.11007,-1.86,0.684703,2.74396,-1.25514,0.74814,0,3.41674,-1.86,0.588869,4.70532,-1.17207,0.617942,0,2.25643,-1.86,0.729773,2.93433,-1.19024,0.835291,0,3.12645,-1.86,0.554272,4.26903,-1.11057,0.573874,0,3.57138,-1.86,0.108755,4.9352,-1.17355,-0.11324,0,2.95131,-1.86,0.295933,3.98615,-1.21423,0.1706,0,2.14264,-1.86,0.178683,2.74796,-1.15079,-0.00831985,0,2.50027,-1.86,0.139005,3.30387,-1.14385,-0.0715529,0,3.40749,-1.86,0.092095,4.71086,-1.11374,-0.150198,0,2.49517,-1.86,0.357401,3.28421,-1.13758,0.265446,0,3.22253,-1.86,0.302939,4.437,-1.03575,0.185768,0,2.06978,-1.86,0.395393,2.66322,-1.22056,0.318167,0,2.30653,-1.86,0.60004,2.99981,-1.14675,0.639192,0,2.68187,-1.86,0.135505,3.57238,-1.0266,-0.0923093,0,2.32969,-1.86,0.111661,3.03704,-1.14612,-0.111919,0,3.14456,-1.86,0.128855,4.28499,-1.16227,-0.0864272,0,2.28163,-1.86,0.391421,2.94679,-1.10418,0.326122,0,3.29298,-1.86,0.576045,4.5381,-1.0757,0.618109,0,2.98528,-1.86,0.419927,4.05118,-1.0719,0.368794,0,3.59139,-1.86,0.474859,4.96912,-1.17089,0.446172,0,2.57065,-1.86,0.24937,3.40578,-1.12358,0.0968186,0,
0.133336,2.87516,-3.63136,0.246934,3.86393,-3.87488,0.0965807,2.61553,-1.86,0.685979,3.46658,-1.1813,0.766489,0,3.26103,-1.86,0.841441,4.44528,-1.23097,0.986448,0,3.2649,-1.86,0.45152,4.47315,-1.12584,0.414847,0,2.81288,-1.86,0.724197,3.77637,-1.16727,0.822558,0,2.43416,-1.86,0.793416,3.23058,-1.3742,0.872364,0,2.86022,-1.86,0.393355,3.84144,-1.21127,0.317211,0,3.1213,-1.86,0.791275,4.21256,-1.3221,0.890272,0,3.26464,-1.86,0.156518,4.46879,-1.13647,-0.0409244,0,2.61404,-1.86,0.378181,3.46993,-1.19455,0.29438,0,3.50956,-1.86,0.373899,4.83791,-1.16759,0.293903,0,2.93097,-1.86,0.865048,3.94386,-1.28619,0.998989,0,2.83252,-1.86,0.583953,3.79925,-1.16111,0.610602,0,2.83338,-1.86,0.231094,3.80085,-1.1357,0.0715479,0,3.59096,-1.86,0.788458,4.93142,-1.24233,0.901211,0,2.16693,-1.86,0.486175,2.9607,-1.62245,0.400395,0,3.21964,-1.86,0.701564,4.40982,-1.10665,0.804617,0,2.56358,-1.86,0.864335,3.40344,-1.24745,1.01595,0,2.96358,-1.86,0.552539,3.99506,-1.21855,0.553551,0,2.97747,-1.86,0.160515,4.02361,-1.15117,-0.0359915,0,2.44315,-1.86,0.623764,3.21291,-1.20145,0.668507,0,3.57852,-1.86,0.606245,4.92752,-1.20688,0.639832,0,2.4129,-1.86,0.235205,3.16678,-1.19022,0.0842369,0,2.13525,-1.86,0.87316,2.76994,-1.24273,1.03016,0,3.47408,-1.86,0.719398,4.76075,-1.2307,0.801271,0,2.409,-1.86,0.472793,3.16015,-1.20358,0.443977,0,2.31211,-1.86,0.876582,3.03209,-1.24264,1.03195,0,2.60201,-1.86,0.528433,3.4533,-1.22416,0.521811,0,2.73156,-1.86,0.466152,3.65583,-1.29216,0.418,0,3.40505,-1.86,0.458475,4.66644,-1.19831,0.41415,0,2.98688,-1.86,0.683479,4.03067,-1.25112,0.742143,0,3.3458,-1.86,0.265764,4.57929,-1.19272,0.120347,0,3.11528,-1.86,0.429402,4.24159,-1.10105,0.381275,0,3.49654,-1.86,0.229636,4.82265,-1.15522,0.0694623,0,3.46176,-1.86,0.850824,4.72802,-1.27771,0.987289,0,2.23342,-1.86,0.261529,2.88191,-1.15661,0.126273,0,3.09771,-1.86,0.241443,4.21131,-1.14748,0.0896621,0,2.69197,-1.86,0.828131,3.59594,-1.32116,0.936198,0,3.34448,-1.86,0.694461,4.57748,-1.19755,0.773766,0,2.70396,-1.86,0.265741,3.60786,-1.22299,0.1282,0,2.8404,-1.86,0.10536,3.8117,-1.151,-0.121881,0,2.11007,-1.86,0.684703,2.75024,-1.29333,0.738063,0,3.41674,-1.86,0.588869,4.67912,-1.22004,0.604155,0,2.25643,-1.86,0.729773,2.94161,-1.24113,0.823574,0,3.12645,-1.86,0.554272,4.2489,-1.17162,0.562697,0,3.57138,-1.86,0.108755,4.91204,-1.21046,-0.109967,0,2.95131,-1.86,0.295933,3.97204,-1.28471,0.169847,0,2.14264,-1.86,0.178683,2.75824,-1.20366,-0.00504984,0,2.50027,-1.86,0.139005,3.30541,-1.22452,-0.0637977,0,3.40749,-1.86,0.092095,4.67374,-1.18787,-0.138434,0,2.49517,-1.86,0.357401,3.28795,-1.21287,0.261123,0,3.22253,-1.86,0.302939,4.40969,-1.10558,0.182921,0,2.06978,-1.86,0.395393,2.67845,-1.2812,0.313429,0,2.30653,-1.86,0.60004,3.00693,-1.20824,0.627338,0,2.68187,-1.86,0.135505,3.56726,-1.09806,-0.0872962,0,2.32969,-1.86,0.111661,3.04856,-1.23438,-0.104409,0,3.14456,-1.86,0.128855,4.27266,-1.19696,-0.0814191,0,2.28163,-1.86,0.391421,2.95425,-1.15843,0.321908,0,3.29298,-1.86,0.576045,4.51316,-1.13292,0.608795,0,2.98528,-1.86,0.419927,4.03254,-1.15454,0.362116,0,3.59139,-1.86,0.474859,4.92933,-1.23485,0.439167,0,2.57065,-1.86,0.24937,3.40461,-1.19029,0.0990534,0,
0.16667,2.87516,-3.63136,0.246934,3.891,-3.87389,0.0959243,2.61553,-1.86,0.685979,3.57385,-1.8533,0.599996,0,3.26103,-1.86,0.841441,4.38311,-1.55557,0.880264,0,3.2649,-1.86,0.45152,4.35772,-1.68362,0.351599,0,2.81288,-1.86,0.724197,3.79832,-1.60861,0.703338,0,2.43416,-1.86,0.793416,3.41308,-2.05646,0.661069,0,2.86022,-1.86,0.393355,3.85807,-1.71534,0.272801,0,3.1213,-1.86,0.791275,4.14885,-1.84547,0.726878,0,3.26464,-1.86,0.156518,4.34323,-1.7404,-0.0115217,0,2.61404,-1.86,0.378181,3.5601,-1.7569,0.254421,0,3.50956,-1.86,0.373899,4.66271,-1.67881,0.258747,0,2.93097,-1.86,0.865048,3.93624,-1.84006,0.8048,0,2.83252,-1.86,0.583953,3.82276,-1.77768,0.493541,0,2.83338,-1.86,0.231094,3.82392,-1.88102,0.0770203,0,3.59096,-1.86,0.788458,4.74581,-1.71844,0.75553,0,2.16693,-1.86,0.486175,2.94064,-1.56611,0.408047,0,3.21964,-1.86,0.701564,4.32097,-1.59484,0.679466,0,2.56358,-1.86,0.864335,3.5012,-1.76284,0.833016,0,2.96358,-1.86,0.552539,3.97524,-1.81536,0.449804,0,2.97747,-1.86,0.160515,3.997,-1.75356,-0.00686242,0,2.44315,-1.86,0.623764,3.37089,-1.81957,0.534543,0,3.57852,-1.86,0.606245,4.74412,-1.68421,0.54102,0,2.4129,-1.86,0.235205,3.30258,-1.68003,0.0838905,0,2.13525,-1.86,0.87316,2.99413,-1.7624,0.845609,0,3.47408,-1.86,0.719398,4.57812,-1.78825,0.652993,0,2.409,-1.86,0.472793,3.31717,-1.7649,0.368568,0,2.31211,-1.86,0.876582,3.17186,-1.66182,0.881131,0,2.60201,-1.86,0.528433,3.55246,-1.82796,0.423533,0,2.73156,-1.86,0.466152,3.70457,-1.80126,0.355178,0,3.40505,-1.86,0.458475,4.52096,-1.71315,0.355119,0,2.98688,-1.86,0.683479,4.00649,-1.77496,0.612172,0,3.3458,-1.86,0.265764,4.42846,-1.78463,0.118592,0,3.11528,-1.86,0.429402,4.15747,-1.79273,0.311791,0,3.49654,-1.86,0.229636,4.64298,-1.68992,0.0753654,0,3.46176,-1.86,0.850824,4.59003,-1.71798,0.838272,0,2.23342,-1.86,0.261529,3.08317,-1.68619,0.118845,0,3.09771,-1.86,0.241443,4.15193,-1.67676,0.0908136,0,2.69197,-1.86,0.828131,3.65972,-1.85187,0.760804,0,3.34448,-1.86,0.694461,4.44252,-1.73189,0.639099,0,2.70396,-1.86,0.265741,3.67658,-1.82603,0.120751,0,2.8404,-1.86,0.10536,3.83155,-1.73828,-0.0749609,0,2.11007,-1.86,0.684703,2.95312,-1.74552,0.623912,0,3.41674,-1.86,0.588869,4.51896,-1.76152,0.498286,0,2.25643,-1.86,0.729773,3.15015,-1.80792,0.661898,0,3.12645,-1.86,0.554272,4.16626,-1.8001,0.450666,0,3.57138,-1.86,0.108755,4.72201,-1.71401,-0.0695536,0,2.95131,-1.86,0.295933,3.96124,-1.8121,0.152751,0,2.14264,-1.86,0.178683,2.99751,-1.75759,0.0157817,0,2.50027,-1.86,0.139005,3.42863,-1.76531,-0.0305257,0,3.40749,-1.86,0.092095,4.52736,-1.70286,-0.0927866,0,2.49517,-1.86,0.357401,3.43595,-1.85074,0.220698,0,3.22253,-1.86,0.302939,4.32113,-1.60782,0.169266,0,2.06978,-1.86,0.395393,2.95335,-1.86035,0.264617,0,2.30653,-1.86,0.60004,3.21498,-1.83091,0.498746,0,2.68187,-1.86,0.135505,3.64347,-1.76572,-0.0420699,0,2.32969,-1.86,0.111661,3.22508,-1.77116,-0.0630388,0,3.14456,-1.86,0.128855,4.1938,-1.74707,-0.0450944,0,2.28163,-1.86,0.391421,3.17293,-1.78718,0.268778,0,3.29298,-1.86,0.576045,4.37599,-1.74869,0.493469,0,2.98528,-1.86,0.419927,4.00282,-1.7769,0.301116,0,3.59139,-1.86,0.474859,4.69743,-1.83156,0.362909,0,2.57065,-1.86,0.24937,3.50266,-1.7111,0.0991371,0,
0.200004,2.90174,-3.63124,0.246377,3.90605,-3.87334,0.0955598,2.61553,-1.86,0.685979,3.57405,-1.8402,0.599419,0,3.26103,-1.86,0.841441,4.35538,-1.67863,0.836279,0,3.2649,-1.86,0.45152,4.34159,-1.75861,0.33888,0,2.81288,-1.86,0.724197,3.80191,-1.73315,0.669208,0,2.43416,-1.86,0.793416,3.40539,-2.02326,0.669984,0,2.86022,-1.86,0.393355,3.85814,-1.83363,0.2642,0,3.1213,-1.86,0.791275,4.12876,-1.97416,0.685094,0,3.26464,-1.86,0.156518,4.32451,-1.82459,-0.00872029,0,2.61404,-1.86,0.378181,3.57267,-1.83853,0.247118,0,3.50956,-1.86,0.373899,4.6263,-1.77788,0.249194,0,2.93097,-1.86,0.865048,3.93346,-1.93077,0.77178,0,2.83252,-1.86,0.583953,3.82606,-1.84861,0.481602,0,2.83338,-1.86,0.231094,3.82008,-1.88049,0.0770948,0,3.59096,-1.86,0.788458,4.69994,-1.82793,0.720842,0,2.16693,-1.86,0.486175,2.96248,-1.62928,0.399455,0,3.21964,-1.86,0.701564,4.31504,-1.6407,0.667309,0,2.56358,-1.86,0.864335,3.51716,-1.85394,0.799741,0,2.96358,-1.86,0.552539,3.97382,-1.87864,0.438165,0,2.97747,-1.86,0.160515,3.99251,-1.84022,-0.00484004,0,2.44315,-1.86,0.623764,3.39258,-1.91501,0.513245,0,3.57852,-1.86,0.606245,4.70273,-1.78569,0.518127,0,2.4129,-1.86,0.235205,3.33675,-1.82397,0.0824457,0,2.13525,-1.86,0.87316,2.96578,-1.70062,0.866603,0,3.47408,-1.86,0.719398,4.57661,-1.80313,0.646854,0,2.409,-1.86,0.472793,3.33811,-1.84697,0.355725,0,2.31211,-1.86,0.876582,3.19448,-1.7301,0.855283,0,2.60201,-1.86,0.528433,3.56298,-1.88602,0.412868,0,2.73156,-1.86,0.466152,3.71096,-1.8489,0.343633,0,3.40505,-1.86,0.458475,4.49519,-1.79848,0.343419,0,2.98688,-1.86,0.683479,4.00814,-1.80672,0.602074,0,3.3458,-1.86,0.265764,4.41025,-1.85439,0.11568,0,3.11528,-1.86,0.429402,4.15956,-1.78313,0.309842,0,3.49654,-1.86,0.229636,4.6117,-1.77821,0.0747289,0,3.46176,-1.86,0.850824,4.55633,-1.81492,0.799857,0,2.23342,-1.86,0.261529,3.10811,-1.75768,0.116474,0,3.09771,-1.86,0.241443,4.13725,-1.78766,0.088867,0,2.69197,-1.86,0.828131,3.66685,-1.89375,0.746398,0,3.34448,-1.86,0.694461,4.42001,-1.81582,0.61635,0,2.70396,-1.86,0.265741,3.68468,-1.90381,0.118109,0,2.8404,-1.86,0.10536,3.83392,-1.82762,-0.0685417,0,2.11007,-1.86,0.684703,2.97438,-1.79482,0.610925,0,3.41674,-1.86,0.588869,4.49194,-1.84822,0.480914,0,2.25643,-1.86,0.729773,3.12905,-1.75693,0.67696,0,3.12645,-1.86,0.554272,4.15348,-1.8889,0.434372,0,3.57138,-1.86,0.108755,4.69509,-1.78468,-0.0686085,0,2.95131,-1.86,0.295933,3.95575,-1.91987,0.146952,0,2.14264,-1.86,0.178683,3.01149,-1.79206,0.0148287,0,2.50027,-1.86,0.139005,3.4468,-1.85384,-0.0278258,0,3.40749,-1.86,0.092095,4.50657,-1.77429,-0.0902977,0,2.49517,-1.86,0.357401,3.4498,-1.91356,0.216118,0,3.22253,-1.86,0.302939,4.29842,-1.71906,0.163392,0,2.06978,-1.86,0.395393,2.93362,-1.80981,0.268647,0,2.30653,-1.86,0.60004,3.1986,-1.78338,0.510423,0,2.68187,-1.86,0.135505,3.65361,-1.85906,-0.0373899,0,2.32969,-1.86,0.111661,3.24275,-1.82816,-0.0609394,0,3.14456,-1.86,0.128855,4.17987,-1.8392,-0.0404175,0,2.28163,-1.86,0.391421,3.14947,-1.73503,0.275707,0,3.29298,-1.86,0.576045,4.37681,-1.73339,0.49618,0,2.98528,-1.86,0.419927,3.99815,-1.86134,0.290676,0,3.59139,-1.86,0.474859,4.67973,-1.87877,0.353137,0,2.57065,-1.86,0.24937,3.51869,-1.80527,0.0975217,0,
0.233338,2.90174,-3.63124,0.246377,3.91846,-3.87282,0.0952615,2.61553,-1.86,0.685979,3.58413,-1.93336,0.578398,0,3.26103,-1.86,0.841441,4.32365,-1.78721,0.79796,0,3.2649,-1.86,0.45152,4.32732,-1.81095,0.333157,0,2.81288,-1.86,0.724197,3.79922,-1.79489,0.653369,0,2.43416,-1.86,0.793416,3.42634,-2.11245,0.643076,0,2.86022,-1.86,0.393355,3.85387,-1.89138,0.259907,0,3.1213,-1.86,0.791275,4.12224,-2.01068,0.674898,0,3.26464,-1.86,0.156518,4.30631,-1.89038,-0.00313924,0,2.61404,-1.86,0.378181,3.57626,-1.89161,0.243283,0,3.50956,-1.86,0.373899,4.59342,-1.85773,0.244921,0,2.93097,-1.86,0.865048,3.92374,-2.01055,0.746557,0,2.83252,-1.86,0.583953,3.82264,-1.89031,0.474533,0,2.83338,-1.86,0.231094,3.82271,-2.00532,0.079449,0,3.59096,-1.86,0.788458,4.67835,-1.87799,0.706889,0,2.16693,-1.86,0.486175,2.95088,-1.61799,0.402856,0,3.21964,-1.86,0.701564,4.29738,-1.70506,0.652582,0,2.56358,-1.86,0.864335,3.52301,-1.91026,0.782487,0,2.96358,-1.86,0.552539,3.96821,-1.91431,0.434083,0,2.97747,-1.86,0.160515,3.98645,-1.88127,-0.00128753,0,2.44315,-1.86,0.623764,3.40528,-1.97935,0.501061,0,3.57852,-1.86,0.606245,4.67303,-1.85284,0.505563,0,2.4129,-1.86,0.235205,3.35315,-1.90049,0.0873333,0,2.13525,-1.86,0.87316,3.06454,-1.94487,0.780611,0,3.47408,-1.86,0.719398,4.54508,-1.87954,0.627565,0,2.409,-1.86,0.472793,3.35551,-1.93156,0.34829,0,2.31211,-1.86,0.876582,3.21723,-1.82048,0.825076,0,2.60201,-1.86,0.528433,3.56622,-1.93245,0.406807,0,2.73156,-1.86,0.466152,3.70954,-1.89398,0.339716,0,3.40505,-1.86,0.458475,4.47028,-1.86927,0.335809,0,2.98688,-1.86,0.683479,4.0019,-1.83672,0.592814,0,3.3458,-1.86,0.265764,4.39157,-1.91366,0.120438,0,3.11528,-1.86,0.429402,4.14828,-1.85779,0.303948,0,3.49654,-1.86,0.229636,4.5855,-1.84373,0.076928,0,3.46176,-1.86,0.850824,4.53681,-1.86751,0.781231,0,2.23342,-1.86,0.261529,3.13772,-1.84991,0.116918,0,3.09771,-1.86,0.241443,4.12716,-1.84022,0.0905976,0,2.69197,-1.86,0.828131,3.66634,-1.92407,0.738194,0,3.34448,-1.86,0.694461,4.40794,-1.85756,0.60969,0,2.70396,-1.86,0.265741,3.68484,-1.97065,0.115276,0,2.8404,-1.86,0.10536,3.83049,-1.87336,-0.0640487,0,2.11007,-1.86,0.684703,3.00723,-1.87796,0.592628,0,3.41674,-1.86,0.588869,4.46676,-1.91907,0.469676,0,2.25643,-1.86,0.729773,3.1418,-1.80806,0.663725,0,3.12645,-1.86,0.554272,4.14871,-1.91447,0.429941,0,3.57138,-1.86,0.108755,4.66421,-1.85373,-0.0615653,0,2.95131,-1.86,0.295933,3.95028,-1.96403,0.147687,0,2.14264,-1.86,0.178683,3.05723,-1.91541,0.0221431,0,2.50027,-1.86,0.139005,3.45504,-1.90892,-0.0229554,0,3.40749,-1.86,0.092095,4.47938,-1.84984,-0.0805149,0,2.49517,-1.86,0.357401,3.46217,-1.99951,0.210785,0,3.22253,-1.86,0.302939,4.28054,-1.78947,0.161189,0,2.06978,-1.86,0.395393,2.98054,-1.92082,0.260097,0,2.30653,-1.86,0.60004,3.24895,-1.94562,0.480862,0,2.68187,-1.86,0.135505,3.655,-1.90973,-0.0318231,0,2.32969,-1.86,0.111661,3.25926,-1.89017,-0.0554129,0,3.14456,-1.86,0.128855,4.16736,-1.89597,-0.0358038,0,2.28163,-1.86,0.391421,3.16194,-1.78953,0.272067,0,3.29298,-1.86,0.576045,4.33277,-1.91225,0.464245,0,2.98528,-1.86,0.419927,3.99198,-1.90208,0.288268,0,3.59139,-1.86,0.474859,4.65553,-1.93234,0.348388,0,2.57065,-1.86,0.24937,3.52374,-1.8555,0.0947376,0,
0.266672,2.92827,-3.63106,0.24579,3.93374,-3.8722,0.0948932,2.61553,-1.86,0.685979,3.5789,-1.91525,0.583995,0,3.26103,-1.86,0.841441,4.31602,-1.80855,0.791558,0,3.2649,-1.86,0.45152,4.33052,-1.79061,0.336279,0,2.81288,-1.86,0.724197,3.79751,-1.78319,0.657544,0,2.43416,-1.86,0.793416,3.41488,-2.06627,0.656151,0,2.86022,-1.86,0.393355,3.85086,-1.89615,0.261815,0,3.1213,-1.86,0.791275,4.12784,-1.97915,0.685651,0,3.26464,-1.86,0.156518,4.30664,-1.88159,-0.0021277,0,2.61404,-1.86,0.378181,3.57268,-1.87946,0.244333,0,3.50956,-1.86,0.373899,4.59146,-1.85747,0.245717,0,2.93097,-1.86,0.865048,3.92464,-2.00153,0.750884,0,2.83252,-1.86,0.583953,3.81941,-1.88852,0.476325,0,2.83338,-1.86,0.231094,3.82051,-2.00064,0.0794583,0,3.59096,-1.86,0.788458,4.68074,-1.86795,0.712297,0,2.16693,-1.86,0.486175,3.06649,-1.88236,0.366222,0,3.21964,-1.86,0.701564,4.29489,-1.70186,0.655091,0,2.56358,-1.86,0.864335,3.51985,-1.91627,0.77609,0,2.96358,-1.86,0.552539,3.96441,-1.91463,0.43393,0,2.97747,-1.86,0.160515,3.98705,-1.86025,-0.000864148,0,2.44315,-1.86,0.623764,3.40118,-1.97228,0.501947,0,3.57852,-1.86,0.606245,4.66744,-1.85794,0.504894,0,2.4129,-1.86,0.235205,3.34807,-1.88043,0.0832011,0,2.13525,-1.86,0.87316,3.04874,-1.91711,0.788212,0,3.47408,-1.86,0.719398,4.5437,-1.87598,0.630672,0,2.409,-1.86,0.472793,3.35282,-1.93165,0.347267,0,2.31211,-1.86,0.876582,3.21712,-1.83667,0.818887,0,2.60201,-1.86,0.528433,3.56202,-1.91088,0.41107,0,2.73156,-1.86,0.466152,3.70765,-1.86499,0.343454,0,3.40505,-1.86,0.458475,4.47285,-1.85744,0.339422,0,2.98688,-1.86,0.683479,4.00193,-1.8147,0.598979,0,3.3458,-1.86,0.265764,4.39459,-1.89818,0.122769,0,3.11528,-1.86,0.429402,4.1496,-1.83231,0.308104,0,3.49654,-1.86,0.229636,4.58759,-1.8331,0.0783148,0,3.46176,-1.86,0.850824,4.5322,-1.87035,0.783112,0,2.23342,-1.86,0.261529,3.13205,-1.84212,0.117362,0,3.09771,-1.86,0.241443,4.13085,-1.81412,0.0920622,0,2.69197,-1.86,0.828131,3.66252,-1.90562,0.745369,0,3.34448,-1.86,0.694461,4.40915,-1.8435,0.614094,0,2.70396,-1.86,0.265741,3.68304,-1.96711,0.115093,0,2.8404,-1.86,0.10536,3.829,-1.85809,-0.0645276,0,2.11007,-1.86,0.684703,2.99703,-1.86092,0.597705,0,3.41674,-1.86,0.588869,4.47054,-1.90493,0.472844,0,2.25643,-1.86,0.729773,3.16036,-1.85663,0.648082,0,3.12645,-1.86,0.554272,4.15113,-1.88909,0.434996,0,3.57138,-1.86,0.108755,4.65808,-1.85893,-0.0594773,0,2.95131,-1.86,0.295933,3.95208,-1.93878,0.150652,0,2.14264,-1.86,0.178683,3.05306,-1.9143,0.019246,0,2.50027,-1.86,0.139005,3.45109,-1.90496,-0.0243016,0,3.40749,-1.86,0.092095,4.48786,-1.82438,-0.0831073,0,2.49517,-1.86,0.357401,3.45922,-1.98647,0.212326,0,3.22253,-1.86,0.302939,4.27028,-1.81305,0.163355,0,2.06978,-1.86,0.395393,2.96032,-1.88074,0.264427,0,2.30653,-1.86,0.60004,3.23141,-1.89225,0.492619,0,2.68187,-1.86,0.135505,3.65213,-1.89941,-0.0310406,0,2.32969,-1.86,0.111661,3.24918,-1.85845,-0.0571056,0,3.14456,-1.86,0.128855,4.16795,-1.88411,-0.0361018,0,2.28163,-1.86,0.391421,3.21097,-1.93487,0.256378,0,3.29298,-1.86,0.576045,4.33666,-1.88996,0.469186,0,2.98528,-1.86,0.419927,3.99263,-1.88168,0.29171,0,3.59139,-1.86,0.474859,4.66437,-1.90884,0.352865,0,2.57065,-1.86,0.24937,3.51941,-1.84155,0.0947719,0,
0.300007,2.92827,-3.63106,0.24579,3.94574,-3.87172,0.0946038,2.61553,-1.86,0.685979,3.57051,-1.89373,0.591118,0,3.26103,-1.86,0.841441,4.31306,-1.81204,0.79519,0,3.2649,-1.86,0.45152,4.3244,-1.79276,0.340781,0,2.81288,-1.86,0.724197,3.79284,-1.78328,0.658478,0,2.43416,-1.86,0.793416,3.41724,-2.07282,0.655246,0,2.86022,-1.86,0.393355,3.84896,-1.89557,0.260996,0,3.1213,-1.86,0.791275,4.12766,-1.97927,0.686011,0,3.26464,-1.86,0.156518,4.30281,-1.88372,-0.00124793,0,2.61404,-1.86,0.378181,3.56799,-1.88141,0.247797,0,3.50956,-1.86,0.373899,4.58555,-1.86555,0.24736,0,2.93097,-1.86,0.865048,3.92027,-1.98264,0.759826,0,2.83252,-1.86,0.583953,3.81911,-1.88852,0.479101,0,2.83338,-1.86,0.231094,3.81596,-1.97556,0.0806886,0,3.59096,-1.86,0.788458,4.67402,-1.87594,0.710831,0,2.16693,-1.86,0.486175,3.04558,-1.84512,0.373758,0,3.21964,-1.86,0.701564,4.28886,-1.70344,0.656485,0,2.56358,-1.86,0.864335,3.51332,-1.9204,0.777524,0,2.96358,-1.86,0.552539,3.96248,-1.91466,0.436754,0,2.97747,-1.86,0.160515,3.98285,-1.85963,0.000637382,0,2.44315,-1.86,0.623764,3.3927,-1.95849,0.506582,0,3.57852,-1.86,0.606245,4.66139,-1.86787,0.506144,0,2.4129,-1.86,0.235205,3.3455,-1.88618,0.0847811,0,2.13525,-1.86,0.87316,3.05107,-1.93332,0.783261,0,3.47408,-1.86,0.719398,4.53894,-1.88309,0.630707,0,2.409,-1.86,0.472793,3.35453,-1.93625,0.345671,0,2.31211,-1.86,0.876582,3.21626,-1.84658,0.82178,0,2.60201,-1.86,0.528433,3.55753,-1.91278,0.411129,0,2.73156,-1.86,0.466152,3.70067,-1.86558,0.342523,0,3.40505,-1.86,0.458475,4.46616,-1.86187,0.340291,0,2.98688,-1.86,0.683479,3.99897,-1.81468,0.601077,0,3.3458,-1.86,0.265764,4.3898,-1.90129,0.124232,0,3.11528,-1.86,0.429402,4.14933,-1.79955,0.312388,0,3.49654,-1.86,0.229636,4.58065,-1.84008,0.080646,0,3.46176,-1.86,0.850824,4.529,-1.87574,0.779793,0,2.23342,-1.86,0.261529,3.12314,-1.83026,0.117419,0,3.09771,-1.86,0.241443,4.12565,-1.81384,0.0970329,0,2.69197,-1.86,0.828131,3.65544,-1.90691,0.746112,0,3.34448,-1.86,0.694461,4.4033,-1.84688,0.616931,0,2.70396,-1.86,0.265741,3.67661,-1.95195,0.117887,0,2.8404,-1.86,0.10536,3.82473,-1.85764,-0.0630332,0,2.11007,-1.86,0.684703,3.00093,-1.87824,0.597941,0,3.41674,-1.86,0.588869,4.46591,-1.90955,0.472794,0,2.25643,-1.86,0.729773,3.15369,-1.85904,0.649569,0,3.12645,-1.86,0.554272,4.14739,-1.88947,0.437069,0,3.57138,-1.86,0.108755,4.65446,-1.87055,-0.0571044,0,2.95131,-1.86,0.295933,3.94954,-1.93819,0.150956,0,2.14264,-1.86,0.178683,3.04952,-1.91661,0.0232077,0,2.50027,-1.86,0.139005,3.44584,-1.90829,-0.0188127,0,3.40749,-1.86,0.092095,4.48251,-1.82914,-0.0811782,0,2.49517,-1.86,0.357401,3.45044,-1.96633,0.21576,0,3.22253,-1.86,0.302939,4.26576,-1.81529,0.164862,0,2.06978,-1.86,0.395393,2.96692,-1.90509,0.263997,0,2.30653,-1.86,0.60004,3.23489,-1.90966,0.492093,0,2.68187,-1.86,0.135505,3.64797,-1.90002,-0.0294908,0,2.32969,-1.86,0.111661,3.24834,-1.86637,-0.0556988,0,3.14456,-1.86,0.128855,4.16445,-1.88435,-0.0353098,0,2.28163,-1.86,0.391421,3.20234,-1.92164,0.258292,0,3.29298,-1.86,0.576045,4.33054,-1.88582,0.471635,0,2.98528,-1.86,0.419927,3.98844,-1.88127,0.293312,0,3.59139,-1.86,0.474859,4.6583,-1.91822,0.353125,0,2.57065,-1.86,0.24937,3.51624,-1.84348,0.0955933,0,
0.333341,2.95376,-3.63086,0.24525,3.97223,-3.87064,0.0939655,2.61553,-1.86,0.685979,3.58131,-1.90632,0.586441,0,3.26103,-1.86,0.841441,4.31657,-1.83065,0.7878,0,3.2649,-1.86,0.45152,4.32657,-1.81206,0.334959,0,2.81288,-1.86,0.724197,3.80123,-1.79543,0.653419,0,2.43416,-1.86,0.793416,3.41648,-2.03991,0.663871,0,2.86022,-1.86,0.393355,3.85679,-1.90219,0.260684,0,3.1213,-1.86,0.791275,4.13749,-1.95455,0.692611,0,3.26464,-1.86,0.156518,4.3099,-1.8864,-0.0026871,0,2.61404,-1.86,0.378181,3.57814,-1.89928,0.244083,0,3.50956,-1.86,0.373899,4.59449,-1.86401,0.245402,0,2.93097,-1.86,0.865048,3.92886,-1.99084,0.75453,0,2.83252,-1.86,0.583953,3.82404,-1.90009,0.472828,0,2.83338,-1.86,0.231094,3.82581,-1.98125,0.0794131,0,3.59096,-1.86,0.788458,4.67878,-1.87966,0.708241,0,2.16693,-1.86,0.486175,3.06988,-1.88395,0.366033,0,3.21964,-1.86,0.701564,4.2823,-1.75634,0.640815,0,2.56358,-1.86,0.864335,3.52681,-1.94925,0.766881,0,2.96358,-1.86,0.552539,3.96782,-1.92807,0.430246,0,2.97747,-1.86,0.160515,3.99038,-1.86298,-0.000809737,0,2.44315,-1.86,0.623764,3.40458,-1.9701,0.503138,0,3.57852,-1.86,0.606245,4.66609,-1.87304,0.502306,0,2.4129,-1.86,0.235205,3.35407,-1.88931,0.0831665,0,2.13525,-1.86,0.87316,3.06554,-1.94336,0.778701,0,3.47408,-1.86,0.719398,4.54802,-1.87974,0.628698,0,2.409,-1.86,0.472793,3.36006,-1.9302,0.344974,0,2.31211,-1.86,0.876582,3.23443,-1.88217,0.806391,0,2.60201,-1.86,0.528433,3.56652,-1.91957,0.410103,0,2.73156,-1.86,0.466152,3.70933,-1.88831,0.337612,0,3.40505,-1.86,0.458475,4.4725,-1.86904,0.336994,0,2.98688,-1.86,0.683479,4.00645,-1.81155,0.600079,0,3.3458,-1.86,0.265764,4.39712,-1.90234,0.122625,0,3.11528,-1.86,0.429402,4.15671,-1.80831,0.31048,0,3.49654,-1.86,0.229636,4.58444,-1.84951,0.0784026,0,3.46176,-1.86,0.850824,4.53961,-1.86704,0.781659,0,2.23342,-1.86,0.261529,3.13439,-1.82907,0.115861,0,3.09771,-1.86,0.241443,4.13643,-1.80588,0.0934713,0,2.69197,-1.86,0.828131,3.66616,-1.92509,0.739528,0,3.34448,-1.86,0.694461,4.41411,-1.8436,0.616475,0,2.70396,-1.86,0.265741,3.68796,-1.95483,0.119331,0,2.8404,-1.86,0.10536,3.83282,-1.86511,-0.0640481,0,2.11007,-1.86,0.684703,3.01008,-1.88173,0.595394,0,3.41674,-1.86,0.588869,4.47325,-1.90897,0.473405,0,2.25643,-1.86,0.729773,3.18049,-1.90041,0.637784,0,3.12645,-1.86,0.554272,4.1573,-1.87941,0.437053,0,3.57138,-1.86,0.108755,4.65945,-1.86867,-0.0596835,0,2.95131,-1.86,0.295933,3.95787,-1.92716,0.150367,0,2.14264,-1.86,0.178683,3.06545,-1.93292,0.0214695,0,2.50027,-1.86,0.139005,3.45911,-1.92695,-0.0200424,0,3.40749,-1.86,0.092095,4.48438,-1.8389,-0.0828998,0,2.49517,-1.86,0.357401,3.46096,-1.96929,0.212986,0,3.22253,-1.86,0.302939,4.26468,-1.8539,0.161246,0,2.06978,-1.86,0.395393,2.97163,-1.8951,0.262456,0,2.30653,-1.86,0.60004,3.23631,-1.88718,0.495651,0,2.68187,-1.86,0.135505,3.6572,-1.90988,-0.0304562,0,2.32969,-1.86,0.111661,3.25371,-1.86027,-0.0577963,0,3.14456,-1.86,0.128855,4.17176,-1.88703,-0.0367019,0,2.28163,-1.86,0.391421,3.22614,-1.96119,0.254046,0,3.29298,-1.86,0.576045,4.33394,-1.90815,0.4657,0,2.98528,-1.86,0.419927,3.99598,-1.88441,0.291344,0,3.59139,-1.86,0.474859,4.67126,-1.90278,0.353507,0,2.57065,-1.86,0.24937,3.52505,-1.86001,0.0911929,0,
0.366675,2.96352,-3.6308,0.244646,3.98749,-3.87001,0.0935984,2.61553,-1.86,0.685979,3.57697,-1.90442,0.582465,0,3.26103,-1.86,0.841441,4.3138,-1.8436,0.777978,0,3.2649,-1.86,0.45152,4.31768,-1.84148,0.330159,0,2.81288,-1.86,0.724197,3.79956,-1.81898,0.644931,0,2.43416,-1.86,0.793416,3.41327,-2.02228,0.668772,0,2.86022,-1.86,0.393355,3.85221,-1.93265,0.253998,0,3.1213,-1.86,0.791275,4.13747,-1.94909,0.69454,0,3.26464,-1.86,0.156518,4.30647,-1.8986,-0.00487101,0,2.61404,-1.86,0.378181,3.57938,-1.926,0.239326,0,3.50956,-1.86,0.373899,4.58401,-1.88464,0.241118,0,2.93097,-1.86,0.865048,3.92691,-2.00411,0.746223,0,2.83252,-1.86,0.583953,3.82199,-1.92233,0.464643,0,2.83338,-1.86,0.231094,3.82694,-1.98348,0.0763441,0,3.59096,-1.86,0.788458,4.66577,-1.90427,0.697918,0,2.16693,-1.86,0.486175,3.06524,-1.8788,0.36607,0,3.21964,-1.86,0.701564,4.27629,-1.79038,0.630842,0,2.56358,-1.86,0.864335,3.53059,-1.96481,0.756529,0,2.96358,-1.86,0.552539,3.96697,-1.9417,0.42749,0,2.97747,-1.86,0.160515,3.98604,-1.88447,-0.00254836,0,2.44315,-1.86,0.623764,3.40631,-1.99199,0.495743,0,3.57852,-1.86,0.606245,4.65347,-1.89764,0.49452,0,2.4129,-1.86,0.235205,3.35606,-1.90469,0.0818871,0,2.13525,-1.86,0.87316,3.06733,-1.94126,0.781442,0,3.47408,-1.86,0.719398,4.53982,-1.89614,0.620831,0,2.409,-1.86,0.472793,3.36074,-1.93908,0.34176,0,2.31211,-1.86,0.876582,3.24109,-1.90187,0.795678,0,2.60201,-1.86,0.528433,3.5676,-1.92598,0.408185,0,2.73156,-1.86,0.466152,3.71007,-1.90938,0.331506,0,3.40505,-1.86,0.458475,4.46534,-1.88677,0.332069,0,2.98688,-1.86,0.683479,4.00049,-1.83692,0.59527,0,3.3458,-1.86,0.265764,4.39092,-1.91867,0.119666,0,3.11528,-1.86,0.429402,4.14832,-1.80727,0.307302,0,3.49654,-1.86,0.229636,4.57521,-1.87111,0.0757919,0,3.46176,-1.86,0.850824,4.52883,-1.88684,0.770396,0,2.23342,-1.86,0.261529,3.13514,-1.83995,0.113609,0,3.09771,-1.86,0.241443,4.12989,-1.82544,0.0913971,0,2.69197,-1.86,0.828131,3.66674,-1.94791,0.731733,0,3.34448,-1.86,0.694461,4.40741,-1.85827,0.61062,0,2.70396,-1.86,0.265741,3.68762,-1.96311,0.117392,0,2.8404,-1.86,0.10536,3.83175,-1.88002,-0.0663959,0,2.11007,-1.86,0.684703,3.01465,-1.89417,0.589822,0,3.41674,-1.86,0.588869,4.46778,-1.92257,0.468727,0,2.25643,-1.86,0.729773,3.17428,-1.89633,0.641042,0,3.12645,-1.86,0.554272,4.15452,-1.88605,0.432377,0,3.57138,-1.86,0.108755,4.64426,-1.89979,-0.060779,0,2.95131,-1.86,0.295933,3.95579,-1.93249,0.146773,0,2.14264,-1.86,0.178683,3.069,-1.94151,0.017581,0,2.50027,-1.86,0.139005,3.46186,-1.95259,-0.0198386,0,3.40749,-1.86,0.092095,4.47258,-1.86925,-0.082896,0,2.49517,-1.86,0.357401,3.46107,-1.97747,0.209077,0,3.22253,-1.86,0.302939,4.25727,-1.88676,0.15709,0,2.06978,-1.86,0.395393,2.97468,-1.9038,0.25954,0,2.30653,-1.86,0.60004,3.23911,-1.91068,0.488004,0,2.68187,-1.86,0.135505,3.65731,-1.92754,-0.0320747,0,2.32969,-1.86,0.111661,3.25539,-1.87301,-0.0582223,0,3.14456,-1.86,0.128855,4.16554,-1.90857,-0.0379929,0,2.28163,-1.86,0.391421,3.21975,-1.95748,0.251533,0,3.29298,-1.86,0.576045,4.33264,-1.91829,0.456334,0,2.98528,-1.86,0.419927,3.9916,-1.90512,0.286556,0,3.59139,-1.86,0.474859,4.66245,-1.91807,0.348092,0,2.57065,-1.86,0.24937,3.51711,-1.86099,0.0879356,0,
0.400009,2.99004,-3.6309,0.244097,3.98277,-3.87025,0.0937102,2.61553,-1.86,0.685979,3.56434,-1.95007,0.570387,0,3.26103,-1.86,0.841441,4.28894,-1.84196,0.777503,0,3.2649,-1.86,0.45152,4.28808,-1.87852,0.324385,0,2.81288,-1.86,0.724197,3.77511,-1.81802,0.642245,0,2.43416,-1.86,0.793416,3.393,-2.03715,0.661825,0,2.86022,-1.86,0.393355,3.83259,-1.96463,0.250877,0,3.1213,-1.86,0.791275,4.11575,-1.94834,0.694194,0,3.26464,-1.86,0.156518,4.28078,-1.9204,-0.00400005,0,2.61404,-1.86,0.378181,3.55654,-1.92573,0.237026,0,3.50956,-1.86,0.373899,4.55265,-1.91374,0.238192,0,2.93097,-1.86,0.865048,3.90885,-2.01685,0.741976,0,2.83252,-1.86,0.583953,3.80117,-1.95653,0.45767,0,2.83338,-1.86,0.231094,3.80351,-2.00921,0.0756489,0,3.59096,-1.86,0.788458,4.63594,-1.929,0.687921,0,2.16693,-1.86,0.486175,3.08336,-1.95948,0.353646,0,3.21964,-1.86,0.701564,4.2481,-1.82789,0.620498,0,2.56358,-1.86,0.864335,3.51407,-1.99858,0.745089,0,2.96358,-1.86,0.552539,3.94032,-1.94087,0.424413,0,2.97747,-1.86,0.160515,3.96272,-1.8843,-0.00346624,0,2.44315,-1.86,0.623764,3.39332,-2.02477,0.486703,0,3.57852,-1.86,0.606245,4.6177,-1.93157,0.484466,0,2.4129,-1.86,0.235205,3.3324,-1.90438,0.0810248,0,2.13525,-1.86,0.87316,3.05596,-1.97264,0.768241,0,3.47408,-1.86,0.719398,4.51587,-1.89481,0.62061,0,2.409,-1.86,0.472793,3.34614,-1.97788,0.337031,0,2.31211,-1.86,0.876582,3.23163,-1.93938,0.783569,0,2.60201,-1.86,0.528433,3.5418,-1.92573,0.40517,0,2.73156,-1.86,0.466152,3.68655,-1.909,0.32936,0,3.40505,-1.86,0.458475,4.44255,-1.88593,0.331439,0,2.98688,-1.86,0.683479,3.97251,-1.83691,0.596642,0,3.3458,-1.86,0.265764,4.36874,-1.91802,0.118132,0,3.11528,-1.86,0.429402,4.1168,-1.88304,0.298045,0,3.49654,-1.86,0.229636,4.54535,-1.898,0.0758453,0,3.46176,-1.86,0.850824,4.50541,-1.88559,0.768199,0,2.23342,-1.86,0.261529,3.12637,-1.88649,0.114263,0,3.09771,-1.86,0.241443,4.10727,-1.82538,0.0897387,0,2.69197,-1.86,0.828131,3.64752,-1.94602,0.728899,0,3.34448,-1.86,0.694461,4.37667,-1.88924,0.600673,0,2.70396,-1.86,0.265741,3.66913,-1.98002,0.115649,0,2.8404,-1.86,0.10536,3.80834,-1.87998,-0.0673346,0,2.11007,-1.86,0.684703,3.00909,-1.93838,0.576729,0,3.41674,-1.86,0.588869,4.44511,-1.92066,0.466759,0,2.25643,-1.86,0.729773,3.18298,-1.97135,0.620214,0,3.12645,-1.86,0.554272,4.13516,-1.88559,0.430765,0,3.57138,-1.86,0.108755,4.61901,-1.8975,-0.0638637,0,2.95131,-1.86,0.295933,3.93323,-1.9322,0.146651,0,2.14264,-1.86,0.178683,3.05899,-1.96749,0.0225546,0,2.50027,-1.86,0.139005,3.44858,-1.98358,-0.0188791,0,3.40749,-1.86,0.092095,4.44901,-1.86829,-0.0854443,0,2.49517,-1.86,0.357401,3.44411,-2.0093,0.206816,0,3.22253,-1.86,0.302939,4.23055,-1.92066,0.15587,0,2.06978,-1.86,0.395393,2.95259,-1.9006,0.25857,0,2.30653,-1.86,0.60004,3.22924,-1.94943,0.478092,0,2.68187,-1.86,0.135505,3.63594,-1.92729,-0.0337216,0,2.32969,-1.86,0.111661,3.2321,-1.87193,-0.0585146,0,3.14456,-1.86,0.128855,4.14585,-1.90863,-0.0376302,0,2.28163,-1.86,0.391421,3.22329,-2.02018,0.246682,0,3.29298,-1.86,0.576045,4.30676,-1.93942,0.452444,0,2.98528,-1.86,0.419927,3.96989,-1.9313,0.28319,0,3.59139,-1.86,0.474859,4.63222,-1.94028,0.344522,0,2.57065,-1.86,0.24937,3.4945,-1.86193,0.0877616,0,
0.433343,2.99004,-3.6309,0.244097,4.00997,-3.86944,0.0930443,2.61553,-1.86,0.685979,3.5795,-1.95152,0.570006,0,3.26103,-1.86,0.841441,4.29502,-1.86556,0.768749,0,3.2649,-1.86,0.45152,4.3033,-1.87667,0.323626,0,2.81288,-1.86,0.724197,3.79019,-1.83718,0.637408,0,2.43416,-1.86,0.793416,3.40503,-2.02779,0.664086,0,2.86022,-1.86,0.393355,3.84856,-1.96018,0.252021,0,3.1213,-1.86,0.791275,4.12997,-1.93769,0.697102,0,3.26464,-1.86,0.156518,4.29619,-1.9127,-0.00404035,0,2.61404,-1.86,0.378181,3.57396,-1.93982,0.238469,0,3.50956,-1.86,0.373899,4.56874,-1.90789,0.240368,0,2.93097,-1.86,0.865048,3.92274,-2.00978,0.744619,0,2.83252,-1.86,0.583953,3.81528,-1.95946,0.458324,0,2.83338,-1.86,0.231094,3.81663,-2.01086,0.0754834,0,3.59096,-1.86,0.788458,4.65144,-1.92334,0.691722,0,2.16693,-1.86,0.486175,3.09292,-1.94858,0.353938,0,3.21964,-1.86,0.701564,4.26156,-1.82957,0.619679,0,2.56358,-1.86,0.864335,3.53004,-2.00196,0.743904,0,2.96358,-1.86,0.552539,3.95594,-1.9519,0.422545,0,2.97747,-1.86,0.160515,3.9741,-1.90247,0.0011624,0,2.44315,-1.86,0.623764,3.40924,-2.02726,0.485623,0,3.57852,-1.86,0.606245,4.6346,-1.92816,0.487167,0,2.4129,-1.86,0.235205,3.3507,-1.91536,0.0814813,0,2.13525,-1.86,0.87316,3.0717,-1.9785,0.765944,0,3.47408,-1.86,0.719398,4.53059,-1.89887,0.619841,0,2.409,-1.86,0.472793,3.3624,-1.98064,0.337847,0,2.31211,-1.86,0.876582,3.24716,-1.94154,0.781988,0,2.60201,-1.86,0.528433,3.55873,-1.94147,0.402693,0,2.73156,-1.86,0.466152,3.7004,-1.90524,0.332821,0,3.40505,-1.86,0.458475,4.45606,-1.88974,0.331327,0,2.98688,-1.86,0.683479,3.98511,-1.86856,0.588418,0,3.3458,-1.86,0.265764,4.382,-1.92,0.119154,0,3.11528,-1.86,0.429402,4.1287,-1.89939,0.295302,0,3.49654,-1.86,0.229636,4.56073,-1.89204,0.0768449,0,3.46176,-1.86,0.850824,4.51947,-1.88691,0.768118,0,2.23342,-1.86,0.261529,3.14491,-1.89358,0.112157,0,3.09771,-1.86,0.241443,4.11941,-1.83445,0.089119,0,2.69197,-1.86,0.828131,3.66009,-1.95764,0.724365,0,3.34448,-1.86,0.694461,4.38758,-1.89235,0.59887,0,2.70396,-1.86,0.265741,3.68259,-1.97508,0.116047,0,2.8404,-1.86,0.10536,3.82275,-1.88806,-0.0669669,0,2.11007,-1.86,0.684703,3.02875,-1.95583,0.570528,0,3.41674,-1.86,0.588869,4.45425,-1.92968,0.463879,0,2.25643,-1.86,0.729773,3.19517,-1.96416,0.618075,0,3.12645,-1.86,0.554272,4.14748,-1.88257,0.430999,0,3.57138,-1.86,0.108755,4.62554,-1.92034,-0.0610344,0,2.95131,-1.86,0.295933,3.94387,-1.94141,0.144774,0,2.14264,-1.86,0.178683,3.07305,-1.9715,0.0191293,0,2.50027,-1.86,0.139005,3.46325,-1.9821,-0.0192597,0,3.40749,-1.86,0.092095,4.4596,-1.88201,-0.0831637,0,2.49517,-1.86,0.357401,3.45957,-2.01294,0.205534,0,3.22253,-1.86,0.302939,4.24499,-1.91934,0.156247,0,2.06978,-1.86,0.395393,2.96647,-1.89858,0.257586,0,2.30653,-1.86,0.60004,3.24451,-1.94212,0.479682,0,2.68187,-1.86,0.135505,3.65086,-1.9302,-0.0331246,0,2.32969,-1.86,0.111661,3.24943,-1.87884,-0.0589549,0,3.14456,-1.86,0.128855,4.15612,-1.91453,-0.0380771,0,2.28163,-1.86,0.391421,3.23815,-2.0259,0.244631,0,3.29298,-1.86,0.576045,4.31926,-1.93787,0.453811,0,2.98528,-1.86,0.419927,3.98344,-1.92912,0.283032,0,3.59139,-1.86,0.474859,4.65055,-1.93041,0.346828,0,2.57065,-1.86,0.24937,3.50429,-1.85637,0.0870249,0,
0.466677,2.99004,-3.6309,0.244097,4.02534,-3.86901,0.092667,2.61553,-1.86,0.685979,3.58086,-1.95807,0.56762,0,3.26103,-1.86,0.841441,4.28942,-1.88416,0.762394,0,3.2649,-1.86,0.45152,4.30363,-1.87477,0.325282,0,2.81288,-1.86,0.724197,3.78792,-1.86484,0.63054,0,2.43416,-1.86,0.793416,3.40506,-2.02295,0.665906,0,2.86022,-1.86,0.393355,3.84772,-1.9622,0.252005,0,3.1213,-1.86,0.791275,4.13028,-1.93219,0.698814,0,3.26464,-1.86,0.156518,4.29524,-1.90975,-0.00415384,0,2.61404,-1.86,0.378181,3.57606,-1.9518,0.238281,0,3.50956,-1.86,0.373899,4.56835,-1.90443,0.240664,0,2.93097,-1.86,0.865048,3.92257,-2.00691,0.745619,0,2.83252,-1.86,0.583953,3.81382,-1.96915,0.456237,0,2.83338,-1.86,0.231094,3.816,-2.01723,0.0755754,0,3.59096,-1.86,0.788458,4.65196,-1.91963,0.692176,0,2.16693,-1.86,0.486175,3.09729,-1.96059,0.352345,0,3.21964,-1.86,0.701564,4.25478,-1.84075,0.613817,0,2.56358,-1.86,0.864335,3.53136,-2.00965,0.740551,0,2.96358,-1.86,0.552539,3.95628,-1.95927,0.419983,0,2.97747,-1.86,0.160515,3.97489,-1.91265,0.00260598,0,2.44315,-1.86,0.623764,3.41122,-2.0353,0.48325,0,3.57852,-1.86,0.606245,4.63688,-1.92101,0.488617,0,2.4129,-1.86,0.235205,3.35331,-1.92504,0.0822619,0,2.13525,-1.86,0.87316,3.07703,-1.99492,0.760691,0,3.47408,-1.86,0.719398,4.53258,-1.89322,0.623461,0,2.409,-1.86,0.472793,3.36455,-1.9831,0.336031,0,2.31211,-1.86,0.876582,3.25041,-1.95319,0.777869,0,2.60201,-1.86,0.528433,3.56109,-1.95301,0.40089,0,2.73156,-1.86,0.466152,3.7012,-1.93634,0.328332,0,3.40505,-1.86,0.458475,4.45573,-1.88829,0.332232,0,2.98688,-1.86,0.683479,3.98709,-1.88183,0.582636,0,3.3458,-1.86,0.265764,4.38151,-1.91919,0.119878,0,3.11528,-1.86,0.429402,4.12679,-1.91279,0.295134,0,3.49654,-1.86,0.229636,4.55803,-1.8919,0.0769108,0,3.46176,-1.86,0.850824,4.52,-1.88219,0.770474,0,2.23342,-1.86,0.261529,3.14898,-1.90291,0.112152,0,3.09771,-1.86,0.241443,4.1184,-1.84145,0.0898767,0,2.69197,-1.86,0.828131,3.66125,-1.97085,0.722598,0,3.34448,-1.86,0.694461,4.38446,-1.89814,0.598171,0,2.70396,-1.86,0.265741,3.68264,-1.97549,0.116043,0,2.8404,-1.86,0.10536,3.82191,-1.90043,-0.0652157,0,2.11007,-1.86,0.684703,3.0372,-1.9708,0.566059,0,3.41674,-1.86,0.588869,4.45501,-1.92964,0.464225,0,2.25643,-1.86,0.729773,3.20113,-1.98006,0.613606,0,3.12645,-1.86,0.554272,4.14686,-1.8809,0.430581,0,3.57138,-1.86,0.108755,4.62744,-1.91659,-0.0606542,0,2.95131,-1.86,0.295933,3.94302,-1.95152,0.147366,0,2.14264,-1.86,0.178683,3.07855,-1.97978,0.0194215,0,2.50027,-1.86,0.139005,3.46431,-1.98826,-0.0216699,0,3.40749,-1.86,0.092095,4.45841,-1.88431,-0.0836469,0,2.49517,-1.86,0.357401,3.46146,-2.01924,0.205152,0,3.22253,-1.86,0.302939,4.24344,-1.921,0.156228,0,2.06978,-1.86,0.395393,2.96778,-1.89972,0.258196,0,2.30653,-1.86,0.60004,3.24564,-1.93273,0.483461,0,2.68187,-1.86,0.135505,3.65247,-1.93159,-0.0365624,0,2.32969,-1.86,0.111661,3.25174,-1.88299,-0.0579318,0,3.14456,-1.86,0.128855,4.15665,-1.91674,-0.0386392,0,2.28163,-1.86,0.391421,3.24537,-2.04292,0.243228,0,3.29298,-1.86,0.576045,4.31667,-1.94113,0.455392,0,2.98528,-1.86,0.419927,3.98413,-1.92814,0.28381,0,3.59139,-1.86,0.474859,4.64998,-1.92553,0.351611,0,2.57065,-1.86,0.24937,3.5005,-1.8559,0.0878423,0,
0.500011,3.03627,-3.63124,0.243584,4.00997,-3.86944,0.0930443,2.61553,-1.86,0.685979,3.54373,-1.96049,0.567167,0,3.26103,-1.86,0.841441,4.2526,-1.88437,0.76191,0,3.2649,-1.86,0.45152,4.2626,-1.8744,0.323934,0,2.81288,-1.86,0.724197,3.74611,-1.86745,0.631185,0,2.43416,-1.86,0.793416,3.36796,-2.02538,0.666072,0,2.86022,-1.86,0.393355,3.81203,-1.96373,0.251456,0,3.1213,-1.86,0.791275,4.09428,-1.9326,0.697662,0,3.26464,-1.86,0.156518,4.25921,-1.91067,-0.00391039,0,2.61404,-1.86,0.378181,3.53965,-1.95459,0.237686,0,3.50956,-1.86,0.373899,4.53154,-1.90455,0.240172,0,2.93097,-1.86,0.865048,3.88878,-2.00782,0.745129,0,2.83252,-1.86,0.583953,3.77966,-1.97045,0.455856,0,2.83338,-1.86,0.231094,3.78371,-2.01854,0.0759575,0,3.59096,-1.86,0.788458,4.61413,-1.91832,0.692007,0,2.16693,-1.86,0.486175,3.06198,-1.96343,0.353161,0,3.21964,-1.86,0.701564,4.21705,-1.8415,0.612466,0,2.56358,-1.86,0.864335,3.4941,-2.01292,0.741927,0,2.96358,-1.86,0.552539,3.92155,-1.96092,0.422295,0,2.97747,-1.86,0.160515,3.93822,-1.91413,0.00212482,0,2.44315,-1.86,0.623764,3.37513,-2.03827,0.483502,0,3.57852,-1.86,0.606245,4.59911,-1.92023,0.48914,0,2.4129,-1.86,0.235205,3.31705,-1.92871,0.0817048,0,2.13525,-1.86,0.87316,3.04223,-1.99741,0.760854,0,3.47408,-1.86,0.719398,4.49885,-1.89409,0.623652,0,2.409,-1.86,0.472793,3.32867,-1.98548,0.33479,0,2.31211,-1.86,0.876582,3.21533,-1.95581,0.777901,0,2.60201,-1.86,0.528433,3.52592,-1.95526,0.400268,0,2.73156,-1.86,0.466152,3.66442,-1.93833,0.328494,0,3.40505,-1.86,0.458475,4.41891,-1.88849,0.331714,0,2.98688,-1.86,0.683479,3.95346,-1.88307,0.583009,0,3.3458,-1.86,0.265764,4.34614,-1.91983,0.119375,0,3.11528,-1.86,0.429402,4.09282,-1.91366,0.29422,0,3.49654,-1.86,0.229636,4.52162,-1.89296,0.0757435,0,3.46176,-1.86,0.850824,4.48592,-1.88152,0.766142,0,2.23342,-1.86,0.261529,3.11011,-1.9073,0.113147,0,3.09771,-1.86,0.241443,4.08009,-1.84238,0.090829,0,2.69197,-1.86,0.828131,3.62496,-1.97213,0.720348,0,3.34448,-1.86,0.694461,4.34876,-1.89863,0.598607,0,2.70396,-1.86,0.265741,3.644,-1.97806,0.116416,0,2.8404,-1.86,0.10536,3.78455,-1.9025,-0.0663729,0,2.11007,-1.86,0.684703,3.00354,-1.97052,0.567621,0,3.41674,-1.86,0.588869,4.41853,-1.92882,0.463905,0,2.25643,-1.86,0.729773,3.1653,-1.98194,0.614866,0,3.12645,-1.86,0.554272,4.11155,-1.88172,0.429992,0,3.57138,-1.86,0.108755,4.59377,-1.91761,-0.0617602,0,2.95131,-1.86,0.295933,3.9066,-1.95309,0.151081,0,2.14264,-1.86,0.178683,3.04266,-1.98139,0.0187771,0,2.50027,-1.86,0.139005,3.42811,-1.99137,-0.0221207,0,3.40749,-1.86,0.092095,4.4222,-1.88461,-0.0815768,0,2.49517,-1.86,0.357401,3.4258,-2.02166,0.205297,0,3.22253,-1.86,0.302939,4.20511,-1.92166,0.157079,0,2.06978,-1.86,0.395393,2.93129,-1.9039,0.262636,0,2.30653,-1.86,0.60004,3.21045,-1.93571,0.482777,0,2.68187,-1.86,0.135505,3.61669,-1.93391,-0.0349709,0,2.32969,-1.86,0.111661,3.21836,-1.88531,-0.0548209,0,3.14456,-1.86,0.128855,4.1207,-1.91755,-0.0384224,0,2.28163,-1.86,0.391421,3.21108,-2.04419,0.242767,0,3.29298,-1.86,0.576045,4.28135,-1.94187,0.454784,0,2.98528,-1.86,0.419927,3.94815,-1.9293,0.282567,0,3.59139,-1.86,0.474859,4.61135,-1.92608,0.351773,0,2.57065,-1.86,0.24937,3.46174,-1.8587,0.090459,0,
0.533345,3.03627,-3.63124,0.243584,4.05674,-3.8682,0.0918933,2.61553,-1.86,0.685979,3.57899,-1.95887,0.568228,0,3.26103,-1.86,0.841441,4.28786,-1.90388,0.752122,0,3.2649,-1.86,0.45152,4.29893,-1.88873,0.318011,0,2.81288,-1.86,0.724197,3.78895,-1.89855,0.621446,0,2.43416,-1.86,0.793416,3.40559,-2.03284,0.662649,0,2.86022,-1.86,0.393355,3.84832,-1.97148,0.250121,0,3.1213,-1.86,0.791275,4.13091,-1.93573,0.695553,0,3.26464,-1.86,0.156518,4.29274,-1.91965,-0.00642868,0,2.61404,-1.86,0.378181,3.58076,-1.96614,0.233149,0,3.50956,-1.86,0.373899,4.56826,-1.91067,0.237352,0,2.93097,-1.86,0.865048,3.92973,-1.9991,0.747939,0,2.83252,-1.86,0.583953,3.81849,-1.97547,0.453677,0,2.83338,-1.86,0.231094,3.81999,-2.02261,0.0740687,0,3.59096,-1.86,0.788458,4.65068,-1.92497,0.68441,0,2.16693,-1.86,0.486175,3.10079,-1.96004,0.354382,0,3.21964,-1.86,0.701564,4.25306,-1.85878,0.606256,0,2.56358,-1.86,0.864335,3.53711,-2.01368,0.737977,0,2.96358,-1.86,0.552539,3.95809,-1.97064,0.420259,0,2.97747,-1.86,0.160515,3.97431,-1.93098,0.000697851,0,2.44315,-1.86,0.623764,3.40917,-2.0365,0.482558,0,3.57852,-1.86,0.606245,4.63625,-1.92673,0.486232,0,2.4129,-1.86,0.235205,3.35899,-1.95441,0.0809452,0,2.13525,-1.86,0.87316,3.07956,-1.99391,0.762088,0,3.47408,-1.86,0.719398,4.53567,-1.89466,0.621221,0,2.409,-1.86,0.472793,3.36874,-1.9904,0.333636,0,2.31211,-1.86,0.876582,3.25705,-1.96299,0.774072,0,2.60201,-1.86,0.528433,3.56538,-1.97022,0.397818,0,2.73156,-1.86,0.466152,3.70621,-1.96044,0.323983,0,3.40505,-1.86,0.458475,4.45352,-1.8998,0.328008,0,2.98688,-1.86,0.683479,3.98883,-1.89646,0.575867,0,3.3458,-1.86,0.265764,4.38165,-1.92716,0.116944,0,3.11528,-1.86,0.429402,4.12768,-1.92764,0.292078,0,3.49654,-1.86,0.229636,4.55,-1.90914,0.0763029,0,3.46176,-1.86,0.850824,4.52377,-1.88075,0.763372,0,2.23342,-1.86,0.261529,3.15721,-1.9278,0.113545,0,3.09771,-1.86,0.241443,4.11759,-1.85697,0.0881116,0,2.69197,-1.86,0.828131,3.66555,-1.98232,0.716801,0,3.34448,-1.86,0.694461,4.38148,-1.91231,0.59328,0,2.70396,-1.86,0.265741,3.68116,-1.99021,0.111993,0,2.8404,-1.86,0.10536,3.82339,-1.91832,-0.0658575,0,2.11007,-1.86,0.684703,3.04522,-1.97365,0.566475,0,3.41674,-1.86,0.588869,4.45405,-1.93821,0.459086,0,2.25643,-1.86,0.729773,3.2077,-1.9915,0.6119,0,3.12645,-1.86,0.554272,4.14687,-1.88091,0.429625,0,3.57138,-1.86,0.108755,4.62818,-1.92417,-0.0649032,0,2.95131,-1.86,0.295933,3.94363,-1.96734,0.149659,0,2.14264,-1.86,0.178683,3.0847,-1.9885,0.019759,0,2.50027,-1.86,0.139005,3.46721,-2.00299,-0.0227182,0,3.40749,-1.86,0.092095,4.45527,-1.8998,-0.083298,0,2.49517,-1.86,0.357401,3.46153,-2.01909,0.203804,0,3.22253,-1.86,0.302939,4.2406,-1.93475,0.155708,0,2.06978,-1.86,0.395393,2.97523,-1.91298,0.262155,0,2.30653,-1.86,0.60004,3.24673,-1.93499,0.481509,0,2.68187,-1.86,0.135505,3.65494,-1.93954,-0.0353361,0,2.32969,-1.86,0.111661,3.25771,-1.88856,-0.0537475,0,3.14456,-1.86,0.128855,4.15456,-1.93044,-0.0386313,0,2.28163,-1.86,0.391421,3.24784,-2.04205,0.242765,0,3.29298,-1.86,0.576045,4.31789,-1.94813,0.451929,0,2.98528,-1.86,0.419927,3.98447,-1.93511,0.281714,0,3.59139,-1.86,0.474859,4.64391,-1.93829,0.347218,0,2.57065,-1.86,0.24937,3.49623,-1.85552,0.0903848,0,
0.566679,3.06265,-3.63149,0.243056,4.0722,-3.86786,0.0915105,2.61553,-1.86,0.685979,3.58056,-1.95854,0.566942,0,3.26103,-1.86,0.841441,4.29018,-1.92152,0.74855,0,3.2649,-1.86,0.45152,4.29767,-1.88852,0.320107,0,2.81288,-1.86,0.724197,3.78822,-1.89866,0.62071,0,2.43416,-1.86,0.793416,3.40267,-2.03344,0.661223,0,2.86022,-1.86,0.393355,3.8522,-1.97139,0.245535,0,3.1213,-1.86,0.791275,4.13047,-1.94932,0.689886,0,3.26464,-1.86,0.156518,4.29233,-1.93512,-0.00706039,0,2.61404,-1.86,0.378181,3.58131,-1.96583,0.231076,0,3.50956,-1.86,0.373899,4.56578,-1.92317,0.235702,0,2.93097,-1.86,0.865048,3.93061,-2.00206,0.746178,0,2.83252,-1.86,0.583953,3.81916,-1.97574,0.451525,0,2.83338,-1.86,0.231094,3.82006,-2.02338,0.0727473,0,3.59096,-1.86,0.788458,4.65171,-1.92331,0.683398,0,2.16693,-1.86,0.486175,3.09964,-1.95932,0.350986,0,3.21964,-1.86,0.701564,4.25233,-1.85833,0.604187,0,2.56358,-1.86,0.864335,3.53566,-2.01303,0.736809,0,2.96358,-1.86,0.552539,3.95737,-1.97076,0.415906,0,2.97747,-1.86,0.160515,3.9748,-1.95468,0.00270347,0,2.44315,-1.86,0.623764,3.40818,-2.03753,0.481437,0,3.57852,-1.86,0.606245,4.63096,-1.94018,0.48214,0,2.4129,-1.86,0.235205,3.36019,-1.95402,0.0795214,0,2.13525,-1.86,0.87316,3.07965,-1.99158,0.757521,0,3.47408,-1.86,0.719398,4.52501,-1.91625,0.611792,0,2.409,-1.86,0.472793,3.36663,-1.99029,0.332216,0,2.31211,-1.86,0.876582,3.2559,-1.96207,0.77371,0,2.60201,-1.86,0.528433,3.5712,-1.98957,0.393984,0,2.73156,-1.86,0.466152,3.70962,-1.96003,0.323935,0,3.40505,-1.86,0.458475,4.45301,-1.91455,0.325105,0,2.98688,-1.86,0.683479,3.99102,-1.91481,0.570209,0,3.3458,-1.86,0.265764,4.37987,-1.94263,0.116035,0,3.11528,-1.86,0.429402,4.12651,-1.92828,0.290746,0,3.49654,-1.86,0.229636,4.54228,-1.93516,0.0751597,0,3.46176,-1.86,0.850824,4.52367,-1.88133,0.763167,0,2.23342,-1.86,0.261529,3.15639,-1.92314,0.112146,0,3.09771,-1.86,0.241443,4.11676,-1.87912,0.0862442,0,2.69197,-1.86,0.828131,3.66847,-2.00241,0.708797,0,3.34448,-1.86,0.694461,4.37657,-1.93446,0.586226,0,2.70396,-1.86,0.265741,3.68118,-1.99051,0.110632,0,2.8404,-1.86,0.10536,3.82345,-1.91911,-0.0671884,0,2.11007,-1.86,0.684703,3.0462,-1.97167,0.564787,0,3.41674,-1.86,0.588869,4.45075,-1.95497,0.455822,0,2.25643,-1.86,0.729773,3.20638,-1.99026,0.611567,0,3.12645,-1.86,0.554272,4.14489,-1.8817,0.428947,0,3.57138,-1.86,0.108755,4.62669,-1.93831,-0.0602919,0,2.95131,-1.86,0.295933,3.94703,-1.9837,0.146059,0,2.14264,-1.86,0.178683,3.0835,-1.98724,0.0196931,0,2.50027,-1.86,0.139005,3.46618,-2.0031,-0.0216908,0,3.40749,-1.86,0.092095,4.453,-1.91863,-0.081654,0,2.49517,-1.86,0.357401,3.46222,-2.01925,0.203103,0,3.22253,-1.86,0.302939,4.2374,-1.95558,0.153677,0,2.06978,-1.86,0.395393,2.97308,-1.91054,0.261669,0,2.30653,-1.86,0.60004,3.24708,-1.93594,0.479889,0,2.68187,-1.86,0.135505,3.65569,-1.93997,-0.0360146,0,2.32969,-1.86,0.111661,3.264,-1.90963,-0.0528462,0,3.14456,-1.86,0.128855,4.15192,-1.95344,-0.0381674,0,2.28163,-1.86,0.391421,3.25062,-2.04135,0.241601,0,3.29298,-1.86,0.576045,4.31651,-1.94834,0.451928,0,2.98528,-1.86,0.419927,3.98308,-1.93584,0.280279,0,3.59139,-1.86,0.474859,4.63605,-1.95801,0.343972,0,2.57065,-1.86,0.24937,3.49158,-1.85639,0.0897558,0,
0.600013,3.06265,-3.63149,0.243056,4.08403,-3.86753,0.0912201,2.61553,-1.86,0.685979,3.57762,-1.9553,0.56663,0,3.26103,-1.86,0.841441,4.2855,-1.92694,0.741374,0,3.2649,-1.86,0.45152,4.28693,-1.91447,0.31631,0,2.81288,-1.86,0.724197,3.78997,-1.92423,0.612232,0,2.43416,-1.86,0.793416,3.39906,-2.03249,0.663064,0,2.86022,-1.86,0.393355,3.84811,-1.98058,0.248669,0,3.1213,-1.86,0.791275,4.128,-1.95318,0.689429,0,3.26464,-1.86,0.156518,4.2878,-1.94165,-0.00868341,0,2.61404,-1.86,0.378181,3.58074,-1.98435,0.234182,0,3.50956,-1.86,0.373899,4.55709,-1.9319,0.235852,0,2.93097,-1.86,0.865048,3.92913,-1.99744,0.747141,0,2.83252,-1.86,0.583953,3.81863,-1.98184,0.451527,0,2.83338,-1.86,0.231094,3.81711,-2.03377,0.0729568,0,3.59096,-1.86,0.788458,4.64456,-1.93456,0.679274,0,2.16693,-1.86,0.486175,3.09614,-1.95777,0.353423,0,3.21964,-1.86,0.701564,4.25056,-1.87442,0.601123,0,2.56358,-1.86,0.864335,3.5357,-2.0234,0.734477,0,2.96358,-1.86,0.552539,3.95995,-1.97546,0.417255,0,2.97747,-1.86,0.160515,3.97231,-1.96505,0.00325961,0,2.44315,-1.86,0.623764,3.4044,-2.03433,0.482922,0,3.57852,-1.86,0.606245,4.62656,-1.94673,0.478727,0,2.4129,-1.86,0.235205,3.35659,-1.95134,0.0788557,0,2.13525,-1.86,0.87316,3.07479,-1.99022,0.760401,0,3.47408,-1.86,0.719398,4.52,-1.92759,0.608051,0,2.409,-1.86,0.472793,3.36205,-1.9897,0.33177,0,2.31211,-1.86,0.876582,3.25925,-1.97575,0.769721,0,2.60201,-1.86,0.528433,3.57047,-1.99567,0.39137,0,2.73156,-1.86,0.466152,3.7031,-1.95914,0.322738,0,3.40505,-1.86,0.458475,4.4472,-1.92117,0.325966,0,2.98688,-1.86,0.683479,3.98531,-1.92682,0.567055,0,3.3458,-1.86,0.265764,4.37835,-1.94549,0.115342,0,3.11528,-1.86,0.429402,4.12197,-1.92752,0.289337,0,3.49654,-1.86,0.229636,4.53793,-1.94566,0.0777862,0,3.46176,-1.86,0.850824,4.52133,-1.88275,0.76447,0,2.23342,-1.86,0.261529,3.15565,-1.92103,0.109358,0,3.09771,-1.86,0.241443,4.10871,-1.89548,0.0840099,0,2.69197,-1.86,0.828131,3.66692,-2.01249,0.707689,0,3.34448,-1.86,0.694461,4.36616,-1.95102,0.580883,0,2.70396,-1.86,0.265741,3.6814,-2.00312,0.109884,0,2.8404,-1.86,0.10536,3.82158,-1.93862,-0.065507,0,2.11007,-1.86,0.684703,3.04773,-1.97838,0.563076,0,3.41674,-1.86,0.588869,4.44701,-1.96065,0.452047,0,2.25643,-1.86,0.729773,3.20227,-1.99012,0.612521,0,3.12645,-1.86,0.554272,4.14113,-1.8813,0.429828,0,3.57138,-1.86,0.108755,4.6253,-1.939,-0.0651624,0,2.95131,-1.86,0.295933,3.94438,-1.98986,0.145958,0,2.14264,-1.86,0.178683,3.07868,-1.98722,0.0211322,0,2.50027,-1.86,0.139005,3.46755,-2.0219,-0.0183448,0,3.40749,-1.86,0.092095,4.44928,-1.92515,-0.0830505,0,2.49517,-1.86,0.357401,3.45803,-2.01641,0.204713,0,3.22253,-1.86,0.302939,4.23713,-1.96156,0.15095,0,2.06978,-1.86,0.395393,2.98019,-1.93039,0.260781,0,2.30653,-1.86,0.60004,3.24731,-1.93917,0.480042,0,2.68187,-1.86,0.135505,3.65059,-1.93873,-0.0393509,0,2.32969,-1.86,0.111661,3.26337,-1.91933,-0.0506606,0,3.14456,-1.86,0.128855,4.14775,-1.96452,-0.0379968,0,2.28163,-1.86,0.391421,3.24673,-2.03743,0.240939,0,3.29298,-1.86,0.576045,4.32022,-1.95076,0.446776,0,2.98528,-1.86,0.419927,3.98064,-1.94812,0.279157,0,3.59139,-1.86,0.474859,4.62709,-1.97111,0.341659,0,2.57065,-1.86,0.24937,3.48327,-1.85512,0.0910686,0,
0.633347,3.08829,-3.63174,0.242554,4.1106,-3.86688,0.0905645,2.61553,-1.86,0.685979,3.58919,-1.95961,0.565595,0,3.26103,-1.86,0.841441,4.29509,-1.93021,0.739015,0,3.2649,-1.86,0.45152,4.29824,-1.91859,0.317636,0,2.81288,-1.86,0.724197,3.803,-1.92818,0.610747,0,2.43416,-1.86,0.793416,3.40787,-2.03528,0.660793,0,2.86022,-1.86,0.393355,3.85897,-1.98488,0.247346,0,3.1213,-1.86,0.791275,4.14018,-1.95675,0.687555,0,3.26464,-1.86,0.156518,4.2957,-1.94523,-0.00973286,0,2.61404,-1.86,0.378181,3.59489,-1.9879,0.231626,0,3.50956,-1.86,0.373899,4.5669,-1.93669,0.233826,0,2.93097,-1.86,0.865048,3.93996,-2.00116,0.745076,0,2.83252,-1.86,0.583953,3.83083,-1.98561,0.448377,0,2.83338,-1.86,0.231094,3.83032,-2.03777,0.0728343,0,3.59096,-1.86,0.788458,4.65249,-1.93591,0.680095,0,2.16693,-1.86,0.486175,3.10942,-1.96019,0.352009,0,3.21964,-1.86,0.701564,4.25985,-1.87726,0.600122,0,2.56358,-1.86,0.864335,3.54836,-2.02635,0.732282,0,2.96358,-1.86,0.552539,3.96782,-1.97982,0.415021,0,2.97747,-1.86,0.160515,3.9842,-1.96938,0.00114661,0,2.44315,-1.86,0.623764,3.41487,-2.03784,0.482514,0,3.57852,-1.86,0.606245,4.63471,-1.94778,0.474617,0,2.4129,-1.86,0.235205,3.36791,-1.95539,0.0786637,0,2.13525,-1.86,0.87316,3.09043,-1.99181,0.759034,0,3.47408,-1.86,0.719398,4.52901,-1.92855,0.605002,0,2.409,-1.86,0.472793,3.37363,-1.99367,0.332399,0,2.31211,-1.86,0.876582,3.27137,-1.97775,0.769902,0,2.60201,-1.86,0.528433,3.58423,-2.00037,0.390229,0,2.73156,-1.86,0.466152,3.71573,-1.96362,0.321161,0,3.40505,-1.86,0.458475,4.45742,-1.9251,0.323804,0,2.98688,-1.86,0.683479,3.99651,-1.93085,0.565718,0,3.3458,-1.86,0.265764,4.38748,-1.94842,0.113685,0,3.11528,-1.86,0.429402,4.13484,-1.93154,0.288045,0,3.49654,-1.86,0.229636,4.54777,-1.94764,0.0768502,0,3.46176,-1.86,0.850824,4.52649,-1.8851,0.766234,0,2.23342,-1.86,0.261529,3.16646,-1.92455,0.108411,0,3.09771,-1.86,0.241443,4.11964,-1.89967,0.083754,0,2.69197,-1.86,0.828131,3.68087,-2.01632,0.705236,0,3.34448,-1.86,0.694461,4.37653,-1.95494,0.57818,0,2.70396,-1.86,0.265741,3.69103,-2.00748,0.108465,0,2.8404,-1.86,0.10536,3.8332,-1.94294,-0.0653894,0,2.11007,-1.86,0.684703,3.0615,-1.9811,0.564634,0,3.41674,-1.86,0.588869,4.45795,-1.96393,0.450694,0,2.25643,-1.86,0.729773,3.21454,-1.99371,0.611782,0,3.12645,-1.86,0.554272,4.15281,-1.88455,0.424118,0,3.57138,-1.86,0.108755,4.63012,-1.94036,-0.0649591,0,2.95131,-1.86,0.295933,3.95633,-1.99408,0.143511,0,2.14264,-1.86,0.178683,3.09259,-1.99072,0.0203439,0,2.50027,-1.86,0.139005,3.47912,-2.02519,-0.0190229,0,3.40749,-1.86,0.092095,4.45502,-1.92801,-0.0873176,0,2.49517,-1.86,0.357401,3.4733,-2.01962,0.203828,0,3.22253,-1.86,0.302939,4.24854,-1.96492,0.151231,0,2.06978,-1.86,0.395393,2.99174,-1.92973,0.264591,0,2.30653,-1.86,0.60004,3.26052,-1.94125,0.479094,0,2.68187,-1.86,0.135505,3.66023,-1.94384,-0.0402838,0,2.32969,-1.86,0.111661,3.27559,-1.92506,-0.0504154,0,3.14456,-1.86,0.128855,4.1569,-1.96863,-0.04051,0,2.28163,-1.86,0.391421,3.26202,-2.04115,0.239768,0,3.29298,-1.86,0.576045,4.33082,-1.95245,0.444561,0,2.98528,-1.86,0.419927,3.98842,-1.95252,0.277825,0,3.59139,-1.86,0.474859,4.63364,-1.97347,0.342379,0,2.57065,-1.86,0.24937,3.49417,-1.85932,0.0908459,0,
0.666681,3.09758,-3.63187,0.241993,4.12591,-3.86652,0.0901862,2.61553,-1.86,0.685979,3.58875,-1.95608,0.566979,0,3.26103,-1.86,0.841441,4.29819,-1.92882,0.739034,0,3.2649,-1.86,0.45152,4.29907,-1.91653,0.31574,0,2.81288,-1.86,0.724197,3.80634,-1.92427,0.610028,0,2.43416,-1.86,0.793416,3.41092,-2.03113,0.661512,0,2.86022,-1.86,0.393355,3.8597,-1.98114,0.245459,0,3.1213,-1.86,0.791275,4.14229,-1.9545,0.688889,0,3.26464,-1.86,0.156518,4.29786,-1.94427,-0.00914253,0,2.61404,-1.86,0.378181,3.59322,-1.98452,0.230239,0,3.50956,-1.86,0.373899,4.56952,-1.93729,0.233706,0,2.93097,-1.86,0.865048,3.94093,-1.99766,0.744877,0,2.83252,-1.86,0.583953,3.83022,-1.98254,0.449621,0,2.83338,-1.86,0.231094,3.83244,-2.03402,0.0720915,0,3.59096,-1.86,0.788458,4.65426,-1.93956,0.678884,0,2.16693,-1.86,0.486175,3.111,-1.9545,0.351777,0,3.21964,-1.86,0.701564,4.26067,-1.87552,0.599816,0,2.56358,-1.86,0.864335,3.54695,-2.02404,0.733939,0,2.96358,-1.86,0.552539,3.97051,-1.97631,0.415234,0,2.97747,-1.86,0.160515,3.98532,-1.96619,0.000966556,0,2.44315,-1.86,0.623764,3.41715,-2.0334,0.483343,0,3.57852,-1.86,0.606245,4.64063,-1.95283,0.475366,0,2.4129,-1.86,0.235205,3.36817,-1.95141,0.0816736,0,2.13525,-1.86,0.87316,3.08901,-1.98655,0.761973,0,3.47408,-1.86,0.719398,4.53322,-1.92977,0.602457,0,2.409,-1.86,0.472793,3.37435,-1.98898,0.332546,0,2.31211,-1.86,0.876582,3.27345,-1.97474,0.768746,0,2.60201,-1.86,0.528433,3.58378,-1.99673,0.389481,0,2.73156,-1.86,0.466152,3.71675,-1.95903,0.319574,0,3.40505,-1.86,0.458475,4.45888,-1.92452,0.322431,0,2.98688,-1.86,0.683479,3.99721,-1.92752,0.565449,0,3.3458,-1.86,0.265764,4.39089,-1.94838,0.112913,0,3.11528,-1.86,0.429402,4.1342,-1.92887,0.288223,0,3.49654,-1.86,0.229636,4.55129,-1.94937,0.0735612,0,3.46176,-1.86,0.850824,4.5288,-1.88779,0.765216,0,2.23342,-1.86,0.261529,3.16469,-1.92311,0.110975,0,3.09771,-1.86,0.241443,4.12069,-1.89696,0.0850473,0,2.69197,-1.86,0.828131,3.68195,-2.01246,0.70576,0,3.34448,-1.86,0.694461,4.37943,-1.95356,0.577047,0,2.70396,-1.86,0.265741,3.69352,-2.00388,0.107744,0,2.8404,-1.86,0.10536,3.83201,-1.93968,-0.0649452,0,2.11007,-1.86,0.684703,3.06009,-1.97954,0.562379,0,3.41674,-1.86,0.588869,4.46219,-1.96356,0.448815,0,2.25643,-1.86,0.729773,3.21446,-1.98937,0.612228,0,3.12645,-1.86,0.554272,4.15427,-1.882,0.424504,0,3.57138,-1.86,0.108755,4.63535,-1.94764,-0.0659172,0,2.95131,-1.86,0.295933,3.95805,-1.99075,0.144233,0,2.14264,-1.86,0.178683,3.09263,-1.98461,0.0207228,0,2.50027,-1.86,0.139005,3.48093,-2.02181,-0.020078,0,3.40749,-1.86,0.092095,4.46006,-1.93103,-0.0880235,0,2.49517,-1.86,0.357401,3.47409,-2.01429,0.204087,0,3.22253,-1.86,0.302939,4.25005,-1.96294,0.148412,0,2.06978,-1.86,0.395393,2.99335,-1.93013,0.264518,0,2.30653,-1.86,0.60004,3.26231,-1.93739,0.48048,0,2.68187,-1.86,0.135505,3.66261,-1.93946,-0.0413516,0,2.32969,-1.86,0.111661,3.27292,-1.92325,-0.0501771,0,3.14456,-1.86,0.128855,4.15535,-1.96609,-0.0389983,0,2.28163,-1.86,0.391421,3.26229,-2.03614,0.240108,0,3.29298,-1.86,0.576045,4.33516,-1.95163,0.44487,0,2.98528,-1.86,0.419927,3.99093,-1.9491,0.278085,0,3.59139,-1.86,0.474859,4.63884,-1.97893,0.338639,0,2.57065,-1.86,0.24937,3.4943,-1.85296,0.0886064,0,
0.700015,3.1229,-3.63187,0.24153,4.1206,-3.86667,0.0903164,2.61553,-1.86,0.685979,3.57689,-1.98589,0.564265,0,3.26103,-1.86,0.841441,4.28007,-1.9381,0.741057,0,3.2649,-1.86,0.45152,4.27881,-1.93921,0.316387,0,2.81288,-1.86,0.724197,3.79241,-1.93393,0.611141,0,2.43416,-1.86,0.793416,3.39977,-2.04274,0.660032,0,2.86022,-1.86,0.393355,3.84054,-1.99603,0.246995,0,3.1213,-1.86,0.791275,4.12313,-1.9603,0.689767,0,3.26464,-1.86,0.156518,4.27425,-1.96056,-0.00702439,0,2.61404,-1.86,0.378181,3.57966,-1.99536,0.231421,0,3.50956,-1.86,0.373899,4.54879,-1.9473,0.234806,0,2.93097,-1.86,0.865048,3.92256,-1.99946,0.747659,0,2.83252,-1.86,0.583953,3.81187,-1.99388,0.448034,0,2.83338,-1.86,0.231094,3.81484,-2.04121,0.0744429,0,3.59096,-1.86,0.788458,4.63207,-1.95331,0.676489,0,2.16693,-1.86,0.486175,3.09213,-1.95678,0.355093,0,3.21964,-1.86,0.701564,4.24116,-1.89451,0.598349,0,2.56358,-1.86,0.864335,3.53193,-2.03607,0.73325,0,2.96358,-1.86,0.552539,3.9511,-1.98979,0.416491,0,2.97747,-1.86,0.160515,3.9664,-1.97862,0.00336838,0,2.44315,-1.86,0.623764,3.40805,-2.06022,0.478184,0,3.57852,-1.86,0.606245,4.62223,-1.95369,0.47566,0,2.4129,-1.86,0.235205,3.35886,-1.97545,0.0849505,0,2.13525,-1.86,0.87316,3.07982,-2.00356,0.758921,0,3.47408,-1.86,0.719398,4.51086,-1.94086,0.604146,0,2.409,-1.86,0.472793,3.36253,-2.00795,0.335147,0,2.31211,-1.86,0.876582,3.25797,-1.98417,0.771203,0,2.60201,-1.86,0.528433,3.56633,-2.00757,0.391183,0,2.73156,-1.86,0.466152,3.69811,-1.96222,0.323224,0,3.40505,-1.86,0.458475,4.43948,-1.93451,0.323779,0,2.98688,-1.86,0.683479,3.98029,-1.9398,0.563698,0,3.3458,-1.86,0.265764,4.37093,-1.95464,0.115384,0,3.11528,-1.86,0.429402,4.11829,-1.95143,0.289105,0,3.49654,-1.86,0.229636,4.52858,-1.96066,0.0740143,0,3.46176,-1.86,0.850824,4.49908,-1.9364,0.750698,0,2.23342,-1.86,0.261529,3.15765,-1.94877,0.113249,0,3.09771,-1.86,0.241443,4.1044,-1.9109,0.0868715,0,2.69197,-1.86,0.828131,3.66552,-2.01911,0.707683,0,3.34448,-1.86,0.694461,4.35899,-1.96955,0.576234,0,2.70396,-1.86,0.265741,3.67742,-2.01696,0.110654,0,2.8404,-1.86,0.10536,3.81592,-1.95989,-0.0622245,0,2.11007,-1.86,0.684703,3.04596,-1.99318,0.558004,0,3.41674,-1.86,0.588869,4.44217,-1.96936,0.453122,0,2.25643,-1.86,0.729773,3.20454,-2.00823,0.610547,0,3.12645,-1.86,0.554272,4.13584,-1.88461,0.42602,0,3.57138,-1.86,0.108755,4.61233,-1.94213,-0.0646212,0,2.95131,-1.86,0.295933,3.93894,-1.99936,0.145837,0,2.14264,-1.86,0.178683,3.0812,-1.99888,0.0256204,0,2.50027,-1.86,0.139005,3.46582,-2.03637,-0.0161602,0,3.40749,-1.86,0.092095,4.43729,-1.92949,-0.0870666,0,2.49517,-1.86,0.357401,3.45934,-2.03393,0.205878,0,3.22253,-1.86,0.302939,4.23112,-1.97093,0.151366,0,2.06978,-1.86,0.395393,2.98037,-1.93986,0.267723,0,2.30653,-1.86,0.60004,3.24414,-1.93625,0.482434,0,2.68187,-1.86,0.135505,3.64433,-1.94115,-0.0380782,0,2.32969,-1.86,0.111661,3.26111,-1.93922,-0.0448651,0,3.14456,-1.86,0.128855,4.13303,-1.98924,-0.0339438,0,2.28163,-1.86,0.391421,3.24655,-2.04632,0.243044,0,3.29298,-1.86,0.576045,4.31574,-1.9548,0.448266,0,2.98528,-1.86,0.419927,3.97305,-1.96591,0.280405,0,3.59139,-1.86,0.474859,4.61719,-1.98799,0.338593,0,2.57065,-1.86,0.24937,3.52605,-2.01682,0.0925458,0,
0.733349,3.13151,-3.63183,0.241066,4.14683,-3.86584,0.089676,2.61553,-1.86,0.685979,3.58675,-1.97839,0.563008,0,3.26103,-1.86,0.841441,4.29189,-1.93096,0.744626,0,3.2649,-1.86,0.45152,4.28328,-1.94533,0.3137,0,2.81288,-1.86,0.724197,3.79888,-1.93632,0.609885,0,2.43416,-1.86,0.793416,3.4084,-2.03632,0.661873,0,2.86022,-1.86,0.393355,3.85029,-1.99609,0.247411,0,3.1213,-1.86,0.791275,4.13207,-1.95438,0.691319,0,3.26464,-1.86,0.156518,4.28398,-1.96019,-0.0065771,0,2.61404,-1.86,0.378181,3.58763,-1.99644,0.232244,0,3.50956,-1.86,0.373899,4.55914,-1.94059,0.235064,0,2.93097,-1.86,0.865048,3.93077,-1.99233,0.749874,0,2.83252,-1.86,0.583953,3.82126,-1.99206,0.447419,0,2.83338,-1.86,0.231094,3.82554,-2.03478,0.0746481,0,3.59096,-1.86,0.788458,4.64232,-1.94801,0.677747,0,2.16693,-1.86,0.486175,3.1002,-1.95123,0.353652,0,3.21964,-1.86,0.701564,4.2477,-1.89694,0.595387,0,2.56358,-1.86,0.864335,3.5397,-2.03014,0.735746,0,2.96358,-1.86,0.552539,3.96005,-1.98891,0.416381,0,2.97747,-1.86,0.160515,3.97327,-1.98059,0.00299228,0,2.44315,-1.86,0.623764,3.41544,-2.0528,0.479505,0,3.57852,-1.86,0.606245,4.63448,-1.94408,0.480287,0,2.4129,-1.86,0.235205,3.36305,-1.96851,0.0832215,0,2.13525,-1.86,0.87316,3.08481,-1.99588,0.760454,0,3.47408,-1.86,0.719398,4.52147,-1.93568,0.605026,0,2.409,-1.86,0.472793,3.37134,-1.99999,0.333694,0,2.31211,-1.86,0.876582,3.264,-1.97949,0.772009,0,2.60201,-1.86,0.528433,3.5755,-2.00583,0.390524,0,2.73156,-1.86,0.466152,3.70729,-1.95612,0.323695,0,3.40505,-1.86,0.458475,4.44949,-1.92757,0.324352,0,2.98688,-1.86,0.683479,3.99064,-1.9339,0.563168,0,3.3458,-1.86,0.265764,4.38154,-1.9466,0.114564,0,3.11528,-1.86,0.429402,4.12839,-1.94534,0.287812,0,3.49654,-1.86,0.229636,4.53453,-1.95894,0.0738786,0,3.46176,-1.86,0.850824,4.50598,-1.93694,0.751093,0,2.23342,-1.86,0.261529,3.16305,-1.93793,0.11491,0,3.09771,-1.86,0.241443,4.10946,-1.91442,0.0870894,0,2.69197,-1.86,0.828131,3.67331,-2.0169,0.707497,0,3.34448,-1.86,0.694461,4.3681,-1.96841,0.576209,0,2.70396,-1.86,0.265741,3.68553,-2.01118,0.10811,0,2.8404,-1.86,0.10536,3.8256,-1.96382,-0.0621204,0,2.11007,-1.86,0.684703,3.05139,-1.98607,0.560261,0,3.41674,-1.86,0.588869,4.45215,-1.96111,0.45215,0,2.25643,-1.86,0.729773,3.20791,-2.00129,0.611656,0,3.12645,-1.86,0.554272,4.14474,-1.87871,0.426753,0,3.57138,-1.86,0.108755,4.62521,-1.93955,-0.0651127,0,2.95131,-1.86,0.295933,3.94685,-1.99712,0.142564,0,2.14264,-1.86,0.178683,3.08686,-1.99171,0.024603,0,2.50027,-1.86,0.139005,3.47703,-2.03664,-0.0176602,0,3.40749,-1.86,0.092095,4.44209,-1.93717,-0.0831672,0,2.49517,-1.86,0.357401,3.46684,-2.02791,0.20668,0,3.22253,-1.86,0.302939,4.2404,-1.96554,0.151312,0,2.06978,-1.86,0.395393,2.98538,-1.93353,0.268088,0,2.30653,-1.86,0.60004,3.25216,-1.9313,0.483181,0,2.68187,-1.86,0.135505,3.64797,-1.93638,-0.0370715,0,2.32969,-1.86,0.111661,3.26655,-1.93002,-0.0450573,0,3.14456,-1.86,0.128855,4.1421,-1.99395,-0.0338332,0,2.28163,-1.86,0.391421,3.25208,-2.04149,0.244963,0,3.29298,-1.86,0.576045,4.32138,-1.94991,0.449661,0,2.98528,-1.86,0.419927,3.98219,-1.96733,0.280018,0,3.59139,-1.86,0.474859,4.62653,-1.98425,0.341044,0,2.57065,-1.86,0.24937,3.53184,-2.00498,0.0916422,0,
0.766683,3.13151,-3.63183,0.241066,4.15665,-3.86549,0.0894372,2.61553,-1.86,0.685979,3.58551,-1.9927,0.555745,0,3.26103,-1.86,0.841441,4.2839,-1.94128,0.73716,0,3.2649,-1.86,0.45152,4.27715,-1.95856,0.310239,0,2.81288,-1.86,0.724197,3.79532,-1.94945,0.605111,0,2.43416,-1.86,0.793416,3.40865,-2.05143,0.655949,0,2.86022,-1.86,0.393355,3.85021,-2.00923,0.243809,0,3.1213,-1.86,0.791275,4.1283,-1.9658,0.685766,0,3.26464,-1.86,0.156518,4.27647,-1.97316,-0.00916182,0,2.61404,-1.86,0.378181,3.58838,-2.0116,0.229005,0,3.50956,-1.86,0.373899,4.54979,-1.95377,0.230815,0,2.93097,-1.86,0.865048,3.92754,-2.00376,0.744622,0,2.83252,-1.86,0.583953,3.81805,-2.00552,0.444306,0,2.83338,-1.86,0.231094,3.8219,-2.04866,0.0723774,0,3.59096,-1.86,0.788458,4.63399,-1.96042,0.67208,0,2.16693,-1.86,0.486175,3.10242,-1.96663,0.354112,0,3.21964,-1.86,0.701564,4.23821,-1.90928,0.592156,0,2.56358,-1.86,0.864335,3.54096,-2.04265,0.727983,0,2.96358,-1.86,0.552539,3.95801,-2.00144,0.41198,0,2.97747,-1.86,0.160515,3.96793,-1.99424,0.000409886,0,2.44315,-1.86,0.623764,3.41789,-2.07005,0.474579,0,3.57852,-1.86,0.606245,4.62283,-1.95529,0.472783,0,2.4129,-1.86,0.235205,3.36209,-1.9893,0.0793895,0,2.13525,-1.86,0.87316,3.09374,-2.01117,0.754299,0,3.47408,-1.86,0.719398,4.51185,-1.94711,0.599552,0,2.409,-1.86,0.472793,3.37161,-2.01639,0.329681,0,2.31211,-1.86,0.876582,3.26591,-1.9946,0.765955,0,2.60201,-1.86,0.528433,3.57807,-2.01958,0.388262,0,2.73156,-1.86,0.466152,3.70531,-1.97021,0.320032,0,3.40505,-1.86,0.458475,4.44226,-1.94051,0.319467,0,2.98688,-1.86,0.683479,3.98575,-1.94652,0.558852,0,3.3458,-1.86,0.265764,4.37476,-1.9597,0.11247,0,3.11528,-1.86,0.429402,4.12389,-1.95804,0.285602,0,3.49654,-1.86,0.229636,4.52437,-1.97376,0.0714646,0,3.46176,-1.86,0.850824,4.49942,-1.9497,0.743203,0,2.23342,-1.86,0.261529,3.16725,-1.9575,0.112433,0,3.09771,-1.86,0.241443,4.10453,-1.92766,0.0865351,0,2.69197,-1.86,0.828131,3.6708,-2.03008,0.701904,0,3.34448,-1.86,0.694461,4.36152,-1.98036,0.571271,0,2.70396,-1.86,0.265741,3.68071,-2.02686,0.107998,0,2.8404,-1.86,0.10536,3.82148,-1.97823,-0.0614987,0,2.11007,-1.86,0.684703,3.05826,-2.00148,0.556197,0,3.41674,-1.86,0.588869,4.44838,-1.97411,0.44693,0,2.25643,-1.86,0.729773,3.21452,-2.01916,0.605991,0,3.12645,-1.86,0.554272,4.13783,-1.89166,0.424147,0,3.57138,-1.86,0.108755,4.61359,-1.94909,-0.0639292,0,2.95131,-1.86,0.295933,3.94021,-2.01098,0.143241,0,2.14264,-1.86,0.178683,3.09104,-2.01014,0.0234479,0,2.50027,-1.86,0.139005,3.4769,-2.05225,-0.0179087,0,3.40749,-1.86,0.092095,4.43346,-1.95078,-0.0852271,0,2.49517,-1.86,0.357401,3.46834,-2.04417,0.204431,0,3.22253,-1.86,0.302939,4.22985,-1.97824,0.146768,0,2.06978,-1.86,0.395393,2.98984,-1.9518,0.264451,0,2.30653,-1.86,0.60004,3.25183,-1.9464,0.478878,0,2.68187,-1.86,0.135505,3.64673,-1.95169,-0.0366282,0,2.32969,-1.86,0.111661,3.26754,-1.94817,-0.0449988,0,3.14456,-1.86,0.128855,4.13889,-2.0072,-0.0339962,0,2.28163,-1.86,0.391421,3.2559,-2.05901,0.242086,0,3.29298,-1.86,0.576045,4.31503,-1.9627,0.445355,0,2.98528,-1.86,0.419927,3.97741,-1.98051,0.276121,0,3.59139,-1.86,0.474859,4.61727,-1.99786,0.336717,0,2.57065,-1.86,0.24937,3.53684,-2.03315,0.0878266,0,
0.800017,3.15689,-3.63194,0.240664,4.18309,-3.86477,0.0887877,2.61553,-1.86,0.685979,3.59088,-1.98041,0.562349,0,3.26103,-1.86,0.841441,4.29186,-1.93545,0.737909,0,3.2649,-1.86,0.45152,4.28914,-1.95258,0.311996,0,2.81288,-1.86,0.724197,3.80424,-1.93778,0.609444,0,2.43416,-1.86,0.793416,3.41384,-2.0374,0.660611,0,2.86022,-1.86,0.393355,3.85707,-1.99791,0.24574,0,3.1213,-1.86,0.791275,4.13909,-1.95828,0.688468,0,3.26464,-1.86,0.156518,4.2871,-1.96726,-0.00835188,0,2.61404,-1.86,0.378181,3.59363,-1.99717,0.23218,0,3.50956,-1.86,0.373899,4.56167,-1.9526,0.23197,0,2.93097,-1.86,0.865048,3.93867,-1.99426,0.749608,0,2.83252,-1.86,0.583953,3.8268,-1.99371,0.446912,0,2.83338,-1.86,0.231094,3.82868,-2.03714,0.0733261,0,3.59096,-1.86,0.788458,4.64646,-1.95972,0.672608,0,2.16693,-1.86,0.486175,3.10382,-1.95054,0.35746,0,3.21964,-1.86,0.701564,4.25008,-1.90342,0.594734,0,2.56358,-1.86,0.864335,3.54665,-2.02908,0.73461,0,2.96358,-1.86,0.552539,3.9671,-1.9913,0.413699,0,2.97747,-1.86,0.160515,3.97713,-1.98385,0.0010325,0,2.44315,-1.86,0.623764,3.42302,-2.05422,0.478936,0,3.57852,-1.86,0.606245,4.63266,-1.9561,0.472855,0,2.4129,-1.86,0.235205,3.36656,-1.97391,0.0811132,0,2.13525,-1.86,0.87316,3.09405,-1.99246,0.762674,0,3.47408,-1.86,0.719398,4.52426,-1.9459,0.601035,0,2.409,-1.86,0.472793,3.37698,-2.00153,0.335925,0,2.31211,-1.86,0.876582,3.26982,-1.97826,0.773167,0,2.60201,-1.86,0.528433,3.58243,-2.00524,0.39144,0,2.73156,-1.86,0.466152,3.71525,-1.95688,0.327425,0,3.40505,-1.86,0.458475,4.45538,-1.93696,0.318292,0,2.98688,-1.86,0.683479,3.99584,-1.93714,0.562924,0,3.3458,-1.86,0.265764,4.38754,-1.9553,0.112901,0,3.11528,-1.86,0.429402,4.13465,-1.94998,0.286827,0,3.49654,-1.86,0.229636,4.53634,-1.97199,0.072514,0,3.46176,-1.86,0.850824,4.51221,-1.94595,0.742125,0,2.23342,-1.86,0.261529,3.1678,-1.93942,0.116124,0,3.09771,-1.86,0.241443,4.1138,-1.91911,0.0869898,0,2.69197,-1.86,0.828131,3.67908,-2.01747,0.707065,0,3.34448,-1.86,0.694461,4.37225,-1.97596,0.573462,0,2.70396,-1.86,0.265741,3.68823,-2.01362,0.109878,0,2.8404,-1.86,0.10536,3.82959,-1.96626,-0.0613124,0,2.11007,-1.86,0.684703,3.05726,-1.98108,0.561622,0,3.41674,-1.86,0.588869,4.46132,-1.97003,0.449407,0,2.25643,-1.86,0.729773,3.21539,-1.99935,0.611834,0,3.12645,-1.86,0.554272,4.14817,-1.88372,0.426065,0,3.57138,-1.86,0.108755,4.62323,-1.95079,-0.0638063,0,2.95131,-1.86,0.295933,3.95121,-2.00001,0.145912,0,2.14264,-1.86,0.178683,3.09087,-1.99305,0.0233112,0,2.50027,-1.86,0.139005,3.48306,-2.03767,-0.0176998,0,3.40749,-1.86,0.092095,4.44819,-1.94762,-0.0836983,0,2.49517,-1.86,0.357401,3.47375,-2.02774,0.206505,0,3.22253,-1.86,0.302939,4.24468,-1.97212,0.148606,0,2.06978,-1.86,0.395393,2.98909,-1.93361,0.267252,0,2.30653,-1.86,0.60004,3.25567,-1.93121,0.48232,0,2.68187,-1.86,0.135505,3.65354,-1.93632,-0.0371813,0,2.32969,-1.86,0.111661,3.2711,-1.93054,-0.0461225,0,3.14456,-1.86,0.128855,4.14907,-1.99904,-0.0334355,0,2.28163,-1.86,0.391421,3.25815,-2.04013,0.244705,0,3.29298,-1.86,0.576045,4.32587,-1.95698,0.445209,0,2.98528,-1.86,0.419927,3.98869,-1.97019,0.277495,0,3.59139,-1.86,0.474859,4.63011,-1.99714,0.334801,0,2.57065,-1.86,0.24937,3.54177,-2.01751,0.0877695,0,
0.833351,3.16615,-3.63197,0.240221,4.19353,-3.86452,0.0885298,2.61553,-1.86,0.685979,3.58412,-1.98418,0.564586,0,3.26103,-1.86,0.841441,4.28894,-1.93625,0.743071,0,3.2649,-1.86,0.45152,4.28421,-1.95139,0.313655,0,2.81288,-1.86,0.724197,3.79745,-1.93929,0.610395,0,2.43416,-1.86,0.793416,3.4085,-2.04189,0.661495,0,2.86022,-1.86,0.393355,3.85235,-1.99898,0.247636,0,3.1213,-1.86,0.791275,4.1327,-1.95825,0.690088,0,3.26464,-1.86,0.156518,4.28219,-1.96592,-0.00694081,0,2.61404,-1.86,0.378181,3.58997,-1.99979,0.23299,0,3.50956,-1.86,0.373899,4.55726,-1.94992,0.235052,0,2.93097,-1.86,0.865048,3.93305,-1.99503,0.750231,0,2.83252,-1.86,0.583953,3.82196,-1.99482,0.448227,0,2.83338,-1.86,0.231094,3.82303,-2.03824,0.0750305,0,3.59096,-1.86,0.788458,4.64536,-1.95744,0.672626,0,2.16693,-1.86,0.486175,3.10028,-1.95607,0.356888,0,3.21964,-1.86,0.701564,4.2451,-1.90268,0.596511,0,2.56358,-1.86,0.864335,3.54146,-2.0327,0.734954,0,2.96358,-1.86,0.552539,3.96305,-1.99234,0.419088,0,2.97747,-1.86,0.160515,3.97539,-1.98336,0.00431209,0,2.44315,-1.86,0.623764,3.41837,-2.05852,0.479562,0,3.57852,-1.86,0.606245,4.62837,-1.95355,0.474728,0,2.4129,-1.86,0.235205,3.36164,-1.97453,0.0826082,0,2.13525,-1.86,0.87316,3.09215,-2.00054,0.760052,0,3.47408,-1.86,0.719398,4.51962,-1.94377,0.604149,0,2.409,-1.86,0.472793,3.37054,-2.0059,0.334556,0,2.31211,-1.86,0.876582,3.26803,-1.98033,0.770686,0,2.60201,-1.86,0.528433,3.57974,-2.00845,0.392399,0,2.73156,-1.86,0.466152,3.70873,-1.95878,0.32497,0,3.40505,-1.86,0.458475,4.45139,-1.93496,0.320734,0,2.98688,-1.86,0.683479,3.99336,-1.93774,0.566148,0,3.3458,-1.86,0.265764,4.38211,-1.95334,0.115127,0,3.11528,-1.86,0.429402,4.12964,-1.94956,0.288395,0,3.49654,-1.86,0.229636,4.53196,-1.96879,0.0739691,0,3.46176,-1.86,0.850824,4.50751,-1.94461,0.745538,0,2.23342,-1.86,0.261529,3.1663,-1.94507,0.113523,0,3.09771,-1.86,0.241443,4.10877,-1.91858,0.0885144,0,2.69197,-1.86,0.828131,3.67321,-2.01953,0.707984,0,3.34448,-1.86,0.694461,4.36738,-1.97493,0.575248,0,2.70396,-1.86,0.265741,3.6851,-2.01403,0.110162,0,2.8404,-1.86,0.10536,3.82465,-1.96687,-0.0597921,0,2.11007,-1.86,0.684703,3.05503,-1.98846,0.560017,0,3.41674,-1.86,0.588869,4.45155,-1.96777,0.451778,0,2.25643,-1.86,0.729773,3.21209,-2.00565,0.610319,0,3.12645,-1.86,0.554272,4.14075,-1.8835,0.42832,0,3.57138,-1.86,0.108755,4.61832,-1.94746,-0.0632479,0,2.95131,-1.86,0.295933,3.94689,-2.00017,0.14804,0,2.14264,-1.86,0.178683,3.09058,-1.99772,0.0251734,0,2.50027,-1.86,0.139005,3.47949,-2.04005,-0.0181325,0,3.40749,-1.86,0.092095,4.44259,-1.94383,-0.0791425,0,2.49517,-1.86,0.357401,3.46923,-2.03104,0.207116,0,3.22253,-1.86,0.302939,4.24234,-1.97086,0.150131,0,2.06978,-1.86,0.395393,2.98585,-1.94007,0.268893,0,2.30653,-1.86,0.60004,3.24938,-1.93612,0.484587,0,2.68187,-1.86,0.135505,3.64882,-1.93768,-0.0355961,0,2.32969,-1.86,0.111661,3.26775,-1.93296,-0.0451725,0,3.14456,-1.86,0.128855,4.14474,-1.99822,-0.0313829,0,2.28163,-1.86,0.391421,3.25683,-2.0434,0.244877,0,3.29298,-1.86,0.576045,4.32029,-1.95598,0.447638,0,2.98528,-1.86,0.419927,3.9837,-1.97045,0.278982,0,3.59139,-1.86,0.474859,4.62411,-1.99369,0.339368,0,2.57065,-1.86,0.24937,3.53839,-2.02121,0.0860359,0,
0.866685,3.19213,-3.63209,0.23986,4.20857,-3.86418,0.088158,2.61553,-1.86,0.685979,3.58072,-1.97839,0.571155,0,3.26103,-1.86,0.841441,4.2911,-1.93611,0.74517,0,3.2649,-1.86,0.45152,4.2867,-1.94517,0.315724,0,2.81288,-1.86,0.724197,3.79731,-1.93234,0.613387,0,2.43416,-1.86,0.793416,3.41171,-2.0329,0.666805,0,2.86022,-1.86,0.393355,3.85494,-1.99111,0.249053,0,3.1213,-1.86,0.791275,4.13496,-1.95387,0.697995,0,3.26464,-1.86,0.156518,4.28454,-1.95941,-0.00526884,0,2.61404,-1.86,0.378181,3.58748,-1.99136,0.235807,0,3.50956,-1.86,0.373899,4.55719,-1.95073,0.236366,0,2.93097,-1.86,0.865048,3.93498,-1.98931,0.754937,0,2.83252,-1.86,0.583953,3.82194,-1.98798,0.452254,0,2.83338,-1.86,0.231094,3.82404,-2.03032,0.0775604,0,3.59096,-1.86,0.788458,4.64874,-1.95205,0.676302,0,2.16693,-1.86,0.486175,3.09592,-1.94616,0.362488,0,3.21964,-1.86,0.701564,4.24595,-1.89659,0.598782,0,2.56358,-1.86,0.864335,3.5406,-2.02592,0.740382,0,2.96358,-1.86,0.552539,3.96622,-1.98508,0.419547,0,2.97747,-1.86,0.160515,3.97591,-1.97626,0.00667983,0,2.44315,-1.86,0.623764,3.41564,-2.05133,0.485204,0,3.57852,-1.86,0.606245,4.62987,-1.95346,0.477475,0,2.4129,-1.86,0.235205,3.35896,-1.96393,0.0846013,0,2.13525,-1.86,0.87316,3.0858,-1.99431,0.767741,0,3.47408,-1.86,0.719398,4.51833,-1.94683,0.605361,0,2.409,-1.86,0.472793,3.36904,-1.998,0.340344,0,2.31211,-1.86,0.876582,3.26521,-1.9719,0.777937,0,2.60201,-1.86,0.528433,3.57799,-1.9997,0.394098,0,2.73156,-1.86,0.466152,3.70614,-1.95176,0.329421,0,3.40505,-1.86,0.458475,4.45288,-1.93156,0.324775,0,2.98688,-1.86,0.683479,3.996,-1.9359,0.569345,0,3.3458,-1.86,0.265764,4.38242,-1.95054,0.11654,0,3.11528,-1.86,0.429402,4.13078,-1.94307,0.290429,0,3.49654,-1.86,0.229636,4.53298,-1.97245,0.0781228,0,3.46176,-1.86,0.850824,4.5097,-1.9398,0.748547,0,2.23342,-1.86,0.261529,3.16329,-1.93177,0.115433,0,3.09771,-1.86,0.241443,4.10985,-1.92522,0.0905902,0,2.69197,-1.86,0.828131,3.67228,-2.01383,0.714682,0,3.34448,-1.86,0.694461,4.36926,-1.96933,0.57803,0,2.70396,-1.86,0.265741,3.68481,-2.00531,0.114459,0,2.8404,-1.86,0.10536,3.8238,-1.9592,-0.058351,0,2.11007,-1.86,0.684703,3.05156,-1.97814,0.566779,0,3.41674,-1.86,0.588869,4.45314,-1.96674,0.454689,0,2.25643,-1.86,0.729773,3.2094,-1.99679,0.617605,0,3.12645,-1.86,0.554272,4.14199,-1.87694,0.43085,0,3.57138,-1.86,0.108755,4.61836,-1.94127,-0.0623388,0,2.95131,-1.86,0.295933,3.95061,-1.99275,0.152867,0,2.14264,-1.86,0.178683,3.08523,-1.98424,0.0287651,0,2.50027,-1.86,0.139005,3.47696,-2.03106,-0.0129772,0,3.40749,-1.86,0.092095,4.44014,-1.95367,-0.075533,0,2.49517,-1.86,0.357401,3.46663,-2.02289,0.212333,0,3.22253,-1.86,0.302939,4.24342,-1.96437,0.151612,0,2.06978,-1.86,0.395393,2.97956,-1.93042,0.277409,0,2.30653,-1.86,0.60004,3.2441,-1.9304,0.490606,0,2.68187,-1.86,0.135505,3.64305,-1.9305,-0.0355866,0,2.32969,-1.86,0.111661,3.26336,-1.92289,-0.0450649,0,3.14456,-1.86,0.128855,4.14764,-1.99995,-0.0323302,0,2.28163,-1.86,0.391421,3.25161,-2.03365,0.253826,0,3.29298,-1.86,0.576045,4.32476,-1.95009,0.448624,0,2.98528,-1.86,0.419927,3.9861,-1.964,0.286965,0,3.59139,-1.86,0.474859,4.62016,-2.00007,0.341274,0,2.57065,-1.86,0.24937,3.53705,-2.01194,0.0893384,0,
0.90002,3.19213,-3.63209,0.23986,4.22077,-3.86384,0.0878581,2.61553,-1.86,0.685979,3.57901,-1.98457,0.568337,0,3.26103,-1.86,0.841441,4.28604,-1.94131,0.744198,0,3.2649,-1.86,0.45152,4.28125,-1.95996,0.316858,0,2.81288,-1.86,0.724197,3.79732,-1.94903,0.610544,0,2.43416,-1.86,0.793416,3.40748,-2.03967,0.664287,0,2.86022,-1.86,0.393355,3.85343,-1.99896,0.247783,0,3.1213,-1.86,0.791275,4.13137,-1.95615,0.697378,0,3.26464,-1.86,0.156518,4.28122,-1.96901,-0.0054002,0,2.61404,-1.86,0.378181,3.58552,-1.99838,0.234604,0,3.50956,-1.86,0.373899,4.55535,-1.9522,0.23835,0,2.93097,-1.86,0.865048,3.93116,-1.99296,0.754492,0,2.83252,-1.86,0.583953,3.81795,-1.99311,0.451421,0,2.83338,-1.86,0.231094,3.82039,-2.03516,0.0768361,0,3.59096,-1.86,0.788458,4.64264,-1.95204,0.676334,0,2.16693,-1.86,0.486175,3.0962,-1.95586,0.359424,0,3.21964,-1.86,0.701564,4.24137,-1.91392,0.595116,0,2.56358,-1.86,0.864335,3.53668,-2.03287,0.738192,0,2.96358,-1.86,0.552539,3.96277,-1.99174,0.419187,0,2.97747,-1.86,0.160515,3.97237,-1.98976,0.00477126,0,2.44315,-1.86,0.623764,3.41568,-2.0586,0.481745,0,3.57852,-1.86,0.606245,4.62251,-1.95576,0.476071,0,2.4129,-1.86,0.235205,3.35615,-1.97206,0.0826154,0,2.13525,-1.86,0.87316,3.08838,-2.00509,0.75997,0,3.47408,-1.86,0.719398,4.51341,-1.95131,0.603322,0,2.409,-1.86,0.472793,3.36936,-2.0042,0.33823,0,2.31211,-1.86,0.876582,3.26398,-1.98058,0.771865,0,2.60201,-1.86,0.528433,3.57788,-2.0115,0.394005,0,2.73156,-1.86,0.466152,3.71275,-1.97922,0.325401,0,3.40505,-1.86,0.458475,4.45062,-1.9315,0.32623,0,2.98688,-1.86,0.683479,3.99114,-1.94378,0.568265,0,3.3458,-1.86,0.265764,4.38073,-1.95102,0.115889,0,3.11528,-1.86,0.429402,4.12677,-1.9456,0.291942,0,3.49654,-1.86,0.229636,4.5272,-1.97751,0.079628,0,3.46176,-1.86,0.850824,4.50367,-1.94843,0.748684,0,2.23342,-1.86,0.261529,3.16627,-1.93942,0.110864,0,3.09771,-1.86,0.241443,4.10754,-1.93541,0.0885915,0,2.69197,-1.86,0.828131,3.67485,-2.02271,0.713565,0,3.34448,-1.86,0.694461,4.36348,-1.9797,0.576857,0,2.70396,-1.86,0.265741,3.68122,-2.01203,0.112233,0,2.8404,-1.86,0.10536,3.82353,-1.97881,-0.0560788,0,2.11007,-1.86,0.684703,3.05105,-1.98831,0.56169,0,3.41674,-1.86,0.588869,4.45159,-1.96587,0.454192,0,2.25643,-1.86,0.729773,3.20785,-2.00628,0.613815,0,3.12645,-1.86,0.554272,4.13936,-1.87928,0.43107,0,3.57138,-1.86,0.108755,4.61772,-1.95273,-0.0614581,0,2.95131,-1.86,0.295933,3.94865,-1.99998,0.153366,0,2.14264,-1.86,0.178683,3.0854,-1.99659,0.0260684,0,2.50027,-1.86,0.139005,3.4777,-2.039,-0.0138255,0,3.40749,-1.86,0.092095,4.4392,-1.95952,-0.0743296,0,2.49517,-1.86,0.357401,3.46546,-2.0308,0.206684,0,3.22253,-1.86,0.302939,4.23864,-1.96971,0.152231,0,2.06978,-1.86,0.395393,2.98192,-1.94374,0.274166,0,2.30653,-1.86,0.60004,3.2449,-1.93877,0.485618,0,2.68187,-1.86,0.135505,3.64272,-1.9371,-0.0365171,0,2.32969,-1.86,0.111661,3.26212,-1.93261,-0.044997,0,3.14456,-1.86,0.128855,4.14597,-2.00571,-0.0293788,0,2.28163,-1.86,0.391421,3.25493,-2.04602,0.252136,0,3.29298,-1.86,0.576045,4.31964,-1.95007,0.447458,0,2.98528,-1.86,0.419927,3.98525,-1.97206,0.28575,0,3.59139,-1.86,0.474859,4.61763,-2.0046,0.340209,0,2.57065,-1.86,0.24937,3.53418,-2.01949,0.0887532,0,
0.933353,3.21757,-3.63211,0.239474,4.24731,-3.86311,0.0872058,2.61553,-1.86,0.685979,3.59634,-1.98332,0.565752,0,3.26103,-1.86,0.841441,4.30002,-1.94395,0.741406,0,3.2649,-1.86,0.45152,4.29598,-1.96272,0.311172,0,2.81288,-1.86,0.724197,3.80683,-1.95264,0.609359,0,2.43416,-1.86,0.793416,3.42389,-2.04256,0.662932,0,2.86022,-1.86,0.393355,3.86431,-2.00275,0.248704,0,3.1213,-1.86,0.791275,4.14424,-1.95914,0.695997,0,3.26464,-1.86,0.156518,4.29446,-1.97228,-0.00622673,0,2.61404,-1.86,0.378181,3.59987,-2.00037,0.234514,0,3.50956,-1.86,0.373899,4.56818,-1.95473,0.235733,0,2.93097,-1.86,0.865048,3.94494,-1.9954,0.752472,0,2.83252,-1.86,0.583953,3.83332,-1.99565,0.450963,0,2.83338,-1.86,0.231094,3.83614,-2.03763,0.0764392,0,3.59096,-1.86,0.788458,4.65578,-1.9559,0.673291,0,2.16693,-1.86,0.486175,3.11039,-1.95569,0.359044,0,3.21964,-1.86,0.701564,4.25336,-1.91689,0.59325,0,2.56358,-1.86,0.864335,3.55233,-2.03515,0.737556,0,2.96358,-1.86,0.552539,3.97858,-1.99453,0.418239,0,2.97747,-1.86,0.160515,3.98406,-1.9931,0.00719186,0,2.44315,-1.86,0.623764,3.43052,-2.0588,0.481919,0,3.57852,-1.86,0.606245,4.63429,-1.95974,0.473498,0,2.4129,-1.86,0.235205,3.37042,-1.97477,0.0828847,0,2.13525,-1.86,0.87316,3.10344,-2.00305,0.763554,0,3.47408,-1.86,0.719398,4.52548,-1.95316,0.597836,0,2.409,-1.86,0.472793,3.38257,-2.00426,0.333366,0,2.31211,-1.86,0.876582,3.28019,-1.9817,0.770921,0,2.60201,-1.86,0.528433,3.58969,-2.0145,0.392785,0,2.73156,-1.86,0.466152,3.72992,-1.98012,0.325022,0,3.40505,-1.86,0.458475,4.46293,-1.93439,0.324123,0,2.98688,-1.86,0.683479,4.0042,-1.94654,0.565769,0,3.3458,-1.86,0.265764,4.39246,-1.95402,0.114859,0,3.11528,-1.86,0.429402,4.1392,-1.94877,0.290442,0,3.49654,-1.86,0.229636,4.54076,-1.98135,0.0758675,0,3.46176,-1.86,0.850824,4.51813,-1.95165,0.747029,0,2.23342,-1.86,0.261529,3.17984,-1.94068,0.110534,0,3.09771,-1.86,0.241443,4.12044,-1.93885,0.0868919,0,2.69197,-1.86,0.828131,3.68891,-2.02391,0.711366,0,3.34448,-1.86,0.694461,4.37726,-1.98255,0.574296,0,2.70396,-1.86,0.265741,3.69659,-2.01441,0.112392,0,2.8404,-1.86,0.10536,3.83755,-1.98175,-0.0568295,0,2.11007,-1.86,0.684703,3.06595,-1.99,0.561797,0,3.41674,-1.86,0.588869,4.46458,-1.96861,0.452575,0,2.25643,-1.86,0.729773,3.2233,-2.00729,0.612357,0,3.12645,-1.86,0.554272,4.15101,-1.88235,0.428138,0,3.57138,-1.86,0.108755,4.63087,-1.95224,-0.0608629,0,2.95131,-1.86,0.295933,3.96247,-2.00309,0.152244,0,2.14264,-1.86,0.178683,3.10057,-1.99724,0.0279617,0,2.50027,-1.86,0.139005,3.49193,-2.03942,-0.0141214,0,3.40749,-1.86,0.092095,4.45217,-1.9622,-0.0764313,0,2.49517,-1.86,0.357401,3.47736,-2.03323,0.208028,0,3.22253,-1.86,0.302939,4.25214,-1.97302,0.150917,0,2.06978,-1.86,0.395393,2.99331,-1.94123,0.277919,0,2.30653,-1.86,0.60004,3.25797,-1.93639,0.485681,0,2.68187,-1.86,0.135505,3.65669,-1.9381,-0.0371141,0,2.32969,-1.86,0.111661,3.27603,-1.93469,-0.0437411,0,3.14456,-1.86,0.128855,4.15728,-2.00926,-0.0309528,0,2.28163,-1.86,0.391421,3.26869,-2.04286,0.252009,0,3.29298,-1.86,0.576045,4.33217,-1.95344,0.446447,0,2.98528,-1.86,0.419927,3.99913,-1.9752,0.285654,0,3.59139,-1.86,0.474859,4.63107,-2.00636,0.339454,0,2.57065,-1.86,0.24937,3.54924,-2.02206,0.0884093,0,
0.966688,3.22604,-3.632,0.239053,4.26259,-3.8627,0.0868303,2.61553,-1.86,0.685979,3.59722,-1.9826,0.562918,0,3.26103,-1.86,0.841441,4.30132,-1.94473,0.738268,0,3.2649,-1.86,0.45152,4.29798,-1.96442,0.310226,0,2.81288,-1.86,0.724197,3.80681,-1.95426,0.607592,0,2.43416,-1.86,0.793416,3.42674,-2.04064,0.661567,0,2.86022,-1.86,0.393355,3.86329,-2.00453,0.246537,0,3.1213,-1.86,0.791275,4.14559,-1.95977,0.692946,0,3.26464,-1.86,0.156518,4.29505,-1.97425,-0.00817382,0,2.61404,-1.86,0.378181,3.60096,-2.00066,0.231453,0,3.50956,-1.86,0.373899,4.56721,-1.95632,0.233568,0,2.93097,-1.86,0.865048,3.94698,-1.99568,0.750228,0,2.83252,-1.86,0.583953,3.83597,-1.99563,0.448148,0,2.83338,-1.86,0.231094,3.83807,-2.03837,0.0750193,0,3.59096,-1.86,0.788458,4.65523,-1.95668,0.672287,0,2.16693,-1.86,0.486175,3.11283,-1.9545,0.357886,1,3.21964,-1.86,0.701564,4.2547,-1.91793,0.590086,0,2.56358,-1.86,0.864335,3.55552,-2.03206,0.732898,0,2.96358,-1.86,0.552539,3.98113,-1.99564,0.417227,0,2.97747,-1.86,0.160515,3.98557,-1.99449,0.0058761,0,2.44315,-1.86,0.623764,3.43066,-2.05924,0.479158,0,3.57852,-1.86,0.606245,4.6372,-1.96207,0.473315,0,2.4129,-1.86,0.235205,3.36869,-1.97563,0.0794684,0,2.13525,-1.86,0.87316,3.10605,-2.00174,0.763214,0,3.47408,-1.86,0.719398,4.52789,-1.95584,0.598417,0,2.409,-1.86,0.472793,3.38446,-2.00618,0.334271,0,2.31211,-1.86,0.876582,3.28089,-1.98047,0.768504,0,2.60201,-1.86,0.528433,3.59261,-2.01528,0.389865,0,2.73156,-1.86,0.466152,3.73364,-1.9819,0.321704,0,3.40505,-1.86,0.458475,4.46341,-1.93635,0.323166,0,2.98688,-1.86,0.683479,4.00567,-1.94744,0.564093,0,3.3458,-1.86,0.265764,4.39361,-1.95615,0.112055,0,3.11528,-1.86,0.429402,4.14129,-1.95005,0.288167,0,3.49654,-1.86,0.229636,4.54245,-1.98314,0.0738107,0,3.46176,-1.86,0.850824,4.51656,-1.95219,0.744856,0,2.23342,-1.86,0.261529,3.18236,-1.94274,0.109073,0,3.09771,-1.86,0.241443,4.125,-1.94023,0.0869021,0,2.69197,-1.86,0.828131,3.69011,-2.02547,0.71111,0,3.34448,-1.86,0.694461,4.37781,-1.98378,0.571894,0,2.70396,-1.86,0.265741,3.69827,-2.01465,0.108862,0,2.8404,-1.86,0.10536,3.83855,-1.98343,-0.058743,0,2.11007,-1.86,0.684703,3.06374,-1.99065,0.558217,0,3.41674,-1.86,0.588869,4.46573,-1.97032,0.450829,0,2.25643,-1.86,0.729773,3.22476,-2.00508,0.610131,0,3.12645,-1.86,0.554272,4.15086,-1.88396,0.427401,0,3.57138,-1.86,0.108755,4.63024,-1.9553,-0.0645414,0,2.95131,-1.86,0.295933,3.96335,-2.00455,0.151503,0,2.14264,-1.86,0.178683,3.10157,-1.99663,0.0262363,0,2.50027,-1.86,0.139005,3.49316,-2.04083,-0.016276,0,3.40749,-1.86,0.092095,4.45712,-1.96515,-0.0804658,0,2.49517,-1.86,0.357401,3.4794,-2.03385,0.2053,0,3.22253,-1.86,0.302939,4.25153,-1.97478,0.149999,0,2.06978,-1.86,0.395393,2.99657,-1.94139,0.277284,0,2.30653,-1.86,0.60004,3.25721,-1.9369,0.484143,0,2.68187,-1.86,0.135505,3.66156,-1.93791,-0.0380144,0,2.32969,-1.86,0.111661,3.2774,-1.93471,-0.0451679,0,3.14456,-1.86,0.128855,4.15867,-2.01095,-0.0322022,0,2.28163,-1.86,0.391421,3.27096,-2.04345,0.249899,0,3.29298,-1.86,0.576045,4.33342,-1.9548,0.443372,0,2.98528,-1.86,0.419927,4.00459,-1.97586,0.282686,0,3.59139,-1.86,0.474859,4.63213,-2.00814,0.337598,0,2.57065,-1.86,0.24937,3.54991,-2.02223,0.086389,0,
1.00002,3.252,-3.63187,0.238701,4.25721,-3.86281,0.0869638,2.61553,-1.86,0.685979,3.58201,-2.00163,0.561901,1,3.26103,-1.86,0.841441,4.28049,-1.94765,0.740107,1,3.2649,-1.86,0.45152,4.278,-1.97015,0.310919,1,2.81288,-1.86,0.724197,3.79162,-1.95962,0.605877,1,2.43416,-1.86,0.793416,3.40717,-2.03608,0.663943,1,2.86022,-1.86,0.393355,3.84277,-2.01139,0.250211,1,3.1213,-1.86,0.791275,4.12614,-1.96061,0.694032,1,3.26464,-1.86,0.156518,4.27556,-1.97938,-0.00544312,1,2.61404,-1.86,0.378181,3.5824,-2.00861,0.235137,1,3.50956,-1.86,0.373899,4.54646,-1.96113,0.235106,1,2.93097,-1.86,0.865048,3.92743,-1.99199,0.753566,1,2.83252,-1.86,0.583953,3.81562,-2.00023,0.451205,1,2.83338,-1.86,0.231094,3.81749,-2.04078,0.0769139,1,3.59096,-1.86,0.788458,4.63478,-1.96145,0.674574,1,2.16693,-1.86,0.486175,3.09205,-1.95402,0.359927,1,3.21964,-1.86,0.701564,4.23702,-1.92619,0.589371,1,2.56358,-1.86,0.864335,3.53615,-2.03777,0.733551,1,2.96358,-1.86,0.552539,3.961,-1.99205,0.420489,1,2.97747,-1.86,0.160515,3.96679,-1.99969,0.0072286,1,2.44315,-1.86,0.623764,3.41765,-2.06559,0.4798,1,3.57852,-1.86,0.606245,4.61764,-1.96518,0.47581,1,2.4129,-1.86,0.235205,3.36398,-2.00828,0.0814379,1,2.13525,-1.86,0.87316,3.08531,-2.00247,0.764333,1,3.47408,-1.86,0.719398,4.50902,-1.95897,0.600585,1,2.409,-1.86,0.472793,3.3688,-2.01477,0.332349,1,2.31211,-1.86,0.876582,3.26216,-1.98504,0.76824,1,2.60201,-1.86,0.528433,3.57126,-2.01753,0.391609,1,2.73156,-1.86,0.466152,3.71141,-1.9805,0.323675,1,3.40505,-1.86,0.458475,4.44324,-1.93795,0.326321,1,2.98688,-1.86,0.683479,3.98509,-1.94978,0.566271,1,3.3458,-1.86,0.265764,4.37415,-1.95664,0.113218,1,3.11528,-1.86,0.429402,4.11944,-1.96462,0.288385,1,3.49654,-1.86,0.229636,4.52033,-1.98853,0.0757105,1,3.46176,-1.86,0.850824,4.49718,-1.95722,0.743826,1,2.23342,-1.86,0.261529,3.16624,-1.95574,0.106941,1,3.09771,-1.86,0.241443,4.10519,-1.9424,0.0884794,1,2.69197,-1.86,0.828131,3.6695,-2.02599,0.71181,1,3.34448,-1.86,0.694461,4.35807,-1.9901,0.572941,1,2.70396,-1.86,0.265741,3.68046,-2.02466,0.112101,1,2.8404,-1.86,0.10536,3.82085,-1.98875,-0.0565569,1,2.11007,-1.86,0.684703,3.05212,-2.00154,0.558936,1,3.41674,-1.86,0.588869,4.44637,-1.97026,0.453493,1,2.25643,-1.86,0.729773,3.21057,-2.01855,0.605284,1,3.12645,-1.86,0.554272,4.1307,-1.88397,0.429885,1,3.57138,-1.86,0.108755,4.6067,-1.96647,-0.0592635,1,2.95131,-1.86,0.295933,3.94372,-2.00442,0.152679,1,2.14264,-1.86,0.178683,3.08729,-2.00525,0.0274945,1,2.50027,-1.86,0.139005,3.47325,-2.04748,-0.0130286,1,3.40749,-1.86,0.092095,4.43361,-1.96782,-0.0778762,1,2.49517,-1.86,0.357401,3.46471,-2.03802,0.208024,1,3.22253,-1.86,0.302939,4.23211,-1.9776,0.15244,1,2.06978,-1.86,0.395393,2.97166,-1.93997,0.281067,1,2.30653,-1.86,0.60004,3.24278,-1.9434,0.484855,1,2.68187,-1.86,0.135505,3.64043,-1.93768,-0.036853,1,2.32969,-1.86,0.111661,3.26475,-1.94704,-0.0424992,1,3.14456,-1.86,0.128855,4.13962,-2.0133,-0.0320968,1,2.28163,-1.86,0.391421,3.25244,-2.04274,0.253959,1,3.29298,-1.86,0.576045,4.31393,-1.95963,0.448048,1,2.98528,-1.86,0.419927,3.98726,-1.96956,0.285148,1,3.59139,-1.86,0.474859,4.61269,-2.01231,0.340246,1,2.57065,-1.86,0.24937,3.52891,-2.02274,0.0876959,1,
1.03336,3.252,-3.63187,0.238701,4.28439,-3.86192,0.0863014,2.61553,-1.86,0.685979,3.59581,-2.00572,0.560274,1,3.26103,-1.86,0.841441,4.29208,-1.95058,0.739392,1,3.2649,-1.86,0.45152,4.28964,-1.97331,0.312268,1,2.81288,-1.86,0.724197,3.80305,-1.96374,0.606328,1,2.43416,-1.86,0.793416,3.42122,-2.04138,0.664037,1,2.86022,-1.86,0.393355,3.85471,-2.01554,0.250902,1,3.1213,-1.86,0.791275,4.13736,-1.96412,0.69395,1,3.26464,-1.86,0.156518,4.28652,-1.98223,-0.00420397,1,2.61404,-1.86,0.378181,3.59489,-2.01372,0.234871,1,3.50956,-1.86,0.373899,4.55702,-1.96349,0.235986,1,2.93097,-1.86,0.865048,3.93972,-1.99554,0.752634,1,2.83252,-1.86,0.583953,3.82688,-2.00469,0.449722,1,2.83338,-1.86,0.231094,3.83204,-2.04457,0.0775197,1,3.59096,-1.86,0.788458,4.64522,-1.96369,0.67483,1,2.16693,-1.86,0.486175,3.10748,-1.95986,0.35924,1,3.21964,-1.86,0.701564,4.24801,-1.92944,0.589585,1,2.56358,-1.86,0.864335,3.5493,-2.04227,0.731972,1,2.96358,-1.86,0.552539,3.97263,-1.99597,0.420847,1,2.97747,-1.86,0.160515,3.97771,-2.00364,0.00653258,1,2.44315,-1.86,0.623764,3.43109,-2.06822,0.479416,1,3.57852,-1.86,0.606245,4.63005,-1.96776,0.475529,1,2.4129,-1.86,0.235205,3.37533,-2.00931,0.0823478,1,2.13525,-1.86,0.87316,3.10165,-2.00806,0.762743,1,3.47408,-1.86,0.719398,4.51904,-1.9611,0.599988,1,2.409,-1.86,0.472793,3.38236,-2.01923,0.331519,1,2.31211,-1.86,0.876582,3.27725,-1.9892,0.76715,1,2.60201,-1.86,0.528433,3.5846,-2.02295,0.39158,1,2.73156,-1.86,0.466152,3.72483,-1.9853,0.322746,1,3.40505,-1.86,0.458475,4.45389,-1.94083,0.327032,1,2.98688,-1.86,0.683479,3.99662,-1.95365,0.566382,1,3.3458,-1.86,0.265764,4.38505,-1.95937,0.110314,1,3.11528,-1.86,0.429402,4.12799,-1.96832,0.288815,1,3.49654,-1.86,0.229636,4.53219,-1.99149,0.0767766,1,3.46176,-1.86,0.850824,4.5073,-1.95957,0.744499,1,2.23342,-1.86,0.261529,3.18198,-1.96196,0.107945,1,3.09771,-1.86,0.241443,4.11335,-1.94609,0.0881018,1,2.69197,-1.86,0.828131,3.68126,-2.03097,0.711059,1,3.34448,-1.86,0.694461,4.36888,-1.99296,0.57319,1,2.70396,-1.86,0.265741,3.69224,-2.02954,0.111985,1,2.8404,-1.86,0.10536,3.83342,-1.99265,-0.0558663,1,2.11007,-1.86,0.684703,3.06287,-2.00168,0.557203,1,3.41674,-1.86,0.588869,4.45703,-1.9731,0.45396,1,2.25643,-1.86,0.729773,3.22328,-2.02429,0.605912,1,3.12645,-1.86,0.554272,4.14154,-1.8873,0.428763,1,3.57138,-1.86,0.108755,4.6208,-1.96953,-0.0600539,1,2.95131,-1.86,0.295933,3.95832,-2.00772,0.151707,1,2.14264,-1.86,0.178683,3.10091,-2.00888,0.0277446,1,2.50027,-1.86,0.139005,3.48788,-2.05293,-0.011735,1,3.40749,-1.86,0.092095,4.44497,-1.97097,-0.0758172,1,2.49517,-1.86,0.357401,3.47941,-2.04086,0.208886,1,3.22253,-1.86,0.302939,4.24285,-1.98067,0.151994,1,2.06978,-1.86,0.395393,2.98899,-1.94887,0.279188,1,2.30653,-1.86,0.60004,3.25451,-1.94656,0.48469,1,2.68187,-1.86,0.135505,3.65129,-1.94345,-0.0352056,1,2.32969,-1.86,0.111661,3.27611,-1.95126,-0.0416681,1,3.14456,-1.86,0.128855,4.14835,-2.01669,-0.030327,1,2.28163,-1.86,0.391421,3.2679,-2.04748,0.252535,1,3.29298,-1.86,0.576045,4.32481,-1.96263,0.448521,1,2.98528,-1.86,0.419927,3.99882,-1.97351,0.285814,1,3.59139,-1.86,0.474859,4.62814,-2.01497,0.337805,1,2.57065,-1.86,0.24937,3.54249,-2.02765,0.0893964,1,
1.06669,3.27749,-3.63154,0.238303,4.29954,-3.8614,0.0859329,2.61553,-1.86,0.685979,3.59404,-2.00406,0.560571,1,3.26103,-1.86,0.841441,4.29073,-1.94965,0.741171,1,3.2649,-1.86,0.45152,4.29182,-1.97174,0.311783,1,2.81288,-1.86,0.724197,3.80399,-1.96144,0.607456,1,2.43416,-1.86,0.793416,3.41894,-2.03952,0.666036,1,2.86022,-1.86,0.393355,3.85336,-2.01279,0.251841,1,3.1213,-1.86,0.791275,4.1359,-1.96281,0.695819,1,3.26464,-1.86,0.156518,4.2872,-1.98074,-0.00361867,1,2.61404,-1.86,0.378181,3.59512,-2.01025,0.232818,1,3.50956,-1.86,0.373899,4.5578,-1.96329,0.238034,1,2.93097,-1.86,0.865048,3.93805,-1.99394,0.754643,1,2.83252,-1.86,0.583953,3.82526,-2.00227,0.449883,1,2.83338,-1.86,0.231094,3.83102,-2.0418,0.0776329,1,3.59096,-1.86,0.788458,4.64568,-1.9637,0.675089,1,2.16693,-1.86,0.486175,3.10438,-1.95614,0.359093,1,3.21964,-1.86,0.701564,4.24801,-1.92823,0.591322,1,2.56358,-1.86,0.864335,3.54704,-2.04017,0.73277,1,2.96358,-1.86,0.552539,3.97227,-1.99385,0.422596,1,2.97747,-1.86,0.160515,3.97796,-2.00122,0.00708281,1,2.44315,-1.86,0.623764,3.43347,-2.06593,0.480662,1,3.57852,-1.86,0.606245,4.62926,-1.96708,0.477358,1,2.4129,-1.86,0.235205,3.37773,-2.00995,0.0790897,1,2.13525,-1.86,0.87316,3.09638,-2.00443,0.759903,1,3.47408,-1.86,0.719398,4.51648,-1.96128,0.603535,1,2.409,-1.86,0.472793,3.37999,-2.018,0.331979,1,2.31211,-1.86,0.876582,3.27414,-1.98698,0.769989,1,2.60201,-1.86,0.528433,3.5833,-2.0193,0.392192,1,2.73156,-1.86,0.466152,3.72381,-1.98208,0.323155,1,3.40505,-1.86,0.458475,4.454,-1.94009,0.328515,1,2.98688,-1.86,0.683479,3.9956,-1.95163,0.567616,1,3.3458,-1.86,0.265764,4.38514,-1.95825,0.111695,1,3.11528,-1.86,0.429402,4.12953,-1.96628,0.290509,1,3.49654,-1.86,0.229636,4.53308,-1.99063,0.0801038,1,3.46176,-1.86,0.850824,4.50687,-1.96,0.747483,1,2.23342,-1.86,0.261529,3.18129,-1.95729,0.108645,1,3.09771,-1.86,0.241443,4.11154,-1.94414,0.0897992,1,2.69197,-1.86,0.828131,3.67921,-2.02855,0.711752,1,3.34448,-1.86,0.694461,4.36585,-1.99282,0.5777,1,2.70396,-1.86,0.265741,3.69397,-2.02655,0.112814,1,2.8404,-1.86,0.10536,3.83407,-1.98988,-0.0547596,1,2.11007,-1.86,0.684703,3.0621,-2.00144,0.556553,1,3.41674,-1.86,0.588869,4.45849,-1.97287,0.456713,1,2.25643,-1.86,0.729773,3.22206,-2.02348,0.604109,1,3.12645,-1.86,0.554272,4.13971,-1.88592,0.431866,1,3.57138,-1.86,0.108755,4.61991,-1.96743,-0.0578481,1,2.95131,-1.86,0.295933,3.95854,-2.00527,0.15245,1,2.14264,-1.86,0.178683,3.10178,-2.00669,0.0262177,1,2.50027,-1.86,0.139005,3.48966,-2.04768,-0.016624,1,3.40749,-1.86,0.092095,4.44553,-1.97008,-0.0773954,1,2.49517,-1.86,0.357401,3.47799,-2.03914,0.209764,1,3.22253,-1.86,0.302939,4.24397,-1.97906,0.15338,1,2.06978,-1.86,0.395393,2.98434,-1.94112,0.279245,1,2.30653,-1.86,0.60004,3.25324,-1.94564,0.484197,1,2.68187,-1.86,0.135505,3.65041,-1.94093,-0.0353651,1,2.32969,-1.86,0.111661,3.2767,-1.95112,-0.0409994,1,3.14456,-1.86,0.128855,4.14885,-2.01462,-0.0298116,1,2.28163,-1.86,0.391421,3.26797,-2.04297,0.252879,1,3.29298,-1.86,0.576045,4.32628,-1.96113,0.447726,1,2.98528,-1.86,0.419927,3.99781,-1.97145,0.286739,1,3.59139,-1.86,0.474859,4.62853,-2.0134,0.340689,1,2.57065,-1.86,0.24937,3.5415,-2.02374,0.0887196,1,
1.10002,3.28682,-3.63127,0.237867,4.3098,-3.86103,0.0856838,2.61553,-1.86,0.685979,3.58826,-2.00341,0.559286,1,3.26103,-1.86,0.841441,4.28257,-1.9487,0.741801,1,3.2649,-1.86,0.45152,4.28626,-1.97035,0.310055,1,2.81288,-1.86,0.724197,3.79849,-1.9597,0.606074,1,2.43416,-1.86,0.793416,3.4126,-2.04005,0.663543,1,2.86022,-1.86,0.393355,3.84901,-2.01067,0.247036,1,3.1213,-1.86,0.791275,4.1295,-1.96132,0.695163,1,3.26464,-1.86,0.156518,4.28231,-1.97972,-0.00626012,1,2.61404,-1.86,0.378181,3.5914,-2.00783,0.233154,1,3.50956,-1.86,0.373899,4.55311,-1.96219,0.23688,1,2.93097,-1.86,0.865048,3.93104,-1.99226,0.752483,1,2.83252,-1.86,0.583953,3.81808,-2.00051,0.445346,1,2.83338,-1.86,0.231094,3.82495,-2.04111,0.0766031,1,3.59096,-1.86,0.788458,4.64128,-1.96247,0.674023,1,2.16693,-1.86,0.486175,3.0989,-1.95723,0.355662,1,3.21964,-1.86,0.701564,4.24239,-1.92661,0.589822,1,2.56358,-1.86,0.864335,3.54145,-2.03915,0.730765,1,2.96358,-1.86,0.552539,3.96652,-1.99242,0.421365,1,2.97747,-1.86,0.160515,3.9728,-1.99991,0.00577579,1,2.44315,-1.86,0.623764,3.42973,-2.06406,0.480576,1,3.57852,-1.86,0.606245,4.6251,-1.96681,0.47567,1,2.4129,-1.86,0.235205,3.37115,-2.00781,0.076434,1,2.13525,-1.86,0.87316,3.09342,-2.00722,0.757224,1,3.47408,-1.86,0.719398,4.51316,-1.96016,0.59969,1,2.409,-1.86,0.472793,3.37408,-2.01907,0.333949,1,2.31211,-1.86,0.876582,3.26793,-1.98706,0.764997,1,2.60201,-1.86,0.528433,3.57733,-2.01815,0.391131,1,2.73156,-1.86,0.466152,3.71718,-1.98136,0.322085,1,3.40505,-1.86,0.458475,4.44789,-1.93888,0.327451,1,2.98688,-1.86,0.683479,3.98898,-1.94992,0.565497,1,3.3458,-1.86,0.265764,4.379,-1.95714,0.110495,1,3.11528,-1.86,0.429402,4.11973,-1.96521,0.288168,1,3.49654,-1.86,0.229636,4.52965,-1.98995,0.0788495,1,3.46176,-1.86,0.850824,4.50148,-1.9586,0.746054,1,2.23342,-1.86,0.261529,3.17442,-1.95717,0.107387,1,3.09771,-1.86,0.241443,4.10855,-1.94254,0.0896203,1,2.69197,-1.86,0.828131,3.67015,-2.02721,0.707698,1,3.34448,-1.86,0.694461,4.35892,-1.991,0.574468,1,2.70396,-1.86,0.265741,3.6906,-2.02395,0.107031,1,2.8404,-1.86,0.10536,3.82818,-1.98889,-0.0554288,1,2.11007,-1.86,0.684703,3.05602,-1.99958,0.553871,1,3.41674,-1.86,0.588869,4.4531,-1.97162,0.456437,1,2.25643,-1.86,0.729773,3.21597,-2.0223,0.602047,1,3.12645,-1.86,0.554272,4.13557,-1.88425,0.430731,1,3.57138,-1.86,0.108755,4.61503,-1.96772,-0.0590522,1,2.95131,-1.86,0.295933,3.95338,-2.00412,0.151269,1,2.14264,-1.86,0.178683,3.09607,-2.0053,0.0255343,1,2.50027,-1.86,0.139005,3.48276,-2.04685,-0.0179039,1,3.40749,-1.86,0.092095,4.43938,-1.96921,-0.0800316,1,2.49517,-1.86,0.357401,3.4729,-2.03939,0.207226,1,3.22253,-1.86,0.302939,4.2382,-1.97781,0.150332,1,2.06978,-1.86,0.395393,2.98092,-1.93976,0.272032,1,2.30653,-1.86,0.60004,3.24681,-1.94496,0.482506,1,2.68187,-1.86,0.135505,3.64482,-1.93938,-0.0367924,1,2.32969,-1.86,0.111661,3.27016,-1.94938,-0.0398556,1,3.14456,-1.86,0.128855,4.13885,-2.0139,-0.0312431,1,2.28163,-1.86,0.391421,3.2631,-2.0425,0.250511,1,3.29298,-1.86,0.576045,4.32342,-1.95946,0.445087,1,2.98528,-1.86,0.419927,3.99133,-1.97031,0.285675,1,3.59139,-1.86,0.474859,4.62309,-2.01274,0.337587,1,2.57065,-1.86,0.24937,3.53419,-2.02329,0.0857458,1,
1.13336,3.28682,-3.63127,0.237867,4.32028,-3.86058,0.0854323,2.61553,-1.86,0.685979,3.58487,-2.00351,0.557503,1,3.26103,-1.86,0.841441,4.27749,-1.96148,0.734524,1,3.2649,-1.86,0.45152,4.28549,-1.97283,0.309139,1,2.81288,-1.86,0.724197,3.79445,-1.96122,0.604877,1,2.43416,-1.86,0.793416,3.40945,-2.03987,0.661976,1,2.86022,-1.86,0.393355,3.8478,-2.01156,0.247408,1,3.1213,-1.86,0.791275,4.12716,-1.97262,0.690967,1,3.26464,-1.86,0.156518,4.2795,-1.98241,-0.00741848,1,2.61404,-1.86,0.378181,3.58705,-2.0083,0.229205,1,3.50956,-1.86,0.373899,4.5493,-1.96516,0.236063,1,2.93097,-1.86,0.865048,3.92801,-1.99793,0.749206,1,2.83252,-1.86,0.583953,3.81486,-2.00172,0.443154,1,2.83338,-1.86,0.231094,3.82148,-2.04271,0.0749396,1,3.59096,-1.86,0.788458,4.6358,-1.9646,0.672007,1,2.16693,-1.86,0.486175,3.09574,-1.95637,0.354411,1,3.21964,-1.86,0.701564,4.2383,-1.92872,0.58801,1,2.56358,-1.86,0.864335,3.53857,-2.03901,0.730846,1,2.96358,-1.86,0.552539,3.96392,-1.99731,0.419904,1,2.97747,-1.86,0.160515,3.96946,-2.00203,0.00175934,1,2.44315,-1.86,0.623764,3.42718,-2.06466,0.479154,1,3.57852,-1.86,0.606245,4.61906,-1.96879,0.473606,1,2.4129,-1.86,0.235205,3.36803,-2.00983,0.0752056,1,2.13525,-1.86,0.87316,3.08892,-2.00334,0.757873,1,3.47408,-1.86,0.719398,4.50919,-1.96263,0.599747,1,2.409,-1.86,0.472793,3.37086,-2.01867,0.333046,1,2.31211,-1.86,0.876582,3.26625,-1.98634,0.765202,1,2.60201,-1.86,0.528433,3.577,-2.02414,0.38886,1,2.73156,-1.86,0.466152,3.71399,-1.98243,0.319973,1,3.40505,-1.86,0.458475,4.44763,-1.94659,0.321968,1,2.98688,-1.86,0.683479,3.98721,-1.95976,0.562432,1,3.3458,-1.86,0.265764,4.37249,-1.95995,0.108866,1,3.11528,-1.86,0.429402,4.11804,-1.96715,0.287984,1,3.49654,-1.86,0.229636,4.52471,-1.99251,0.0754168,1,3.46176,-1.86,0.850824,4.49625,-1.96138,0.745817,1,2.23342,-1.86,0.261529,3.17095,-1.95815,0.107488,1,3.09771,-1.86,0.241443,4.10784,-1.95199,0.0875499,1,2.69197,-1.86,0.828131,3.67167,-2.03571,0.703457,1,3.34448,-1.86,0.694461,4.35482,-1.99365,0.573792,1,2.70396,-1.86,0.265741,3.68688,-2.02589,0.106169,1,2.8404,-1.86,0.10536,3.82672,-1.99934,-0.0558825,1,2.11007,-1.86,0.684703,3.05372,-1.99798,0.552837,1,3.41674,-1.86,0.588869,4.44909,-1.97896,0.453074,1,2.25643,-1.86,0.729773,3.213,-2.02074,0.600407,1,3.12645,-1.86,0.554272,4.13234,-1.88647,0.429729,1,3.57138,-1.86,0.108755,4.61003,-1.97058,-0.059585,1,2.95131,-1.86,0.295933,3.9512,-2.00767,0.149871,1,2.14264,-1.86,0.178683,3.09391,-2.00502,0.0249245,1,2.50027,-1.86,0.139005,3.47943,-2.04872,-0.0189965,1,3.40749,-1.86,0.092095,4.43405,-1.97208,-0.0784549,1,2.49517,-1.86,0.357401,3.46712,-2.04101,0.203661,1,3.22253,-1.86,0.302939,4.2348,-1.98031,0.149656,1,2.06978,-1.86,0.395393,2.98092,-1.93976,0.272032,1,2.30653,-1.86,0.60004,3.24466,-1.94404,0.481648,1,2.68187,-1.86,0.135505,3.64129,-1.94017,-0.0372637,1,2.32969,-1.86,0.111661,3.26987,-1.94867,-0.045368,1,3.14456,-1.86,0.128855,4.13719,-2.02694,-0.0309533,1,2.28163,-1.86,0.391421,3.25945,-2.04341,0.246587,1,3.29298,-1.86,0.576045,4.31715,-1.96241,0.446841,1,2.98528,-1.86,0.419927,3.98857,-1.97478,0.283236,1,3.59139,-1.86,0.474859,4.61704,-2.01595,0.338609,1,2.57065,-1.86,0.24937,3.52981,-2.02542,0.0837207,1,
1.16669,3.31274,-3.63075,0.237499,4.34673,-3.85929,0.0848026,2.61553,-1.86,0.685979,3.59074,-2.00236,0.557028,1,3.26103,-1.86,0.841441,4.27986,-1.95837,0.735462,1,3.2649,-1.86,0.45152,4.2885,-1.96931,0.309059,1,2.81288,-1.86,0.724197,3.79911,-1.95959,0.603242,1,2.43416,-1.86,0.793416,3.4136,-2.03992,0.662262,1,2.86022,-1.86,0.393355,3.85555,-2.00885,0.246319,1,3.1213,-1.86,0.791275,4.13161,-1.97017,0.691644,1,3.26464,-1.86,0.156518,4.2876,-1.97862,-0.00545522,1,2.61404,-1.86,0.378181,3.59177,-2.00949,0.229618,1,3.50956,-1.86,0.373899,4.55586,-1.96054,0.236235,1,2.93097,-1.86,0.865048,3.93351,-1.99553,0.748647,1,2.83252,-1.86,0.583953,3.81889,-1.99962,0.44217,1,2.83338,-1.86,0.231094,3.82948,-2.04034,0.0739391,1,3.59096,-1.86,0.788458,4.64104,-1.96071,0.674198,1,2.16693,-1.86,0.486175,3.09998,-1.9572,0.353444,1,3.21964,-1.86,0.701564,4.24346,-1.92566,0.589329,1,2.56358,-1.86,0.864335,3.54184,-2.03841,0.729539,1,2.96358,-1.86,0.552539,3.9689,-1.99513,0.419519,1,2.97747,-1.86,0.160515,3.97535,-1.99981,0.000595525,1,2.44315,-1.86,0.623764,3.43097,-2.06649,0.476,1,3.57852,-1.86,0.606245,4.62743,-1.96603,0.478339,1,2.4129,-1.86,0.235205,3.3735,-2.00987,0.0771079,1,2.13525,-1.86,0.87316,3.09219,-2.00544,0.756355,1,3.47408,-1.86,0.719398,4.51316,-1.95848,0.601525,1,2.409,-1.86,0.472793,3.37624,-2.01735,0.331154,1,2.31211,-1.86,0.876582,3.26774,-1.98651,0.7653,1,2.60201,-1.86,0.528433,3.58156,-2.02292,0.387032,1,2.73156,-1.86,0.466152,3.71929,-1.98091,0.319609,1,3.40505,-1.86,0.458475,4.45258,-1.9417,0.322397,1,2.98688,-1.86,0.683479,3.99146,-1.95774,0.562887,1,3.3458,-1.86,0.265764,4.37799,-1.95611,0.108104,1,3.11528,-1.86,0.429402,4.12102,-1.96434,0.287159,1,3.49654,-1.86,0.229636,4.53064,-1.98826,0.0759578,1,3.46176,-1.86,0.850824,4.50191,-1.95725,0.74618,1,2.23342,-1.86,0.261529,3.17734,-1.95832,0.105853,1,3.09771,-1.86,0.241443,4.11417,-1.94922,0.0878965,1,2.69197,-1.86,0.828131,3.67443,-2.03276,0.702608,1,3.34448,-1.86,0.694461,4.36102,-1.98995,0.574493,1,2.70396,-1.86,0.265741,3.69195,-2.02535,0.104006,1,2.8404,-1.86,0.10536,3.83362,-1.99745,-0.0562764,1,2.11007,-1.86,0.684703,3.05749,-1.99782,0.549727,1,3.41674,-1.86,0.588869,4.45545,-1.97468,0.453641,1,2.25643,-1.86,0.729773,3.21905,-2.01989,0.601207,1,3.12645,-1.86,0.554272,4.13649,-1.8836,0.430118,1,3.57138,-1.86,0.108755,4.61948,-1.96666,-0.0609227,1,2.95131,-1.86,0.295933,3.96119,-2.00462,0.14748,1,2.14264,-1.86,0.178683,3.0983,-2.00706,0.0234063,1,2.50027,-1.86,0.139005,3.48514,-2.04872,-0.0205965,1,3.40749,-1.86,0.092095,4.44243,-1.96827,-0.0802854,1,2.49517,-1.86,0.357401,3.47369,-2.04293,0.202079,1,3.22253,-1.86,0.302939,4.24108,-1.97688,0.150124,1,2.06978,-1.86,0.395393,2.98092,-1.93976,0.272032,1,2.30653,-1.86,0.60004,3.24704,-1.94438,0.480404,1,2.68187,-1.86,0.135505,3.6466,-1.93914,-0.0389704,1,2.32969,-1.86,0.111661,3.27147,-1.95015,-0.0454556,1,3.14456,-1.86,0.128855,4.14797,-2.0235,-0.031773,1,2.28163,-1.86,0.391421,3.26622,-2.04634,0.246976,1,3.29298,-1.86,0.576045,4.32098,-1.95871,0.446429,1,2.98528,-1.86,0.419927,3.99309,-1.97266,0.284004,1,3.59139,-1.86,0.474859,4.62164,-2.01165,0.339669,1,2.57065,-1.86,0.24937,3.53587,-2.02464,0.0828307,1,
1.20003,3.33933,-3.6302,0.237118,4.36176,-3.85851,0.0844468,2.61553,-1.86,0.685979,3.58675,-2.00374,0.55842,1,3.26103,-1.86,0.841441,4.278,-1.96338,0.732256,1,3.2649,-1.86,0.45152,4.28568,-1.96689,0.310792,1,2.81288,-1.86,0.724197,3.79503,-1.96002,0.604683,1,2.43416,-1.86,0.793416,3.40941,-2.04282,0.65964,1,2.86022,-1.86,0.393355,3.85187,-2.00863,0.248015,1,3.1213,-1.86,0.791275,4.12734,-1.96889,0.693609,1,3.26464,-1.86,0.156518,4.28843,-1.97593,-0.00578403,1,2.61404,-1.86,0.378181,3.58911,-2.01092,0.232172,1,3.50956,-1.86,0.373899,4.55484,-1.95793,0.237849,1,2.93097,-1.86,0.865048,3.93078,-1.99544,0.751567,1,2.83252,-1.86,0.583953,3.81611,-1.99949,0.443657,1,2.83338,-1.86,0.231094,3.82732,-2.03918,0.0748359,1,3.59096,-1.86,0.788458,4.63869,-1.95836,0.675033,1,2.16693,-1.86,0.486175,3.09988,-1.96021,0.353753,1,3.21964,-1.86,0.701564,4.23917,-1.92376,0.591396,1,2.56358,-1.86,0.864335,3.54148,-2.0406,0.730758,1,2.96358,-1.86,0.552539,3.9647,-1.99453,0.421126,1,2.97747,-1.86,0.160515,3.97364,-1.99806,0.00188785,1,2.44315,-1.86,0.623764,3.43143,-2.0708,0.475704,1,3.57852,-1.86,0.606245,4.62337,-1.96231,0.479152,1,2.4129,-1.86,0.235205,3.3724,-2.01123,0.0756672,1,2.13525,-1.86,0.87316,3.09378,-2.00898,0.7562,1,3.47408,-1.86,0.719398,4.51175,-1.96378,0.600899,1,2.409,-1.86,0.472793,3.37486,-2.01871,0.331716,1,2.31211,-1.86,0.876582,3.26711,-1.99188,0.764742,1,2.60201,-1.86,0.528433,3.58048,-2.025,0.387663,1,2.73156,-1.86,0.466152,3.71378,-1.98196,0.320922,1,3.40505,-1.86,0.458475,4.44738,-1.94255,0.323303,1,2.98688,-1.86,0.683479,3.98845,-1.96359,0.562959,1,3.3458,-1.86,0.265764,4.37613,-1.95981,0.111235,1,3.11528,-1.86,0.429402,4.12038,-1.96207,0.288337,1,3.49654,-1.86,0.229636,4.52894,-1.98552,0.0766622,1,3.46176,-1.86,0.850824,4.49974,-1.95467,0.747097,1,2.23342,-1.86,0.261529,3.17641,-1.95919,0.105878,1,3.09771,-1.86,0.241443,4.11166,-1.95095,0.089082,1,2.69197,-1.86,0.828131,3.67241,-2.03469,0.702062,1,3.34448,-1.86,0.694461,4.35771,-1.98787,0.577216,1,2.70396,-1.86,0.265741,3.68757,-2.02689,0.108728,1,2.8404,-1.86,0.10536,3.83203,-1.99663,-0.054967,1,2.11007,-1.86,0.684703,3.0569,-2.00309,0.547161,1,3.41674,-1.86,0.588869,4.45164,-1.97154,0.452383,1,2.25643,-1.86,0.729773,3.21647,-2.02141,0.600215,1,3.12645,-1.86,0.554272,4.13201,-1.88127,0.428527,1,3.57138,-1.86,0.108755,4.6159,-1.96232,-0.0579949,1,2.95131,-1.86,0.295933,3.95862,-2.00047,0.147786,1,2.14264,-1.86,0.178683,3.09881,-2.01241,0.0207084,1,2.50027,-1.86,0.139005,3.48146,-2.05112,-0.0222277,1,3.40749,-1.86,0.092095,4.43717,-1.96476,-0.0771867,1,2.49517,-1.86,0.357401,3.47093,-2.04289,0.202154,1,3.22253,-1.86,0.302939,4.23894,-1.97446,0.152302,1,2.06978,-1.86,0.395393,2.98092,-1.93976,0.272032,1,2.30653,-1.86,0.60004,3.24629,-1.94933,0.480209,1,2.68187,-1.86,0.135505,3.64448,-1.93919,-0.0382278,1,2.32969,-1.86,0.111661,3.27163,-1.95546,-0.045036,1,3.14456,-1.86,0.128855,4.14674,-2.02412,-0.0303896,1,2.28163,-1.86,0.391421,3.26452,-2.04811,0.246893,1,3.29298,-1.86,0.576045,4.31893,-1.95651,0.448998,1,2.98528,-1.86,0.419927,3.98934,-1.97151,0.284601,1,3.59139,-1.86,0.474859,4.62115,-2.00978,0.340398,1,2.57065,-1.86,0.24937,3.5336,-2.02422,0.0822079,1,
1.23336,3.33933,-3.6302,0.237118,4.3735,-3.85803,0.0841637,2.61553,-1.86,0.685979,3.58405,-2.00902,0.554756,1,3.26103,-1.86,0.841441,4.27089,-1.96796,0.732655,1,3.2649,-1.86,0.45152,4.27852,-1.97101,0.309355,1,2.81288,-1.86,0.724197,3.79176,-1.96475,0.604229,1,2.43416,-1.86,0.793416,3.40697,-2.04946,0.656987,1,2.86022,-1.86,0.393355,3.84719,-2.01419,0.245281,1,3.1213,-1.86,0.791275,4.12113,-1.97314,0.692513,1,3.26464,-1.86,0.156518,4.28426,-1.97997,-0.00378704,1,2.61404,-1.86,0.378181,3.58657,-2.01589,0.232568,1,3.50956,-1.86,0.373899,4.54993,-1.96169,0.238369,1,2.93097,-1.86,0.865048,3.92579,-1.99997,0.750857,1,2.83252,-1.86,0.583953,3.81447,-2.00304,0.443013,1,2.83338,-1.86,0.231094,3.82186,-2.04479,0.074902,1,3.59096,-1.86,0.788458,4.63166,-1.96165,0.674355,1,2.16693,-1.86,0.486175,3.09654,-1.96415,0.351209,1,3.21964,-1.86,0.701564,4.23339,-1.92803,0.591228,1,2.56358,-1.86,0.864335,3.5375,-2.0436,0.729703,1,2.96358,-1.86,0.552539,3.96367,-1.99844,0.42056,1,2.97747,-1.86,0.160515,3.97027,-2.00226,0.00499693,1,2.44315,-1.86,0.623764,3.42887,-2.07341,0.475209,1,3.57852,-1.86,0.606245,4.61562,-1.96643,0.478527,1,2.4129,-1.86,0.235205,3.37015,-2.0156,0.0751366,1,2.13525,-1.86,0.87316,3.08652,-2.01181,0.752218,1,3.47408,-1.86,0.719398,4.50558,-1.96711,0.60096,1,2.409,-1.86,0.472793,3.37412,-2.02228,0.330703,1,2.31211,-1.86,0.876582,3.26356,-1.99485,0.762334,1,2.60201,-1.86,0.528433,3.57824,-2.02876,0.38717,1,2.73156,-1.86,0.466152,3.70935,-1.98859,0.320269,1,3.40505,-1.86,0.458475,4.44505,-1.94698,0.324601,1,2.98688,-1.86,0.683479,3.98406,-1.96845,0.56331,1,3.3458,-1.86,0.265764,4.37148,-1.9638,0.110606,1,3.11528,-1.86,0.429402,4.1124,-1.96691,0.288766,1,3.49654,-1.86,0.229636,4.52759,-1.98965,0.0794092,1,3.46176,-1.86,0.850824,4.49162,-1.95894,0.748587,1,2.23342,-1.86,0.261529,3.17636,-1.96261,0.104001,1,3.09771,-1.86,0.241443,4.10452,-1.95583,0.0890717,1,2.69197,-1.86,0.828131,3.6673,-2.03884,0.700857,1,3.34448,-1.86,0.694461,4.35523,-1.99206,0.577447,1,2.70396,-1.86,0.265741,3.68448,-2.03305,0.108627,1,2.8404,-1.86,0.10536,3.82869,-2.00125,-0.0538446,1,2.11007,-1.86,0.684703,3.0569,-2.00309,0.547161,1,3.41674,-1.86,0.588869,4.4469,-1.97594,0.453767,1,2.25643,-1.86,0.729773,3.2146,-2.02787,0.597824,1,3.12645,-1.86,0.554272,4.12569,-1.88585,0.427954,1,3.57138,-1.86,0.108755,4.60949,-1.96676,-0.0564877,1,2.95131,-1.86,0.295933,3.95531,-2.00512,0.14754,1,2.14264,-1.86,0.178683,3.09757,-2.01763,0.0183785,1,2.50027,-1.86,0.139005,3.48048,-2.05739,-0.0222492,1,3.40749,-1.86,0.092095,4.43507,-1.96926,-0.0779415,1,2.49517,-1.86,0.357401,3.47002,-2.0468,0.202964,1,3.22253,-1.86,0.302939,4.23391,-1.9787,0.152283,1,2.06978,-1.86,0.395393,2.98092,-1.93976,0.272032,1,2.30653,-1.86,0.60004,3.2432,-1.95313,0.478106,1,2.68187,-1.86,0.135505,3.64155,-1.94388,-0.038505,1,2.32969,-1.86,0.111661,3.26933,-1.95824,-0.0447217,1,3.14456,-1.86,0.128855,4.1433,-2.03367,-0.0290478,1,2.28163,-1.86,0.391421,3.2628,-2.0535,0.244037,1,3.29298,-1.86,0.576045,4.31371,-1.96055,0.448422,1,2.98528,-1.86,0.419927,3.98525,-1.97607,0.285562,1,3.59139,-1.86,0.474859,4.6156,-2.01289,0.341492,1,2.57065,-1.86,0.24937,3.53124,-2.02874,0.0827558,1,
1.26669,3.36638,-3.62972,0.236686,4.3889,-3.85724,0.083799,2.61553,-1.86,0.685979,3.58151,-2.01185,0.552182,1,3.26103,-1.86,0.841441,4.26666,-1.97355,0.73032,1,3.2649,-1.86,0.45152,4.27754,-1.97717,0.309819,1,2.81288,-1.86,0.724197,3.78871,-1.96851,0.601947,1,2.43416,-1.86,0.793416,3.40135,-2.05273,0.656213,1,2.86022,-1.86,0.393355,3.8454,-2.01937,0.245125,1,3.1213,-1.86,0.791275,4.11777,-1.97851,0.690937,1,3.26464,-1.86,0.156518,4.28178,-1.98611,-0.00251598,1,2.61404,-1.86,0.378181,3.58407,-2.01903,0.229243,1,3.50956,-1.86,0.373899,4.54536,-1.96825,0.237945,1,2.93097,-1.86,0.865048,3.92145,-2.00467,0.74801,1,2.83252,-1.86,0.583953,3.81367,-2.00585,0.438626,1,2.83338,-1.86,0.231094,3.8207,-2.05029,0.0738015,1,3.59096,-1.86,0.788458,4.62679,-1.96818,0.672475,1,2.16693,-1.86,0.486175,3.09577,-1.96836,0.348607,1,3.21964,-1.86,0.701564,4.22968,-1.93392,0.58983,1,2.56358,-1.86,0.864335,3.53729,-2.04641,0.726537,1,2.96358,-1.86,0.552539,3.96133,-2.00311,0.420505,1,2.97747,-1.86,0.160515,3.96848,-2.00771,0.00431742,1,2.44315,-1.86,0.623764,3.42532,-2.07752,0.473034,1,3.57852,-1.86,0.606245,4.60998,-1.97305,0.476318,1,2.4129,-1.86,0.235205,3.36924,-2.01903,0.0738663,1,2.13525,-1.86,0.87316,3.08582,-2.02037,0.744716,1,3.47408,-1.86,0.719398,4.50017,-1.97383,0.600591,1,2.409,-1.86,0.472793,3.37304,-2.02415,0.329835,1,2.31211,-1.86,0.876582,3.26023,-1.99762,0.759415,1,2.60201,-1.86,0.528433,3.57554,-2.03276,0.385473,1,2.73156,-1.86,0.466152,3.70655,-1.99241,0.318535,1,3.40505,-1.86,0.458475,4.4423,-1.95328,0.32449,1,2.98688,-1.86,0.683479,3.98093,-1.97335,0.560823,1,3.3458,-1.86,0.265764,4.36819,-1.97029,0.111276,1,3.11528,-1.86,0.429402,4.10955,-1.97276,0.287835,1,3.49654,-1.86,0.229636,4.52476,-1.99566,0.0796356,1,3.46176,-1.86,0.850824,4.48486,-1.96525,0.74671,1,2.23342,-1.86,0.261529,3.17431,-1.96505,0.100569,1,3.09771,-1.86,0.241443,4.10195,-1.96168,0.0893277,1,2.69197,-1.86,0.828131,3.66486,-2.04307,0.698225,1,3.34448,-1.86,0.694461,4.35197,-1.99799,0.575322,1,2.70396,-1.86,0.265741,3.68222,-2.03612,0.10756,1,2.8404,-1.86,0.10536,3.82744,-2.00623,-0.0547606,1,2.11007,-1.86,0.684703,3.0569,-2.00309,0.547161,1,3.41674,-1.86,0.588869,4.44269,-1.98222,0.452666,1,2.25643,-1.86,0.729773,3.21206,-2.03157,0.5949,1,3.12645,-1.86,0.554272,4.11943,-1.89251,0.429162,1,3.57138,-1.86,0.108755,4.60472,-1.97364,-0.0575186,1,2.95131,-1.86,0.295933,3.95264,-2.01059,0.146757,1,2.14264,-1.86,0.178683,3.0972,-2.02015,0.015127,1,2.50027,-1.86,0.139005,3.47733,-2.05936,-0.0246655,1,3.40749,-1.86,0.092095,4.43295,-1.97545,-0.0767026,1,2.49517,-1.86,0.357401,3.46913,-2.04764,0.201386,1,3.22253,-1.86,0.302939,4.23305,-1.98466,0.152101,1,2.06978,-1.86,0.395393,2.98092,-1.93976,0.272032,1,2.30653,-1.86,0.60004,3.24012,-1.95646,0.475451,1,2.68187,-1.86,0.135505,3.63763,-1.94897,-0.0363932,1,2.32969,-1.86,0.111661,3.26982,-1.95908,-0.0455526,1,3.14456,-1.86,0.128855,4.14212,-2.03962,-0.0292935,1,2.28163,-1.86,0.391421,3.26054,-2.05713,0.24152,1,3.29298,-1.86,0.576045,4.31086,-1.96674,0.447731,1,2.98528,-1.86,0.419927,3.98424,-1.98095,0.285785,1,3.59139,-1.86,0.474859,4.61156,-2.0199,0.342602,1,2.57065,-1.86,0.24937,3.53032,-2.03199,0.0823292,1,
1.30003,3.36638,-3.62972,0.236686,4.40021,-3.85688,0.0835226,2.61553,-1.86,0.685979,3.57493,-2.00751,0.554709,1,3.26103,-1.86,0.841441,4.26726,-1.98169,0.72954,1,3.2649,-1.86,0.45152,4.27503,-1.97192,0.311074,1,2.81288,-1.86,0.724197,3.78037,-1.96381,0.602655,1,2.43416,-1.86,0.793416,3.39909,-2.04809,0.655161,1,2.86022,-1.86,0.393355,3.83993,-2.01324,0.245036,1,3.1213,-1.86,0.791275,4.11458,-1.97222,0.690978,1,3.26464,-1.86,0.156518,4.27907,-1.9809,-0.00363863,1,2.61404,-1.86,0.378181,3.57833,-2.01395,0.227827,1,3.50956,-1.86,0.373899,4.54349,-1.96474,0.237627,1,2.93097,-1.86,0.865048,3.91762,-1.99854,0.74819,1,2.83252,-1.86,0.583953,3.81142,-1.99904,0.437046,1,2.83338,-1.86,0.231094,3.81592,-2.04384,0.0730263,1,3.59096,-1.86,0.788458,4.62335,-1.96566,0.675196,1,2.16693,-1.86,0.486175,3.08945,-1.96285,0.347982,1,3.21964,-1.86,0.701564,4.22629,-1.92823,0.590042,1,2.56358,-1.86,0.864335,3.53281,-2.0391,0.727083,1,2.96358,-1.86,0.552539,3.95584,-1.99701,0.416942,1,2.97747,-1.86,0.160515,3.96415,-2.0018,0.00279053,1,2.44315,-1.86,0.623764,3.42041,-2.07474,0.471551,1,3.57852,-1.86,0.606245,4.60733,-1.96965,0.475101,1,2.4129,-1.86,0.235205,3.36353,-2.01375,0.0725736,1,2.13525,-1.86,0.87316,3.08582,-2.02037,0.744716,1,3.47408,-1.86,0.719398,4.49774,-1.96968,0.60003,1,2.409,-1.86,0.472793,3.36813,-2.01905,0.329858,1,2.31211,-1.86,0.876582,3.25514,-1.99248,0.759071,1,2.60201,-1.86,0.528433,3.56988,-2.0286,0.384781,1,2.73156,-1.86,0.466152,3.70178,-1.9855,0.317384,1,3.40505,-1.86,0.458475,4.43772,-1.95726,0.321772,1,2.98688,-1.86,0.683479,3.97593,-1.96713,0.560419,1,3.3458,-1.86,0.265764,4.36238,-1.96542,0.109518,1,3.11528,-1.86,0.429402,4.10512,-1.96658,0.286683,1,3.49654,-1.86,0.229636,4.52521,-1.99208,0.0792233,1,3.46176,-1.86,0.850824,4.48343,-1.96114,0.746692,1,2.23342,-1.86,0.261529,3.16955,-1.96281,0.0985958,1,3.09771,-1.86,0.241443,4.10028,-1.96562,0.0890499,1,2.69197,-1.86,0.828131,3.66116,-2.03605,0.698513,1,3.34448,-1.86,0.694461,4.34963,-1.99303,0.576078,1,2.70396,-1.86,0.265741,3.67749,-2.02974,0.10653,1,2.8404,-1.86,0.10536,3.82211,-2.0007,-0.0570986,1,2.11007,-1.86,0.684703,3.0569,-2.00309,0.547161,1,3.41674,-1.86,0.588869,4.44057,-1.97758,0.451644,1,2.25643,-1.86,0.729773,3.20721,-2.02815,0.595817,1,3.12645,-1.86,0.554272,4.11422,-1.88638,0.428425,1,3.57138,-1.86,0.108755,4.60221,-1.97068,-0.0590693,1,2.95131,-1.86,0.295933,3.94818,-2.00982,0.145313,1,2.14264,-1.86,0.178683,3.0972,-2.02015,0.015127,1,2.50027,-1.86,0.139005,3.47295,-2.05507,-0.0268102,1,3.40749,-1.86,0.092095,4.42945,-1.97114,-0.0790515,1,2.49517,-1.86,0.357401,3.46394,-2.04173,0.199813,1,3.22253,-1.86,0.302939,4.22638,-1.97946,0.150951,1,2.06978,-1.86,0.395393,2.98092,-1.93976,0.272032,1,2.30653,-1.86,0.60004,3.23373,-1.9527,0.475694,1,2.68187,-1.86,0.135505,3.63185,-1.94516,-0.039294,1,2.32969,-1.86,0.111661,3.26151,-1.95272,-0.0495048,1,3.14456,-1.86,0.128855,4.13912,-2.0394,-0.0305608,1,2.28163,-1.86,0.391421,3.2541,-2.05456,0.238672,1,3.29298,-1.86,0.576045,4.31238,-1.96084,0.44535,1,2.98528,-1.86,0.419927,3.98055,-1.97445,0.284483,1,3.59139,-1.86,0.474859,4.60544,-2.01614,0.341817,1,2.57065,-1.86,0.24937,3.52597,-2.02562,0.0820338,1,
1.33336,3.39285,-3.62917,0.236268,4.42698,-3.85546,0.0828899,2.61553,-1.86,0.685979,3.58282,-2.00928,0.552737,1,3.26103,-1.86,0.841441,4.27425,-1.98379,0.727326,1,3.2649,-1.86,0.45152,4.28274,-1.97403,0.308547,1,2.81288,-1.86,0.724197,3.78678,-1.96725,0.600575,1,2.43416,-1.86,0.793416,3.404,-2.04395,0.655122,1,2.86022,-1.86,0.393355,3.84947,-2.01527,0.243325,1,3.1213,-1.86,0.791275,4.1232,-1.97431,0.689332,1,3.26464,-1.86,0.156518,4.28623,-1.98332,-0.00549287,1,2.61404,-1.86,0.378181,3.58645,-2.01579,0.22699,1,3.50956,-1.86,0.373899,4.54964,-1.96545,0.236014,1,2.93097,-1.86,0.865048,3.92628,-2,0.746775,1,2.83252,-1.86,0.583953,3.81868,-2.00224,0.436171,1,2.83338,-1.86,0.231094,3.82376,-2.04634,0.0721911,1,3.59096,-1.86,0.788458,4.63113,-1.96696,0.676554,1,2.16693,-1.86,0.486175,3.09654,-1.96442,0.347003,1,3.21964,-1.86,0.701564,4.234,-1.93025,0.587827,1,2.56358,-1.86,0.864335,3.53959,-2.04199,0.725358,1,2.96358,-1.86,0.552539,3.9638,-1.99989,0.414961,1,2.97747,-1.86,0.160515,3.97123,-2.00496,0.00142173,1,2.44315,-1.86,0.623764,3.4275,-2.07537,0.470858,1,3.57852,-1.86,0.606245,4.61348,-1.96996,0.47476,1,2.4129,-1.86,0.235205,3.36992,-2.01733,0.0732065,1,2.13525,-1.86,0.87316,3.08582,-2.02037,0.744716,1,3.47408,-1.86,0.719398,4.50322,-1.97056,0.5985,1,2.409,-1.86,0.472793,3.3772,-2.02113,0.327393,1,2.31211,-1.86,0.876582,3.26087,-1.99325,0.760294,1,2.60201,-1.86,0.528433,3.57678,-2.03117,0.383768,1,2.73156,-1.86,0.466152,3.70963,-1.98654,0.315712,1,3.40505,-1.86,0.458475,4.44323,-1.95872,0.320302,1,2.98688,-1.86,0.683479,3.98469,-1.96931,0.558953,1,3.3458,-1.86,0.265764,4.36691,-1.96757,0.109593,1,3.11528,-1.86,0.429402,4.11289,-1.96918,0.286084,1,3.49654,-1.86,0.229636,4.53009,-1.99273,0.0779924,1,3.46176,-1.86,0.850824,4.4901,-1.96114,0.74271,1,2.23342,-1.86,0.261529,3.17791,-1.96522,0.0975224,1,3.09771,-1.86,0.241443,4.10428,-1.96915,0.0859417,1,2.69197,-1.86,0.828131,3.66888,-2.03659,0.696892,1,3.34448,-1.86,0.694461,4.35732,-1.99468,0.573968,1,2.70396,-1.86,0.265741,3.686,-2.03103,0.106364,1,2.8404,-1.86,0.10536,3.83192,-2.00337,-0.0584812,1,2.11007,-1.86,0.684703,3.0569,-2.00309,0.547161,1,3.41674,-1.86,0.588869,4.4468,-1.97888,0.449772,1,2.25643,-1.86,0.729773,3.21443,-2.02748,0.596719,1,3.12645,-1.86,0.554272,4.12058,-1.88878,0.426393,1,3.57138,-1.86,0.108755,4.6064,-1.97075,-0.0582065,1,2.95131,-1.86,0.295933,3.95836,-2.01224,0.144437,1,2.14264,-1.86,0.178683,3.0972,-2.02015,0.015127,1,2.50027,-1.86,0.139005,3.48164,-2.05496,-0.0284212,1,3.40749,-1.86,0.092095,4.43572,-1.97296,-0.080331,1,2.49517,-1.86,0.357401,3.47279,-2.04458,0.198114,1,3.22253,-1.86,0.302939,4.23423,-1.98177,0.14796,1,2.06978,-1.86,0.395393,2.98092,-1.93976,0.272032,1,2.30653,-1.86,0.60004,3.24095,-1.95299,0.474119,1,2.68187,-1.86,0.135505,3.6393,-1.94712,-0.0414727,1,2.32969,-1.86,0.111661,3.27172,-1.95804,-0.050815,1,3.14456,-1.86,0.128855,4.14734,-2.0423,-0.0318594,1,2.28163,-1.86,0.391421,3.26376,-2.05582,0.238778,1,3.29298,-1.86,0.576045,4.32222,-1.9624,0.441691,1,2.98528,-1.86,0.419927,3.98875,-1.97711,0.282629,1,3.59139,-1.86,0.474859,4.61183,-2.01722,0.339122,1,2.57065,-1.86,0.24937,3.53226,-2.02864,0.0799568,1,
1.3667,3.39285,-3.62917,0.236268,4.4423,-3.85467,0.0825267,2.61553,-1.86,0.685979,3.57731,-2.00145,0.552625,1,3.26103,-1.86,0.841441,4.27028,-1.98204,0.724395,1,3.2649,-1.86,0.45152,4.28005,-1.96543,0.308822,1,2.81288,-1.86,0.724197,3.78283,-1.95813,0.599579,1,2.43416,-1.86,0.793416,3.40077,-2.03714,0.655224,1,2.86022,-1.86,0.393355,3.84504,-2.00677,0.242877,1,3.1213,-1.86,0.791275,4.12112,-1.9785,0.686701,1,3.26464,-1.86,0.156518,4.28448,-1.97483,-0.00747079,1,2.61404,-1.86,0.378181,3.58051,-2.0083,0.223839,1,3.50956,-1.86,0.373899,4.54893,-1.96541,0.233994,1,2.93097,-1.86,0.865048,3.9199,-1.99245,0.747586,1,2.83252,-1.86,0.583953,3.81257,-1.9956,0.435621,1,2.83338,-1.86,0.231094,3.82065,-2.0384,0.0694282,1,3.59096,-1.86,0.788458,4.62976,-1.95806,0.675609,1,2.16693,-1.86,0.486175,3.09066,-1.95868,0.346457,1,3.21964,-1.86,0.701564,4.22958,-1.92201,0.589409,1,2.56358,-1.86,0.864335,3.53484,-2.0364,0.724837,1,2.96358,-1.86,0.552539,3.96293,-1.9909,0.415824,1,2.97747,-1.86,0.160515,3.96906,-1.99662,-0.000290111,1,2.44315,-1.86,0.623764,3.42444,-2.06723,0.470376,1,3.57852,-1.86,0.606245,4.61359,-1.96205,0.475581,1,2.4129,-1.86,0.235205,3.36632,-2.01245,0.0711623,1,2.13525,-1.86,0.87316,3.08582,-2.02037,0.744716,1,3.47408,-1.86,0.719398,4.5007,-1.96203,0.598476,1,2.409,-1.86,0.472793,3.37217,-2.01498,0.32552,1,2.31211,-1.86,0.876582,3.25551,-1.98715,0.759744,1,2.60201,-1.86,0.528433,3.57259,-2.0241,0.382699,1,2.73156,-1.86,0.466152,3.70709,-1.97784,0.315716,1,3.40505,-1.86,0.458475,4.44432,-1.95224,0.320617,1,2.98688,-1.86,0.683479,3.97975,-1.96072,0.558422,1,3.3458,-1.86,0.265764,4.36587,-1.95881,0.109052,1,3.11528,-1.86,0.429402,4.11165,-1.95995,0.284301,1,3.49654,-1.86,0.229636,4.52911,-1.98485,0.0766639,1,3.46176,-1.86,0.850824,4.48832,-1.95311,0.744691,1,2.23342,-1.86,0.261529,3.16943,-1.96202,0.0908306,1,3.09771,-1.86,0.241443,4.10446,-1.96043,0.0850857,1,2.69197,-1.86,0.828131,3.66429,-2.0292,0.69671,1,3.34448,-1.86,0.694461,4.3542,-1.9862,0.574937,1,2.70396,-1.86,0.265741,3.67972,-2.02407,0.102557,1,2.8404,-1.86,0.10536,3.82942,-1.99465,-0.0596264,1,2.11007,-1.86,0.684703,3.0569,-2.00309,0.547161,1,3.41674,-1.86,0.588869,4.44923,-1.97031,0.449447,1,2.25643,-1.86,0.729773,3.20938,-2.01952,0.594955,1,3.12645,-1.86,0.554272,4.1186,-1.87959,0.427183,1,3.57138,-1.86,0.108755,4.60935,-1.96379,-0.0602028,1,2.95131,-1.86,0.295933,3.95249,-2.00509,0.14346,1,2.14264,-1.86,0.178683,3.0972,-2.02015,0.015127,1,2.50027,-1.86,0.139005,3.47699,-2.04764,-0.0321665,1,3.40749,-1.86,0.092095,4.43566,-1.96466,-0.0824006,1,2.49517,-1.86,0.357401,3.46802,-2.03832,0.195866,1,3.22253,-1.86,0.302939,4.23318,-1.97288,0.145547,1,2.06978,-1.86,0.395393,2.98092,-1.93976,0.272032,1,2.30653,-1.86,0.60004,3.23133,-1.94762,0.472504,1,2.68187,-1.86,0.135505,3.63444,-1.93915,-0.041773,1,2.32969,-1.86,0.111661,3.26624,-1.95041,-0.0534345,1,3.14456,-1.86,0.128855,4.14547,-2.03499,-0.0329633,1,2.28163,-1.86,0.391421,3.25753,-2.04535,0.236305,1,3.29298,-1.86,0.576045,4.3192,-1.95406,0.442517,1,2.98528,-1.86,0.419927,3.98533,-1.96885,0.28217,1,3.59139,-1.86,0.474859,4.61279,-2.00933,0.340928,1,2.57065,-1.86,0.24937,3.52614,-2.02504,0.0752144,1,
1.40003,3.41907,-3.62861,0.235787,4.45354,-3.85411,0.0822594,2.61553,-1.86,0.685979,3.57498,-2.00608,0.553722,1,3.26103,-1.86,0.841441,4.26501,-1.98861,0.72262,1,3.2649,-1.86,0.45152,4.27557,-1.97759,0.308899,1,2.81288,-1.86,0.724197,3.77652,-1.96221,0.601708,1,2.43416,-1.86,0.793416,3.39581,-2.0414,0.655499,1,2.86022,-1.86,0.393355,3.84132,-2.0107,0.242917,1,3.1213,-1.86,0.791275,4.11723,-1.98839,0.685131,1,3.26464,-1.86,0.156518,4.28158,-1.97863,-0.00829559,1,2.61404,-1.86,0.378181,3.57807,-2.01404,0.226412,1,3.50956,-1.86,0.373899,4.54388,-1.96923,0.235864,1,2.93097,-1.86,0.865048,3.91793,-2.00543,0.744573,1,2.83252,-1.86,0.583953,3.81166,-1.99932,0.434982,1,2.83338,-1.86,0.231094,3.81718,-2.0416,0.0712336,1,3.59096,-1.86,0.788458,4.62492,-1.9715,0.673638,1,2.16693,-1.86,0.486175,3.09066,-1.95868,0.346457,1,3.21964,-1.86,0.701564,4.22352,-1.94847,0.584501,1,2.56358,-1.86,0.864335,3.53188,-2.04197,0.725843,1,2.96358,-1.86,0.552539,3.95752,-1.99842,0.415902,1,2.97747,-1.86,0.160515,3.96572,-2.01123,0.00202887,1,2.44315,-1.86,0.623764,3.42177,-2.06958,0.471789,1,3.57852,-1.86,0.606245,4.60765,-1.97361,0.473778,1,2.4129,-1.86,0.235205,3.36259,-2.01601,0.0740266,1,2.13525,-1.86,0.87316,3.08582,-2.02037,0.744716,1,3.47408,-1.86,0.719398,4.49769,-1.97205,0.596364,1,2.409,-1.86,0.472793,3.37045,-2.02196,0.3275,1,2.31211,-1.86,0.876582,3.2524,-1.99258,0.760169,1,2.60201,-1.86,0.528433,3.56888,-2.02776,0.382917,1,2.73156,-1.86,0.466152,3.70141,-1.98225,0.318574,1,3.40505,-1.86,0.458475,4.43873,-1.95373,0.321276,1,2.98688,-1.86,0.683479,3.97717,-1.97317,0.556895,1,3.3458,-1.86,0.265764,4.35784,-1.97213,0.108694,1,3.11528,-1.86,0.429402,4.10602,-1.9624,0.286316,1,3.49654,-1.86,0.229636,4.52408,-1.98923,0.0787969,1,3.46176,-1.86,0.850824,4.48274,-1.95292,0.744493,1,2.23342,-1.86,0.261529,3.17187,-1.97483,0.0977951,1,3.09771,-1.86,0.241443,4.09822,-1.96794,0.0861306,1,2.69197,-1.86,0.828131,3.66524,-2.04463,0.69311,1,3.34448,-1.86,0.694461,4.35081,-2.00171,0.572372,1,2.70396,-1.86,0.265741,3.67821,-2.02944,0.105319,1,2.8404,-1.86,0.10536,3.82638,-2.00259,-0.0575682,1,2.11007,-1.86,0.684703,3.0569,-2.00309,0.547161,1,3.41674,-1.86,0.588869,4.4482,-1.97082,0.451903,1,2.25643,-1.86,0.729773,3.20688,-2.02526,0.595023,1,3.12645,-1.86,0.554272,4.11197,-1.8816,0.426091,1,3.57138,-1.86,0.108755,4.60143,-1.977,-0.0596755,1,2.95131,-1.86,0.295933,3.94905,-2.00863,0.144775,1,2.14264,-1.86,0.178683,3.0972,-2.02015,0.015127,1,2.50027,-1.86,0.139005,3.47424,-2.05322,-0.0290607,1,3.40749,-1.86,0.092095,4.43266,-1.97173,-0.0806894,1,2.49517,-1.86,0.357401,3.46559,-2.04451,0.196969,1,3.22253,-1.86,0.302939,4.22837,-1.97427,0.146307,1,2.06978,-1.86,0.395393,2.98092,-1.93976,0.272032,1,2.30653,-1.86,0.60004,3.2312,-1.95772,0.472793,1,2.68187,-1.86,0.135505,3.63113,-1.9427,-0.0415099,1,2.32969,-1.86,0.111661,3.27511,-1.97509,-0.0494778,1,3.14456,-1.86,0.128855,4.1421,-2.03683,-0.0329614,1,2.28163,-1.86,0.391421,3.25444,-2.05167,0.2347,1,3.29298,-1.86,0.576045,4.31575,-1.95496,0.443576,1,2.98528,-1.86,0.419927,3.98152,-1.97641,0.282908,1,3.59139,-1.86,0.474859,4.60727,-2.01716,0.338691,1,2.57065,-1.86,0.24937,3.52393,-2.03206,0.0767118,1,
1.43336,3.42887,-3.62833,0.235225,4.46423,-3.85364,0.0820033,2.61553,-1.86,0.685979,3.57026,-2.00788,0.553165,1,3.26103,-1.86,0.841441,4.26127,-1.99505,0.721029,1,3.2649,-1.86,0.45152,4.27053,-1.9856,0.308108,1,2.81288,-1.86,0.724197,3.76988,-1.96706,0.600946,1,2.43416,-1.86,0.793416,3.39792,-2.04818,0.654857,1,2.86022,-1.86,0.393355,3.83809,-2.01939,0.244087,1,3.1213,-1.86,0.791275,4.11359,-1.99321,0.683766,1,3.26464,-1.86,0.156518,4.27673,-1.98213,-0.00869495,1,2.61404,-1.86,0.378181,3.57206,-2.01653,0.228682,1,3.50956,-1.86,0.373899,4.53851,-1.97493,0.234868,1,2.93097,-1.86,0.865048,3.91359,-2.01083,0.742888,1,2.83252,-1.86,0.583953,3.8072,-2.00162,0.435403,1,2.83338,-1.86,0.231094,3.81343,-2.04433,0.0716283,1,3.59096,-1.86,0.788458,4.62054,-1.97853,0.670915,1,2.16693,-1.86,0.486175,3.09066,-1.95868,0.346457,1,3.21964,-1.86,0.701564,4.2195,-1.96303,0.580889,1,2.56358,-1.86,0.864335,3.52934,-2.05243,0.723032,1,2.96358,-1.86,0.552539,3.95326,-2.00258,0.418337,1,2.97747,-1.86,0.160515,3.96161,-2.01912,0.00327305,1,2.44315,-1.86,0.623764,3.41779,-2.07188,0.470791,1,3.57852,-1.86,0.606245,4.60308,-1.98261,0.474259,1,2.4129,-1.86,0.235205,3.36104,-2.01747,0.0734702,1,2.13525,-1.86,0.87316,3.08582,-2.02037,0.744716,1,3.47408,-1.86,0.719398,4.49008,-1.98213,0.595277,1,2.409,-1.86,0.472793,3.36661,-2.02676,0.327733,1,2.31211,-1.86,0.876582,3.25443,-2.00386,0.756959,1,2.60201,-1.86,0.528433,3.56613,-2.03205,0.384016,1,2.73156,-1.86,0.466152,3.69693,-1.98806,0.319169,1,3.40505,-1.86,0.458475,4.43191,-1.95902,0.322697,1,2.98688,-1.86,0.683479,3.97309,-1.97765,0.556654,1,3.3458,-1.86,0.265764,4.35296,-1.97737,0.108068,1,3.11528,-1.86,0.429402,4.10224,-1.994,0.283042,1,3.49654,-1.86,0.229636,4.5187,-1.99454,0.0777156,1,3.46176,-1.86,0.850824,4.48016,-1.95807,0.744253,1,2.23342,-1.86,0.261529,3.16488,-1.97117,0.0996503,1,3.09771,-1.86,0.241443,4.09402,-1.97461,0.0860856,1,2.69197,-1.86,0.828131,3.66061,-2.04767,0.692318,1,3.34448,-1.86,0.694461,4.34247,-2.01471,0.570413,1,2.70396,-1.86,0.265741,3.67259,-2.03134,0.103763,1,2.8404,-1.86,0.10536,3.82159,-2.00595,-0.0571989,1,2.11007,-1.86,0.684703,3.0569,-2.00309,0.547161,1,3.41674,-1.86,0.588869,4.44242,-1.97567,0.451157,1,2.25643,-1.86,0.729773,3.20766,-2.03213,0.592541,1,3.12645,-1.86,0.554272,4.11037,-1.88616,0.425239,1,3.57138,-1.86,0.108755,4.59785,-1.98458,-0.0591013,1,2.95131,-1.86,0.295933,3.9445,-2.00938,0.144368,1,2.14264,-1.86,0.178683,3.0972,-2.02015,0.015127,1,2.50027,-1.86,0.139005,3.46999,-2.05637,-0.0287426,1,3.40749,-1.86,0.092095,4.42453,-1.97683,-0.0810311,1,2.49517,-1.86,0.357401,3.46113,-2.0473,0.196949,1,3.22253,-1.86,0.302939,4.2205,-1.98777,0.149214,1,2.06978,-1.86,0.395393,2.98092,-1.93976,0.272032,1,2.30653,-1.86,0.60004,3.23576,-1.97401,0.469625,1,2.68187,-1.86,0.135505,3.62587,-1.94605,-0.0404608,1,2.32969,-1.86,0.111661,3.26868,-1.97978,-0.0487561,1,3.14456,-1.86,0.128855,4.13637,-2.04204,-0.032783,1,2.28163,-1.86,0.391421,3.24444,-2.04525,0.237048,1,3.29298,-1.86,0.576045,4.30923,-1.96163,0.442666,1,2.98528,-1.86,0.419927,3.97713,-1.97972,0.283393,1,3.59139,-1.86,0.474859,4.60175,-2.02497,0.339371,1,2.57065,-1.86,0.24937,3.5187,-2.03223,0.0775058,1,
1.4667,3.45567,-3.62787,0.234736,4.47958,-3.85287,0.0816387,2.61553,-1.86,0.685979,3.5789,-2.03402,0.548718,1,3.26103,-1.86,0.841441,4.25884,-2.0048,0.719967,1,3.2649,-1.86,0.45152,4.26685,-1.99794,0.307132,1,2.81288,-1.86,0.724197,3.77818,-1.99563,0.595619,1,2.43416,-1.86,0.793416,3.39986,-2.05608,0.653813,1,2.86022,-1.86,0.393355,3.83914,-2.03188,0.242143,1,3.1213,-1.86,0.791275,4.11278,-1.99949,0.682501,1,3.26464,-1.86,0.156518,4.27555,-1.98943,-0.00670017,1,2.61404,-1.86,0.378181,3.57411,-2.02514,0.227678,1,3.50956,-1.86,0.373899,4.53561,-1.98371,0.235574,1,2.93097,-1.86,0.865048,3.91441,-2.02021,0.740288,1,2.83252,-1.86,0.583953,3.81075,-2.00841,0.435166,1,2.83338,-1.86,0.231094,3.81411,-2.05328,0.0730874,1,3.59096,-1.86,0.788458,4.61429,-1.99081,0.669146,1,2.16693,-1.86,0.486175,3.09066,-1.95868,0.346457,1,3.21964,-1.86,0.701564,4.22009,-1.97714,0.578593,1,2.56358,-1.86,0.864335,3.5342,-2.06337,0.721466,1,2.96358,-1.86,0.552539,3.95278,-2.01047,0.418349,1,2.97747,-1.86,0.160515,3.96302,-2.02887,0.00490785,1,2.44315,-1.86,0.623764,3.41851,-2.0806,0.471614,1,3.57852,-1.86,0.606245,4.59958,-1.99351,0.472155,1,2.4129,-1.86,0.235205,3.36183,-2.0231,0.0772185,1,2.13525,-1.86,0.87316,3.08582,-2.02037,0.744716,1,3.47408,-1.86,0.719398,4.4896,-1.99298,0.593065,1,2.409,-1.86,0.472793,3.37101,-2.03519,0.327297,1,2.31211,-1.86,0.876582,3.25894,-2.01501,0.754402,1,2.60201,-1.86,0.528433,3.56701,-2.0432,0.383018,1,2.73156,-1.86,0.466152,3.69732,-1.99564,0.319659,1,3.40505,-1.86,0.458475,4.42834,-1.96697,0.321567,1,2.98688,-1.86,0.683479,3.97287,-1.98958,0.554445,1,3.3458,-1.86,0.265764,4.35539,-1.98936,0.11044,1,3.11528,-1.86,0.429402,4.10656,-2.01212,0.28234,1,3.49654,-1.86,0.229636,4.51726,-2.0027,0.0790912,1,3.46176,-1.86,0.850824,4.47884,-1.98394,0.736641,1,2.23342,-1.86,0.261529,3.16791,-1.97803,0.100897,1,3.09771,-1.86,0.241443,4.09659,-1.98186,0.0874207,1,2.69197,-1.86,0.828131,3.66447,-2.05773,0.689616,1,3.34448,-1.86,0.694461,4.3398,-2.02891,0.567995,1,2.70396,-1.86,0.265741,3.67741,-2.05063,0.105868,1,2.8404,-1.86,0.10536,3.82226,-2.01357,-0.0545825,1,2.11007,-1.86,0.684703,3.0569,-2.00309,0.547161,1,3.41674,-1.86,0.588869,4.44106,-1.98197,0.451448,1,2.25643,-1.86,0.729773,3.21171,-2.04099,0.592189,1,3.12645,-1.86,0.554272,4.11141,-1.89236,0.424758,1,3.57138,-1.86,0.108755,4.59187,-1.99628,-0.0571216,1,2.95131,-1.86,0.295933,3.94415,-2.01486,0.146345,1,2.14264,-1.86,0.178683,3.0972,-2.02015,0.015127,1,2.50027,-1.86,0.139005,3.47386,-2.06335,-0.0276951,1,3.40749,-1.86,0.092095,4.42228,-1.98945,-0.0785533,1,2.49517,-1.86,0.357401,3.46356,-2.05529,0.19849,1,3.22253,-1.86,0.302939,4.2204,-2.0013,0.150789,1,2.06978,-1.86,0.395393,2.98092,-1.93976,0.272032,1,2.30653,-1.86,0.60004,3.24247,-1.98638,0.468523,1,2.68187,-1.86,0.135505,3.62671,-1.95427,-0.0384911,1,2.32969,-1.86,0.111661,3.27679,-1.99349,-0.0471031,1,3.14456,-1.86,0.128855,4.13739,-2.04739,-0.0311428,1,2.28163,-1.86,0.391421,3.24708,-2.05029,0.239645,1,3.29298,-1.86,0.576045,4.30923,-1.97083,0.441045,1,2.98528,-1.86,0.419927,3.97707,-1.98723,0.283329,1,3.59139,-1.86,0.474859,4.6005,-2.03429,0.337517,1,2.57065,-1.86,0.24937,3.52146,-2.03843,0.0821233,1,
1.50003,3.45567,-3.62787,0.234736,4.49117,-3.85263,0.0813511,2.61553,-1.86,0.685979,3.57564,-2.02938,0.549575,1,3.26103,-1.86,0.841441,4.25498,-1.99995,0.721549,1,3.2649,-1.86,0.45152,4.26324,-1.99574,0.308494,1,2.81288,-1.86,0.724197,3.77349,-1.99028,0.598565,1,2.43416,-1.86,0.793416,3.39792,-2.05534,0.655639,1,2.86022,-1.86,0.393355,3.83684,-2.02875,0.244599,1,3.1213,-1.86,0.791275,4.1099,-1.99497,0.686146,1,3.26464,-1.86,0.156518,4.27271,-1.98347,-0.00635499,1,2.61404,-1.86,0.378181,3.56841,-2.01949,0.229588,1,3.50956,-1.86,0.373899,4.53246,-1.98043,0.236628,1,2.93097,-1.86,0.865048,3.91135,-2.01673,0.743681,1,2.83252,-1.86,0.583953,3.80519,-2.00336,0.436994,1,2.83338,-1.86,0.231094,3.80924,-2.05015,0.0738339,1,3.59096,-1.86,0.788458,4.61172,-1.99108,0.672016,1,2.16693,-1.86,0.486175,3.09066,-1.95868,0.346457,1,3.21964,-1.86,0.701564,4.21795,-1.9758,0.579752,1,2.56358,-1.86,0.864335,3.52976,-2.05806,0.723525,1,2.96358,-1.86,0.552539,3.94843,-2.00525,0.418549,1,2.97747,-1.86,0.160515,3.96048,-2.0236,0.00535483,1,2.44315,-1.86,0.623764,3.41445,-2.08051,0.472778,1,3.57852,-1.86,0.606245,4.59616,-1.99224,0.473022,1,2.4129,-1.86,0.235205,3.35784,-2.02129,0.0803035,1,2.13525,-1.86,0.87316,3.08582,-2.02037,0.744716,1,3.47408,-1.86,0.719398,4.487,-1.98833,0.594522,1,2.409,-1.86,0.472793,3.36476,-2.03033,0.330063,1,2.31211,-1.86,0.876582,3.25772,-2.01499,0.756429,1,2.60201,-1.86,0.528433,3.56328,-2.0407,0.384923,1,2.73156,-1.86,0.466152,3.69087,-1.99156,0.322376,1,3.40505,-1.86,0.458475,4.42462,-1.96212,0.3226,1,2.98688,-1.86,0.683479,3.96837,-1.98539,0.557711,1,3.3458,-1.86,0.265764,4.35104,-1.98436,0.110609,1,3.11528,-1.86,0.429402,4.10693,-2.0085,0.283541,1,3.49654,-1.86,0.229636,4.51212,-1.99928,0.0792505,1,3.46176,-1.86,0.850824,4.47405,-1.9798,0.739805,1,2.23342,-1.86,0.261529,3.16032,-1.97276,0.102456,1,3.09771,-1.86,0.241443,4.08767,-1.97743,0.0881805,1,2.69197,-1.86,0.828131,3.6624,-2.0512,0.691529,1,3.34448,-1.86,0.694461,4.33707,-2.02804,0.568381,1,2.70396,-1.86,0.265741,3.67248,-2.04644,0.10639,1,2.8404,-1.86,0.10536,3.81665,-2.00926,-0.0548143,1,2.11007,-1.86,0.684703,3.0569,-2.00309,0.547161,1,3.41674,-1.86,0.588869,4.43623,-1.97734,0.45293,1,2.25643,-1.86,0.729773,3.20913,-2.03987,0.593165,1,3.12645,-1.86,0.554272,4.11076,-1.8867,0.427675,1,3.57138,-1.86,0.108755,4.58973,-1.99461,-0.0549933,1,2.95131,-1.86,0.295933,3.93871,-2.00994,0.147148,1,2.14264,-1.86,0.178683,3.0972,-2.02015,0.015127,1,2.50027,-1.86,0.139005,3.467,-2.05829,-0.026578,1,3.40749,-1.86,0.092095,4.41636,-1.98438,-0.0763995,1,2.49517,-1.86,0.357401,3.45726,-2.05174,0.202009,1,3.22253,-1.86,0.302939,4.21534,-2.00045,0.152239,1,2.06978,-1.86,0.395393,2.98092,-1.93976,0.272032,1,2.30653,-1.86,0.60004,3.24107,-1.98798,0.469615,1,2.68187,-1.86,0.135505,3.62458,-1.94812,-0.0399486,1,2.32969,-1.86,0.111661,3.2681,-1.98666,-0.042385,1,3.14456,-1.86,0.128855,4.13207,-2.04212,-0.0294013,1,2.28163,-1.86,0.391421,3.23896,-2.04559,0.24066,1,3.29298,-1.86,0.576045,4.30454,-1.96735,0.443304,1,2.98528,-1.86,0.419927,3.9718,-1.98272,0.285306,1,3.59139,-1.86,0.474859,4.59746,-2.0313,0.33874,1,2.57065,-1.86,0.24937,3.51765,-2.03236,0.0869882,1,
1.53337,3.48151,-3.62737,0.234265,4.51715,-3.85146,0.0807293,2.61553,-1.86,0.685979,3.58801,-2.03228,0.547104,1,3.26103,-1.86,0.841441,4.26886,-2.00548,0.720868,1,3.2649,-1.86,0.45152,4.27358,-1.99803,0.304842,1,2.81288,-1.86,0.724197,3.79033,-2.00825,0.593935,1,2.43416,-1.86,0.793416,3.41079,-2.06304,0.652835,1,2.86022,-1.86,0.393355,3.84745,-2.03617,0.242116,1,3.1213,-1.86,0.791275,4.12121,-2.00243,0.682678,1,3.26464,-1.86,0.156518,4.28368,-1.98806,-0.00637052,1,2.61404,-1.86,0.378181,3.58109,-2.0213,0.228151,1,3.50956,-1.86,0.373899,4.54338,-1.98575,0.235209,1,2.93097,-1.86,0.865048,3.92391,-2.02123,0.740959,1,2.83252,-1.86,0.583953,3.81772,-2.00703,0.436629,1,2.83338,-1.86,0.231094,3.82082,-2.053,0.0734831,1,3.59096,-1.86,0.788458,4.623,-1.99222,0.669082,1,2.16693,-1.86,0.486175,3.09066,-1.95868,0.346457,1,3.21964,-1.86,0.701564,4.22805,-1.97844,0.578026,1,2.56358,-1.86,0.864335,3.54489,-2.06367,0.721529,1,2.96358,-1.86,0.552539,3.96124,-2.00857,0.415977,1,2.97747,-1.86,0.160515,3.97014,-2.03062,0.00216213,1,2.44315,-1.86,0.623764,3.42825,-2.08094,0.472779,1,3.57852,-1.86,0.606245,4.60465,-1.99398,0.471144,1,2.4129,-1.86,0.235205,3.38178,-2.04162,0.080712,1,2.13525,-1.86,0.87316,3.08582,-2.02037,0.744716,1,3.47408,-1.86,0.719398,4.49564,-1.99658,0.592329,1,2.409,-1.86,0.472793,3.38117,-2.03647,0.328191,1,2.31211,-1.86,0.876582,3.27274,-2.02062,0.753272,1,2.60201,-1.86,0.528433,3.57777,-2.04506,0.383675,1,2.73156,-1.86,0.466152,3.71099,-2.01361,0.319219,1,3.40505,-1.86,0.458475,4.43522,-1.96771,0.321581,1,2.98688,-1.86,0.683479,3.98107,-1.99328,0.555349,1,3.3458,-1.86,0.265764,4.36281,-1.99287,0.110873,1,3.11528,-1.86,0.429402,4.11721,-2.01187,0.283191,1,3.49654,-1.86,0.229636,4.52309,-2.00503,0.0783288,1,3.46176,-1.86,0.850824,4.48385,-1.9961,0.735578,1,2.23342,-1.86,0.261529,3.1726,-1.97697,0.0988645,1,3.09771,-1.86,0.241443,4.0997,-1.98468,0.0879013,1,2.69197,-1.86,0.828131,3.67643,-2.05188,0.688239,1,3.34448,-1.86,0.694461,4.34837,-2.03062,0.567975,1,2.70396,-1.86,0.265741,3.68638,-2.04853,0.1072,1,2.8404,-1.86,0.10536,3.82948,-2.01383,-0.0553829,1,2.11007,-1.86,0.684703,3.0569,-2.00309,0.547161,1,3.41674,-1.86,0.588869,4.44882,-1.98153,0.452247,1,2.25643,-1.86,0.729773,3.22197,-2.04216,0.591472,1,3.12645,-1.86,0.554272,4.12162,-1.88964,0.425747,1,3.57138,-1.86,0.108755,4.60025,-1.99648,-0.0551663,1,2.95131,-1.86,0.295933,3.94906,-2.01414,0.146831,1,2.14264,-1.86,0.178683,3.0972,-2.02015,0.015127,1,2.50027,-1.86,0.139005,3.47891,-2.06321,-0.0244659,1,3.40749,-1.86,0.092095,4.42749,-1.98685,-0.0770848,1,2.49517,-1.86,0.357401,3.46932,-2.05574,0.199092,1,3.22253,-1.86,0.302939,4.22762,-2.00823,0.150989,1,2.06978,-1.86,0.395393,2.98092,-1.93976,0.272032,1,2.30653,-1.86,0.60004,3.25447,-1.99121,0.469302,1,2.68187,-1.86,0.135505,3.63683,-1.94858,-0.0397908,1,2.32969,-1.86,0.111661,3.28645,-2.00194,-0.0403468,1,3.14456,-1.86,0.128855,4.14386,-2.04564,-0.030078,1,2.28163,-1.86,0.391421,3.25496,-2.04723,0.241665,1,3.29298,-1.86,0.576045,4.31218,-1.97052,0.444358,1,2.98528,-1.86,0.419927,3.9837,-1.98789,0.28445,1,3.59139,-1.86,0.474859,4.6051,-2.03332,0.337973,1,2.57065,-1.86,0.24937,3.52834,-2.03639,0.0830239,1,
1.5667,3.49092,-3.62706,0.233719,4.53257,-3.85073,0.0803616,2.61553,-1.86,0.685979,3.58377,-2.02635,0.548709,1,3.26103,-1.86,0.841441,4.26757,-2.00036,0.721286,1,3.2649,-1.86,0.45152,4.27594,-1.99207,0.305858,1,2.81288,-1.86,0.724197,3.78986,-2.0039,0.591212,1,2.43416,-1.86,0.793416,3.40853,-2.05673,0.652212,1,2.86022,-1.86,0.393355,3.84692,-2.02995,0.242516,1,3.1213,-1.86,0.791275,4.11988,-1.99662,0.683192,1,3.26464,-1.86,0.156518,4.2791,-1.9829,-0.00625863,1,2.61404,-1.86,0.378181,3.57599,-2.01339,0.226287,1,3.50956,-1.86,0.373899,4.54407,-1.98011,0.234982,1,2.93097,-1.86,0.865048,3.92228,-2.01437,0.742722,1,2.83252,-1.86,0.583953,3.81552,-1.99975,0.435957,1,2.83338,-1.86,0.231094,3.81787,-2.04611,0.0720929,1,3.59096,-1.86,0.788458,4.62129,-1.98783,0.666201,1,2.16693,-1.86,0.486175,3.09066,-1.95868,0.346457,1,3.21964,-1.86,0.701564,4.22738,-1.97456,0.577675,1,2.56358,-1.86,0.864335,3.53901,-2.0574,0.722471,1,2.96358,-1.86,0.552539,3.95811,-2.00103,0.415404,1,2.97747,-1.86,0.160515,3.96896,-2.02499,0.00191256,1,2.44315,-1.86,0.623764,3.42076,-2.07155,0.472224,1,3.57852,-1.86,0.606245,4.60356,-1.99131,0.469226,1,2.4129,-1.86,0.235205,3.37652,-2.03191,0.0752148,1,2.13525,-1.86,0.87316,3.08582,-2.02037,0.744716,1,3.47408,-1.86,0.719398,4.49551,-1.99225,0.590857,1,2.409,-1.86,0.472793,3.37439,-2.02589,0.328276,1,2.31211,-1.86,0.876582,3.26839,-2.01336,0.753822,1,2.60201,-1.86,0.528433,3.57375,-2.03655,0.383994,1,2.73156,-1.86,0.466152,3.70775,-2.00496,0.318275,1,3.40505,-1.86,0.458475,4.43429,-1.96248,0.319844,1,2.98688,-1.86,0.683479,3.97875,-1.98799,0.554656,1,3.3458,-1.86,0.265764,4.35955,-1.98966,0.107815,1,3.11528,-1.86,0.429402,4.11528,-2.0072,0.281606,1,3.49654,-1.86,0.229636,4.52149,-1.99998,0.076906,1,3.46176,-1.86,0.850824,4.48389,-1.99154,0.733161,1,2.23342,-1.86,0.261529,3.1726,-1.97697,0.0988645,1,3.09771,-1.86,0.241443,4.09751,-1.97933,0.086738,1,2.69197,-1.86,0.828131,3.67237,-2.04466,0.693395,1,3.34448,-1.86,0.694461,4.34993,-2.02612,0.568403,1,2.70396,-1.86,0.265741,3.68322,-2.04208,0.106185,1,2.8404,-1.86,0.10536,3.8269,-2.00545,-0.0566859,1,2.11007,-1.86,0.684703,3.0569,-2.00309,0.547161,1,3.41674,-1.86,0.588869,4.44654,-1.9745,0.450801,1,2.25643,-1.86,0.729773,3.22197,-2.04216,0.591472,1,3.12645,-1.86,0.554272,4.11749,-1.88398,0.424882,1,3.57138,-1.86,0.108755,4.59761,-1.99359,-0.0599772,1,2.95131,-1.86,0.295933,3.94625,-2.00665,0.145567,1,2.14264,-1.86,0.178683,3.0972,-2.02015,0.015127,1,2.50027,-1.86,0.139005,3.47601,-2.0561,-0.0262281,1,3.40749,-1.86,0.092095,4.42797,-1.98377,-0.0780266,1,2.49517,-1.86,0.357401,3.46439,-2.04752,0.198301,1,3.22253,-1.86,0.302939,4.22734,-2.00269,0.150514,1,2.06978,-1.86,0.395393,2.98092,-1.93976,0.272032,1,2.30653,-1.86,0.60004,3.25128,-1.98665,0.467455,1,2.68187,-1.86,0.135505,3.63217,-1.94282,-0.0430959,1,2.32969,-1.86,0.111661,3.28128,-1.99227,-0.0423751,1,3.14456,-1.86,0.128855,4.14251,-2.03819,-0.033631,1,2.28163,-1.86,0.391421,3.24573,-2.03371,0.24389,1,3.29298,-1.86,0.576045,4.31131,-1.96591,0.443163,1,2.98528,-1.86,0.419927,3.98094,-1.98096,0.284544,1,3.59139,-1.86,0.474859,4.6079,-2.02916,0.337472,1,2.57065,-1.86,0.24937,3.5226,-2.03049,0.078028,1,
1.60003,3.51739,-3.62646,0.233272,4.52721,-3.85092,0.0804916,2.61553,-1.86,0.685979,3.56913,-2.03492,0.547742,1,3.26103,-1.86,0.841441,4.24937,-2.0115,0.716613,1,3.2649,-1.86,0.45152,4.25767,-2.00613,0.304743,1,2.81288,-1.86,0.724197,3.7786,-2.0237,0.586273,1,2.43416,-1.86,0.793416,3.39991,-2.06892,0.649621,1,2.86022,-1.86,0.393355,3.83088,-2.04461,0.242806,1,3.1213,-1.86,0.791275,4.10498,-2.01156,0.679705,1,3.26464,-1.86,0.156518,4.25972,-1.9963,-0.00656506,1,2.61404,-1.86,0.378181,3.56175,-2.02238,0.22666,1,3.50956,-1.86,0.373899,4.5259,-1.99058,0.233948,1,2.93097,-1.86,0.865048,3.90774,-2.02587,0.738596,1,2.83252,-1.86,0.583953,3.80006,-2.00733,0.435759,1,2.83338,-1.86,0.231094,3.80528,-2.0606,0.0733482,1,3.59096,-1.86,0.788458,4.60283,-2.00132,0.662681,1,2.16693,-1.86,0.486175,3.09066,-1.95868,0.346457,1,3.21964,-1.86,0.701564,4.21161,-1.98924,0.575115,1,2.56358,-1.86,0.864335,3.52532,-2.06678,0.717873,1,2.96358,-1.86,0.552539,3.94351,-2.01308,0.413113,1,2.97747,-1.86,0.160515,3.95266,-2.03817,0.00292614,1,2.44315,-1.86,0.623764,3.40889,-2.08057,0.471181,1,3.57852,-1.86,0.606245,4.58747,-2.0046,0.468181,1,2.4129,-1.86,0.235205,3.36591,-2.0444,0.0763575,1,2.13525,-1.86,0.87316,3.08582,-2.02037,0.744716,1,3.47408,-1.86,0.719398,4.47769,-2.00531,0.590047,1,2.409,-1.86,0.472793,3.3667,-2.04503,0.328264,1,2.31211,-1.86,0.876582,3.26149,-2.02915,0.748662,1,2.60201,-1.86,0.528433,3.56208,-2.05275,0.380719,1,2.73156,-1.86,0.466152,3.69406,-2.01395,0.314849,1,3.40505,-1.86,0.458475,4.41228,-1.97504,0.318992,1,2.98688,-1.86,0.683479,3.9642,-2.00282,0.55153,1,3.3458,-1.86,0.265764,4.34005,-2.00517,0.111151,1,3.11528,-1.86,0.429402,4.09752,-2.0253,0.280409,1,3.49654,-1.86,0.229636,4.50367,-2.01138,0.0785635,1,3.46176,-1.86,0.850824,4.46564,-2.00801,0.728327,1,2.23342,-1.86,0.261529,3.1726,-1.97697,0.0988645,1,3.09771,-1.86,0.241443,4.08389,-1.99124,0.0870221,1,2.69197,-1.86,0.828131,3.66077,-2.05792,0.685804,1,3.34448,-1.86,0.694461,4.33243,-2.03959,0.565478,1,2.70396,-1.86,0.265741,3.66913,-2.05007,0.104667,1,2.8404,-1.86,0.10536,3.81205,-2.01828,-0.0559888,1,2.11007,-1.86,0.684703,3.0569,-2.00309,0.547161,1,3.41674,-1.86,0.588869,4.42878,-1.98592,0.44884,1,2.25643,-1.86,0.729773,3.22197,-2.04216,0.591472,1,3.12645,-1.86,0.554272,4.09497,-1.89248,0.424626,1,3.57138,-1.86,0.108755,4.57838,-2.00819,-0.0584964,1,2.95131,-1.86,0.295933,3.93115,-2.01738,0.145287,1,2.14264,-1.86,0.178683,3.0972,-2.02015,0.015127,1,2.50027,-1.86,0.139005,3.46038,-2.06232,-0.0254415,1,3.40749,-1.86,0.092095,4.40946,-2.0006,-0.0768749,1,2.49517,-1.86,0.357401,3.45015,-2.05483,0.200305,1,3.22253,-1.86,0.302939,4.20943,-2.01675,0.150495,1,2.06978,-1.86,0.395393,2.98092,-1.93976,0.272032,1,2.30653,-1.86,0.60004,3.23858,-1.99536,0.468333,1,2.68187,-1.86,0.135505,3.61585,-1.95315,-0.0412839,1,2.32969,-1.86,0.111661,3.27394,-2.00982,-0.0394443,1,3.14456,-1.86,0.128855,4.12586,-2.04822,-0.0312162,1,2.28163,-1.86,0.391421,3.24069,-2.05084,0.243148,1,3.29298,-1.86,0.576045,4.29492,-1.98088,0.440185,1,2.98528,-1.86,0.419927,3.96456,-1.99442,0.283649,1,3.59139,-1.86,0.474859,4.588,-2.04116,0.335719,1,2.57065,-1.86,0.24937,3.50851,-2.04091,0.0805133,1,
1.63337,3.51739,-3.62646,0.233272,4.55368,-3.84966,0.0798607,2.61553,-1.86,0.685979,3.57245,-2.02179,0.552351,1,3.26103,-1.86,0.841441,4.25859,-2.00459,0.719041,1,3.2649,-1.86,0.45152,4.26969,-1.9987,0.307614,1,2.81288,-1.86,0.724197,3.78482,-2.01299,0.590292,1,2.43416,-1.86,0.793416,3.40137,-2.05458,0.655275,1,2.86022,-1.86,0.393355,3.8387,-2.03371,0.243928,1,3.1213,-1.86,0.791275,4.11438,-2.00325,0.682712,1,3.26464,-1.86,0.156518,4.26851,-1.98875,-0.00659943,1,2.61404,-1.86,0.378181,3.56546,-2.0075,0.230194,1,3.50956,-1.86,0.373899,4.53722,-1.98574,0.236057,1,2.93097,-1.86,0.865048,3.91598,-2.01681,0.745151,1,2.83252,-1.86,0.583953,3.80546,-1.99592,0.438367,1,2.83338,-1.86,0.231094,3.81115,-2.04836,0.0742627,1,3.59096,-1.86,0.788458,4.61359,-1.99762,0.665612,1,2.16693,-1.86,0.486175,3.09066,-1.95868,0.346457,1,3.21964,-1.86,0.701564,4.22166,-1.98179,0.577409,1,2.56358,-1.86,0.864335,3.52835,-2.05362,0.724042,1,2.96358,-1.86,0.552539,3.95449,-2.00183,0.41804,1,2.97747,-1.86,0.160515,3.96066,-2.02776,0.00288001,1,2.44315,-1.86,0.623764,3.40909,-2.06459,0.475625,1,3.57852,-1.86,0.606245,4.59892,-2.0003,0.470727,1,2.4129,-1.86,0.235205,3.36768,-2.02789,0.0804245,1,2.13525,-1.86,0.87316,3.08582,-2.02037,0.744716,1,3.47408,-1.86,0.719398,4.48817,-1.99998,0.590775,1,2.409,-1.86,0.472793,3.36775,-2.02926,0.330815,1,2.31211,-1.86,0.876582,3.26168,-2.01434,0.755219,1,2.60201,-1.86,0.528433,3.56614,-2.0398,0.384335,1,2.73156,-1.86,0.466152,3.6963,-2.00226,0.317909,1,3.40505,-1.86,0.458475,4.42325,-1.96911,0.321468,1,2.98688,-1.86,0.683479,3.97252,-1.99296,0.555757,1,3.3458,-1.86,0.265764,4.34907,-1.99845,0.109051,1,3.11528,-1.86,0.429402,4.10807,-2.01633,0.282417,1,3.49654,-1.86,0.229636,4.5132,-2.00618,0.0774269,1,3.46176,-1.86,0.850824,4.47496,-2.0033,0.730897,1,2.23342,-1.86,0.261529,3.1726,-1.97697,0.0988645,1,3.09771,-1.86,0.241443,4.09045,-1.98215,0.088455,1,2.69197,-1.86,0.828131,3.66568,-2.04587,0.68951,1,3.34448,-1.86,0.694461,4.34187,-2.03302,0.56618,1,2.70396,-1.86,0.265741,3.67273,-2.03755,0.107853,1,2.8404,-1.86,0.10536,3.81875,-2.00649,-0.0551131,1,2.11007,-1.86,0.684703,3.0569,-2.00309,0.547161,1,3.41674,-1.86,0.588869,4.43947,-1.9806,0.452025,1,2.25643,-1.86,0.729773,3.22197,-2.04216,0.591472,1,3.12645,-1.86,0.554272,4.10457,-1.88303,0.427236,1,3.57138,-1.86,0.108755,4.58915,-2.00342,-0.0577562,1,2.95131,-1.86,0.295933,3.93778,-2.00628,0.146791,1,2.14264,-1.86,0.178683,3.0972,-2.02015,0.015127,1,2.50027,-1.86,0.139005,3.46324,-2.04829,-0.0245575,1,3.40749,-1.86,0.092095,4.41502,-1.99473,-0.0750883,1,2.49517,-1.86,0.357401,3.45136,-2.0398,0.202143,1,3.22253,-1.86,0.302939,4.21935,-2.00876,0.151181,1,2.06978,-1.86,0.395393,2.98092,-1.93976,0.272032,1,2.30653,-1.86,0.60004,3.2396,-1.98072,0.473211,1,2.68187,-1.86,0.135505,3.62006,-1.93994,-0.0409871,1,2.32969,-1.86,0.111661,3.27369,-1.99305,-0.0401295,1,3.14456,-1.86,0.128855,4.13578,-2.039,-0.0307437,1,2.28163,-1.86,0.391421,3.24069,-2.05084,0.243148,1,3.29298,-1.86,0.576045,4.30268,-1.97431,0.441874,1,2.98528,-1.86,0.419927,3.97267,-1.98389,0.285178,1,3.59139,-1.86,0.474859,4.59814,-2.0373,0.340252,1,2.57065,-1.86,0.24937,3.51212,-2.02308,0.0801437,1,
1.6667,3.54317,-3.62582,0.232815,4.56888,-3.84886,0.0795009,2.61553,-1.86,0.685979,3.57607,-2.02991,0.550457,1,3.26103,-1.86,0.841441,4.25781,-2.00471,0.724626,1,3.2649,-1.86,0.45152,4.26579,-1.99757,0.310137,1,2.81288,-1.86,0.724197,3.78844,-2.01933,0.590156,1,2.43416,-1.86,0.793416,3.40887,-2.06635,0.651574,1,2.86022,-1.86,0.393355,3.83933,-2.0382,0.245835,1,3.1213,-1.86,0.791275,4.11417,-2.00503,0.685591,1,3.26464,-1.86,0.156518,4.26944,-1.98607,-0.00540864,1,2.61404,-1.86,0.378181,3.56811,-2.01631,0.230389,1,3.50956,-1.86,0.373899,4.53647,-1.97964,0.237265,1,2.93097,-1.86,0.865048,3.9155,-2.02128,0.744299,1,2.83252,-1.86,0.583953,3.8065,-2.00183,0.438641,1,2.83338,-1.86,0.231094,3.81164,-2.0549,0.0744225,1,3.59096,-1.86,0.788458,4.61079,-1.9916,0.669422,1,2.16693,-1.86,0.486175,3.09066,-1.95868,0.346457,1,3.21964,-1.86,0.701564,4.2202,-1.98126,0.578981,1,2.56358,-1.86,0.864335,3.5344,-2.06139,0.723828,1,2.96358,-1.86,0.552539,3.95636,-2.00516,0.421502,1,2.97747,-1.86,0.160515,3.96165,-2.02997,0.00728472,1,2.44315,-1.86,0.623764,3.41399,-2.07678,0.474456,1,3.57852,-1.86,0.606245,4.59821,-1.99409,0.474626,1,2.4129,-1.86,0.235205,3.37339,-2.04092,0.0837181,1,2.13525,-1.86,0.87316,3.08582,-2.02037,0.744716,1,3.47408,-1.86,0.719398,4.48764,-1.99585,0.595517,1,2.409,-1.86,0.472793,3.37533,-2.04186,0.331126,1,2.31211,-1.86,0.876582,3.27053,-2.02882,0.752724,1,2.60201,-1.86,0.528433,3.56923,-2.04987,0.384839,1,2.73156,-1.86,0.466152,3.70208,-2.00908,0.317097,1,3.40505,-1.86,0.458475,4.42203,-1.96478,0.322932,1,2.98688,-1.86,0.683479,3.97279,-1.99601,0.555691,1,3.3458,-1.86,0.265764,4.34735,-1.99504,0.110479,1,3.11528,-1.86,0.429402,4.10363,-2.01636,0.283919,1,3.49654,-1.86,0.229636,4.51144,-2.00035,0.0800713,1,3.46176,-1.86,0.850824,4.47274,-1.99898,0.73319,1,2.23342,-1.86,0.261529,3.1726,-1.97697,0.0988645,1,3.09771,-1.86,0.241443,4.08873,-1.98367,0.0894932,1,2.69197,-1.86,0.828131,3.66647,-2.05539,0.688149,1,3.34448,-1.86,0.694461,4.3379,-2.03096,0.568654,1,2.70396,-1.86,0.265741,3.67686,-2.04512,0.107399,1,2.8404,-1.86,0.10536,3.82007,-2.01148,-0.0540661,1,2.11007,-1.86,0.684703,3.0569,-2.00309,0.547161,1,3.41674,-1.86,0.588869,4.43474,-1.97633,0.452756,1,2.25643,-1.86,0.729773,3.22197,-2.04216,0.591472,1,3.12645,-1.86,0.554272,4.10478,-1.88256,0.429909,1,3.57138,-1.86,0.108755,4.58867,-1.9962,-0.0549738,1,2.95131,-1.86,0.295933,3.93809,-2.00986,0.148774,1,2.14264,-1.86,0.178683,3.0972,-2.02015,0.015127,1,2.50027,-1.86,0.139005,3.46888,-2.05645,-0.0234396,1,3.40749,-1.86,0.092095,4.41299,-1.98999,-0.0725708,1,2.49517,-1.86,0.357401,3.45485,-2.05066,0.200057,1,3.22253,-1.86,0.302939,4.21851,-2.0076,0.15459,1,2.06978,-1.86,0.395393,2.98092,-1.93976,0.272032,1,2.30653,-1.86,0.60004,3.24772,-1.99221,0.472194,1,2.68187,-1.86,0.135505,3.62196,-1.94669,-0.0391401,1,2.32969,-1.86,0.111661,3.28047,-2.00777,-0.038439,1,3.14456,-1.86,0.128855,4.13324,-2.03943,-0.0293552,1,2.28163,-1.86,0.391421,3.24069,-2.05084,0.243148,1,3.29298,-1.86,0.576045,4.30103,-1.97218,0.443709,1,2.98528,-1.86,0.419927,3.97284,-1.98657,0.286957,1,3.59139,-1.86,0.474859,4.59427,-2.03064,0.34247,1,2.57065,-1.86,0.24937,3.51537,-2.02996,0.0808294,1,
1.70004,3.55304,-3.62548,0.232279,4.5794,-3.84824,0.0792545,2.61553,-1.86,0.685979,3.56928,-2.02638,0.550914,1,3.26103,-1.86,0.841441,4.2512,-2.00159,0.719488,1,3.2649,-1.86,0.45152,4.26128,-1.99574,0.308455,1,2.81288,-1.86,0.724197,3.78228,-2.01645,0.58976,1,2.43416,-1.86,0.793416,3.39998,-2.06342,0.652643,1,2.86022,-1.86,0.393355,3.83627,-2.03531,0.243751,1,3.1213,-1.86,0.791275,4.10944,-2.00295,0.684371,1,3.26464,-1.86,0.156518,4.26291,-1.98468,-0.00591999,1,2.61404,-1.86,0.378181,3.56,-2.01508,0.23259,1,3.50956,-1.86,0.373899,4.53092,-1.97798,0.235527,1,2.93097,-1.86,0.865048,3.90978,-2.01909,0.742538,1,2.83252,-1.86,0.583953,3.79928,-2.00016,0.438366,1,2.83338,-1.86,0.231094,3.80876,-2.05204,0.0735206,1,3.59096,-1.86,0.788458,4.60771,-1.98955,0.667312,1,2.16693,-1.86,0.486175,3.09066,-1.95868,0.346457,1,3.21964,-1.86,0.701564,4.21561,-1.97919,0.577608,1,2.56358,-1.86,0.864335,3.52546,-2.05772,0.724252,1,2.96358,-1.86,0.552539,3.95101,-2.00381,0.420541,1,2.97747,-1.86,0.160515,3.95469,-2.0288,0.00705363,1,2.44315,-1.86,0.623764,3.40734,-2.07335,0.473685,1,3.57852,-1.86,0.606245,4.59253,-1.99251,0.474283,1,2.4129,-1.86,0.235205,3.36757,-2.03862,0.0831541,1,2.13525,-1.86,0.87316,3.08582,-2.02037,0.744716,1,3.47408,-1.86,0.719398,4.48147,-1.99408,0.594589,1,2.409,-1.86,0.472793,3.36752,-2.0376,0.330506,1,2.31211,-1.86,0.876582,3.27053,-2.02882,0.752724,1,2.60201,-1.86,0.528433,3.56529,-2.04629,0.383212,1,2.73156,-1.86,0.466152,3.69385,-2.00435,0.31677,1,3.40505,-1.86,0.458475,4.41356,-1.96324,0.320979,1,2.98688,-1.86,0.683479,3.96723,-1.99398,0.555003,1,3.3458,-1.86,0.265764,4.34163,-1.99346,0.108628,1,3.11528,-1.86,0.429402,4.09907,-2.01496,0.283522,1,3.49654,-1.86,0.229636,4.50703,-1.9988,0.0801495,1,3.46176,-1.86,0.850824,4.46845,-1.9969,0.732033,1,2.23342,-1.86,0.261529,3.1726,-1.97697,0.0988645,1,3.09771,-1.86,0.241443,4.08455,-1.98164,0.0873134,1,2.69197,-1.86,0.828131,3.66151,-2.05399,0.688101,1,3.34448,-1.86,0.694461,4.33409,-2.02859,0.566754,1,2.70396,-1.86,0.265741,3.6675,-2.04269,0.10557,1,2.8404,-1.86,0.10536,3.81372,-2.00963,-0.0547548,1,2.11007,-1.86,0.684703,3.0569,-2.00309,0.547161,1,3.41674,-1.86,0.588869,4.43048,-1.97444,0.452007,1,2.25643,-1.86,0.729773,3.22197,-2.04216,0.591472,1,3.12645,-1.86,0.554272,4.0986,-1.8803,0.426865,1,3.57138,-1.86,0.108755,4.58316,-1.99497,-0.05826,1,2.95131,-1.86,0.295933,3.93304,-2.00761,0.145865,1,2.14264,-1.86,0.178683,3.0972,-2.02015,0.015127,1,2.50027,-1.86,0.139005,3.46181,-2.05195,-0.0242667,1,3.40749,-1.86,0.092095,4.40931,-1.98843,-0.0743366,1,2.49517,-1.86,0.357401,3.44844,-2.04773,0.197821,1,3.22253,-1.86,0.302939,4.21088,-2.00636,0.149701,1,2.06978,-1.86,0.395393,2.98092,-1.93976,0.272032,1,2.30653,-1.86,0.60004,3.23674,-1.98923,0.470992,1,2.68187,-1.86,0.135505,3.61448,-1.94444,-0.040542,1,2.32969,-1.86,0.111661,3.27305,-2.00526,-0.0409391,1,3.14456,-1.86,0.128855,4.12868,-2.03796,-0.0300084,1,2.28163,-1.86,0.391421,3.24069,-2.05084,0.243148,1,3.29298,-1.86,0.576045,4.29527,-1.97055,0.443514,1,2.98528,-1.86,0.419927,3.9654,-1.98515,0.285258,1,3.59139,-1.86,0.474859,4.59083,-2.02868,0.338438,1,2.57065,-1.86,0.24937,3.50709,-2.02773,0.0807254,1,
1.73337,3.55304,-3.62548,0.232279,4.58974,-3.84776,0.0790076,2.61553,-1.86,0.685979,3.55983,-2.0251,0.550414,1,3.26103,-1.86,0.841441,4.24302,-1.99734,0.720308,1,3.2649,-1.86,0.45152,4.25208,-1.99128,0.307902,1,2.81288,-1.86,0.724197,3.77375,-2.01412,0.589251,1,2.43416,-1.86,0.793416,3.39309,-2.06566,0.650816,1,2.86022,-1.86,0.393355,3.82676,-2.0311,0.242332,1,3.1213,-1.86,0.791275,4.09995,-1.99899,0.684621,1,3.26464,-1.86,0.156518,4.25379,-1.98063,-0.00727863,1,2.61404,-1.86,0.378181,3.55347,-2.01355,0.229922,1,3.50956,-1.86,0.373899,4.52379,-1.97337,0.234756,1,2.93097,-1.86,0.865048,3.89792,-2.01638,0.742141,1,2.83252,-1.86,0.583953,3.79036,-1.99756,0.43842,1,2.83338,-1.86,0.231094,3.79743,-2.04846,0.0730382,1,3.59096,-1.86,0.788458,4.60145,-1.98542,0.669351,1,2.16693,-1.86,0.486175,3.09066,-1.95868,0.346457,1,3.21964,-1.86,0.701564,4.20763,-1.97476,0.577669,1,2.56358,-1.86,0.864335,3.51741,-2.05833,0.722938,1,2.96358,-1.86,0.552539,3.94266,-2.00021,0.420057,1,2.97747,-1.86,0.160515,3.94522,-2.02576,0.00579149,1,2.44315,-1.86,0.623764,3.39773,-2.07251,0.473459,1,3.57852,-1.86,0.606245,4.58424,-1.98788,0.474225,1,2.4129,-1.86,0.235205,3.35818,-2.03716,0.0820221,1,2.13525,-1.86,0.87316,3.08582,-2.02037,0.744716,1,3.47408,-1.86,0.719398,4.4725,-1.98921,0.593428,1,2.409,-1.86,0.472793,3.35968,-2.03845,0.329257,1,2.31211,-1.86,0.876582,3.27053,-2.02882,0.752724,1,2.60201,-1.86,0.528433,3.55265,-2.04441,0.383078,1,2.73156,-1.86,0.466152,3.68472,-2.00412,0.316918,1,3.40505,-1.86,0.458475,4.40471,-1.95861,0.320457,1,2.98688,-1.86,0.683479,3.95632,-1.99092,0.554745,1,3.3458,-1.86,0.265764,4.33231,-1.98912,0.108447,1,3.11528,-1.86,0.429402,4.09189,-2.00943,0.281896,1,3.49654,-1.86,0.229636,4.49853,-1.99435,0.0790091,1,3.46176,-1.86,0.850824,4.46051,-1.99293,0.733756,1,2.23342,-1.86,0.261529,3.1726,-1.97697,0.0988645,1,3.09771,-1.86,0.241443,4.07492,-1.97737,0.0861711,1,2.69197,-1.86,0.828131,3.65466,-2.04917,0.689315,1,3.34448,-1.86,0.694461,4.32581,-2.02425,0.567541,1,2.70396,-1.86,0.265741,3.66091,-2.0425,0.107948,1,2.8404,-1.86,0.10536,3.80542,-2.00678,-0.0561506,1,2.11007,-1.86,0.684703,3.0569,-2.00309,0.547161,1,3.41674,-1.86,0.588869,4.42249,-1.97003,0.452517,1,2.25643,-1.86,0.729773,3.22197,-2.04216,0.591472,1,3.12645,-1.86,0.554272,4.08688,-1.8767,0.426609,1,3.57138,-1.86,0.108755,4.57592,-1.99058,-0.0600397,1,2.95131,-1.86,0.295933,3.9239,-2.00381,0.144172,1,2.14264,-1.86,0.178683,3.0972,-2.02015,0.015127,1,2.50027,-1.86,0.139005,3.45117,-2.05367,-0.0263613,1,3.40749,-1.86,0.092095,4.40188,-1.98408,-0.0759084,1,2.49517,-1.86,0.357401,3.43945,-2.04574,0.19748,1,3.22253,-1.86,0.302939,4.19864,-2.00297,0.149204,1,2.06978,-1.86,0.395393,2.98092,-1.93976,0.272032,1,2.30653,-1.86,0.60004,3.23674,-1.98923,0.470992,1,2.68187,-1.86,0.135505,3.60497,-1.94262,-0.0418581,1,2.32969,-1.86,0.111661,3.26546,-2.00548,-0.0414145,1,3.14456,-1.86,0.128855,4.11865,-2.03403,-0.0320305,1,2.28163,-1.86,0.391421,3.24069,-2.05084,0.243148,1,3.29298,-1.86,0.576045,4.28628,-1.96551,0.440042,1,2.98528,-1.86,0.419927,3.95586,-1.98204,0.284469,1,3.59139,-1.86,0.474859,4.58197,-2.02401,0.338733,1,2.57065,-1.86,0.24937,3.49843,-2.02848,0.0816199,1,
1.7667,3.57922,-3.62503,0.23182,4.61585,-3.84697,0.0783685,2.61553,-1.86,0.685979,3.57781,-2.03188,0.546583,1,3.26103,-1.86,0.841441,4.25778,-1.99996,0.717896,1,3.2649,-1.86,0.45152,4.2661,-1.99461,0.305764,1,2.81288,-1.86,0.724197,3.78915,-2.01965,0.583813,1,2.43416,-1.86,0.793416,3.4134,-2.07048,0.648685,1,2.86022,-1.86,0.393355,3.8423,-2.03839,0.240467,1,3.1213,-1.86,0.791275,4.11574,-2.00258,0.68154,1,3.26464,-1.86,0.156518,4.27015,-1.98383,-0.0117438,1,2.61404,-1.86,0.378181,3.56935,-2.01735,0.224983,1,3.50956,-1.86,0.373899,4.53649,-1.97519,0.230884,1,2.93097,-1.86,0.865048,3.91476,-2.02147,0.736968,1,2.83252,-1.86,0.583953,3.80804,-2.00174,0.434106,1,2.83338,-1.86,0.231094,3.81543,-2.0562,0.0709558,1,3.59096,-1.86,0.788458,4.6148,-1.98669,0.667198,1,2.16693,-1.86,0.486175,3.09066,-1.95868,0.346457,1,3.21964,-1.86,0.701564,4.22175,-1.97799,0.574994,1,2.56358,-1.86,0.864335,3.53723,-2.06243,0.718118,1,2.96358,-1.86,0.552539,3.95451,-2.00615,0.414505,1,2.97747,-1.86,0.160515,3.96192,-2.03067,0.00360869,1,2.44315,-1.86,0.623764,3.41791,-2.07917,0.469545,1,3.57852,-1.86,0.606245,4.59789,-1.98879,0.468967,1,2.4129,-1.86,0.235205,3.37749,-2.04504,0.0803634,1,2.13525,-1.86,0.87316,3.08582,-2.02037,0.744716,1,3.47408,-1.86,0.719398,4.48932,-1.99059,0.590387,1,2.409,-1.86,0.472793,3.379,-2.04533,0.325825,1,2.31211,-1.86,0.876582,3.27053,-2.02882,0.752724,1,2.60201,-1.86,0.528433,3.57547,-2.0534,0.380209,1,2.73156,-1.86,0.466152,3.70225,-2.01051,0.313619,1,3.40505,-1.86,0.458475,4.42248,-1.9605,0.317744,1,2.98688,-1.86,0.683479,3.97301,-1.99604,0.551544,1,3.3458,-1.86,0.265764,4.34766,-1.99185,0.106811,1,3.11528,-1.86,0.429402,4.10774,-2.01308,0.279569,1,3.49654,-1.86,0.229636,4.50787,-1.99676,0.0730361,1,3.46176,-1.86,0.850824,4.47498,-1.99365,0.728704,1,2.23342,-1.86,0.261529,3.1726,-1.97697,0.0988645,1,3.09771,-1.86,0.241443,4.09009,-1.98209,0.0849459,1,2.69197,-1.86,0.828131,3.66901,-2.05451,0.687105,1,3.34448,-1.86,0.694461,4.34025,-2.02679,0.565382,1,2.70396,-1.86,0.265741,3.67771,-2.04628,0.105405,1,2.8404,-1.86,0.10536,3.82258,-2.01194,-0.0574081,1,2.11007,-1.86,0.684703,3.0569,-2.00309,0.547161,1,3.41674,-1.86,0.588869,4.43356,-1.97205,0.448197,1,2.25643,-1.86,0.729773,3.22197,-2.04216,0.591472,1,3.12645,-1.86,0.554272,4.10303,-1.88097,0.423974,1,3.57138,-1.86,0.108755,4.5931,-1.99244,-0.060711,1,2.95131,-1.86,0.295933,3.93838,-2.00996,0.144102,1,2.14264,-1.86,0.178683,3.0972,-2.02015,0.015127,1,2.50027,-1.86,0.139005,3.46983,-2.06601,-0.0259674,1,3.40749,-1.86,0.092095,4.41618,-1.98666,-0.0766846,1,2.49517,-1.86,0.357401,3.4584,-2.05159,0.195359,1,3.22253,-1.86,0.302939,4.21354,-2.0068,0.14803,1,2.06978,-1.86,0.395393,2.98092,-1.93976,0.272032,1,2.30653,-1.86,0.60004,3.23674,-1.98923,0.470992,1,2.68187,-1.86,0.135505,3.62167,-1.94957,-0.043756,1,2.32969,-1.86,0.111661,3.26546,-2.00548,-0.0414145,1,3.14456,-1.86,0.128855,4.13388,-2.0385,-0.0327223,1,2.28163,-1.86,0.391421,3.24069,-2.05084,0.243148,1,3.29298,-1.86,0.576045,4.30083,-1.96826,0.437027,1,2.98528,-1.86,0.419927,3.96935,-1.98725,0.278644,1,3.59139,-1.86,0.474859,4.5959,-2.02564,0.33614,1,2.57065,-1.86,0.24937,3.51664,-2.0358,0.0799588,1,
1.80004,3.58822,-3.62483,0.231304,4.62527,-3.84671,0.0781372,2.61553,-1.86,0.685979,3.57164,-2.03035,0.548468,1,3.26103,-1.86,0.841441,4.25575,-2.00361,0.717401,1,3.2649,-1.86,0.45152,4.26363,-1.99806,0.30251,1,2.81288,-1.86,0.724197,3.78812,-2.02003,0.585904,1,2.43416,-1.86,0.793416,3.40694,-2.06652,0.650793,1,2.86022,-1.86,0.393355,3.83733,-2.03986,0.239965,1,3.1213,-1.86,0.791275,4.11278,-2.00489,0.680275,1,3.26464,-1.86,0.156518,4.2654,-1.98829,-0.0114235,1,2.61404,-1.86,0.378181,3.56615,-2.0172,0.227273,1,3.50956,-1.86,0.373899,4.53507,-1.9799,0.227316,1,2.93097,-1.86,0.865048,3.91092,-2.02095,0.738024,1,2.83252,-1.86,0.583953,3.80239,-2.00191,0.434274,1,2.83338,-1.86,0.231094,3.81067,-2.05522,0.0709834,1,3.59096,-1.86,0.788458,4.61002,-1.99165,0.666552,1,2.16693,-1.86,0.486175,3.09066,-1.95868,0.346457,1,3.21964,-1.86,0.701564,4.21771,-1.98206,0.574814,1,2.56358,-1.86,0.864335,3.53335,-2.05823,0.718672,1,2.96358,-1.86,0.552539,3.95378,-2.00859,0.41504,1,2.97747,-1.86,0.160515,3.9579,-2.03169,0.000511378,1,2.44315,-1.86,0.623764,3.41349,-2.07292,0.47211,1,3.57852,-1.86,0.606245,4.5938,-1.99375,0.468096,1,2.4129,-1.86,0.235205,3.3704,-2.04197,0.0795988,1,2.13525,-1.86,0.87316,3.08582,-2.02037,0.744716,1,3.47408,-1.86,0.719398,4.48176,-1.99549,0.588272,1,2.409,-1.86,0.472793,3.37256,-2.04244,0.326358,1,2.31211,-1.86,0.876582,3.27053,-2.02882,0.752724,1,2.60201,-1.86,0.528433,3.56663,-2.048,0.380769,1,2.73156,-1.86,0.466152,3.6978,-2.00898,0.314614,1,3.40505,-1.86,0.458475,4.41883,-1.96551,0.317247,1,2.98688,-1.86,0.683479,3.96838,-1.99707,0.552172,1,3.3458,-1.86,0.265764,4.34581,-1.9962,0.105543,1,3.11528,-1.86,0.429402,4.10281,-2.01667,0.279334,1,3.49654,-1.86,0.229636,4.50354,-2.00186,0.0721698,1,3.46176,-1.86,0.850824,4.47024,-1.99914,0.729557,1,2.23342,-1.86,0.261529,3.1726,-1.97697,0.0988645,1,3.09771,-1.86,0.241443,4.08987,-1.98381,0.0878417,1,2.69197,-1.86,0.828131,3.66701,-2.05499,0.686625,1,3.34448,-1.86,0.694461,4.33731,-2.03031,0.561797,1,2.70396,-1.86,0.265741,3.67401,-2.04483,0.10792,1,2.8404,-1.86,0.10536,3.81838,-2.01233,-0.0573059,1,2.11007,-1.86,0.684703,3.0569,-2.00309,0.547161,1,3.41674,-1.86,0.588869,4.43383,-1.97653,0.448228,1,2.25643,-1.86,0.729773,3.22197,-2.04216,0.591472,1,3.12645,-1.86,0.554272,4.09872,-1.88347,0.423252,1,3.57138,-1.86,0.108755,4.5838,-1.99767,-0.0615239,1,2.95131,-1.86,0.295933,3.93635,-2.01083,0.143641,1,2.14264,-1.86,0.178683,3.0972,-2.02015,0.015127,1,2.50027,-1.86,0.139005,3.46382,-2.06194,-0.0256043,1,3.40749,-1.86,0.092095,4.41189,-1.99185,-0.0782613,1,2.49517,-1.86,0.357401,3.45188,-2.0486,0.199184,1,3.22253,-1.86,0.302939,4.2105,-2.00942,0.147352,1,2.06978,-1.86,0.395393,2.98092,-1.93976,0.272032,1,2.30653,-1.86,0.60004,3.23674,-1.98923,0.470992,1,2.68187,-1.86,0.135505,3.61655,-1.94808,-0.043775,1,2.32969,-1.86,0.111661,3.26546,-2.00548,-0.0414145,1,3.14456,-1.86,0.128855,4.12676,-2.04208,-0.0323539,1,2.28163,-1.86,0.391421,3.24069,-2.05084,0.243148,1,3.29298,-1.86,0.576045,4.29852,-1.97287,0.440024,1,2.98528,-1.86,0.419927,3.96639,-1.98908,0.279241,1,3.59139,-1.86,0.474859,4.59115,-2.03082,0.336234,1,2.57065,-1.86,0.24937,3.51021,-2.03253,0.0800603,1,
1.83337,3.61383,-3.62425,0.230897,4.64039,-3.84599,0.0777767,2.61553,-1.86,0.685979,3.57335,-2.02616,0.549212,1,3.26103,-1.86,0.841441,4.25648,-2.00043,0.718143,1,3.2649,-1.86,0.45152,4.26627,-1.99446,0.303525,1,2.81288,-1.86,0.724197,3.78638,-2.01548,0.586776,1,2.43416,-1.86,0.793416,3.40786,-2.06397,0.651512,1,2.86022,-1.86,0.393355,3.83916,-2.03554,0.24091,1,3.1213,-1.86,0.791275,4.11514,-2.00126,0.682019,1,3.26464,-1.86,0.156518,4.26671,-1.98484,-0.0123036,1,2.61404,-1.86,0.378181,3.56481,-2.0118,0.227177,1,3.50956,-1.86,0.373899,4.53614,-1.9775,0.226811,1,2.93097,-1.86,0.865048,3.91246,-2.01633,0.738871,1,2.83252,-1.86,0.583953,3.80347,-1.99828,0.434887,1,2.83338,-1.86,0.231094,3.81087,-2.0518,0.0712037,1,3.59096,-1.86,0.788458,4.61174,-1.98827,0.662621,1,2.16693,-1.86,0.486175,3.09066,-1.95868,0.346457,1,3.21964,-1.86,0.701564,4.21831,-1.9787,0.575659,1,2.56358,-1.86,0.864335,3.53426,-2.05498,0.720886,1,2.96358,-1.86,0.552539,3.95424,-2.00258,0.416057,1,2.97747,-1.86,0.160515,3.95842,-2.02815,0.00270407,1,2.44315,-1.86,0.623764,3.4129,-2.06943,0.472873,1,3.57852,-1.86,0.606245,4.59368,-1.99107,0.465603,1,2.4129,-1.86,0.235205,3.37028,-2.03974,0.0816247,1,2.13525,-1.86,0.87316,3.08582,-2.02037,0.744716,1,3.47408,-1.86,0.719398,4.48554,-1.99252,0.588491,1,2.409,-1.86,0.472793,3.3735,-2.03894,0.327418,1,2.31211,-1.86,0.876582,3.27053,-2.02882,0.752724,1,2.60201,-1.86,0.528433,3.5677,-2.04709,0.381058,1,2.73156,-1.86,0.466152,3.69785,-2.00487,0.315102,1,3.40505,-1.86,0.458475,4.42153,-1.96251,0.317779,1,2.98688,-1.86,0.683479,3.97024,-1.9928,0.552454,1,3.3458,-1.86,0.265764,4.34678,-1.99317,0.106746,1,3.11528,-1.86,0.429402,4.10564,-2.0126,0.279331,1,3.49654,-1.86,0.229636,4.50719,-1.99911,0.072382,1,3.46176,-1.86,0.850824,4.47221,-1.99643,0.730059,1,2.23342,-1.86,0.261529,3.1726,-1.97697,0.0988645,1,3.09771,-1.86,0.241443,4.08724,-1.98088,0.0864302,1,2.69197,-1.86,0.828131,3.66686,-2.04954,0.686394,1,3.34448,-1.86,0.694461,4.33678,-2.02799,0.564042,1,2.70396,-1.86,0.265741,3.67301,-2.04131,0.10591,1,2.8404,-1.86,0.10536,3.81879,-2.0088,-0.0582761,1,2.11007,-1.86,0.684703,3.0569,-2.00309,0.547161,1,3.41674,-1.86,0.588869,4.43671,-1.97374,0.448927,1,2.25643,-1.86,0.729773,3.22197,-2.04216,0.591472,1,3.12645,-1.86,0.554272,4.09904,-1.87969,0.423589,1,3.57138,-1.86,0.108755,4.58708,-1.99544,-0.0605979,1,2.95131,-1.86,0.295933,3.93548,-2.00657,0.14367,1,2.14264,-1.86,0.178683,3.0972,-2.02015,0.015127,1,2.50027,-1.86,0.139005,3.46506,-2.05487,-0.0250923,1,3.40749,-1.86,0.092095,4.41099,-1.98911,-0.077361,1,2.49517,-1.86,0.357401,3.45272,-2.0458,0.199302,1,3.22253,-1.86,0.302939,4.21223,-2.00548,0.14717,1,2.06978,-1.86,0.395393,2.98092,-1.93976,0.272032,1,2.30653,-1.86,0.60004,3.23674,-1.98923,0.470992,1,2.68187,-1.86,0.135505,3.61508,-1.94412,-0.0433445,1,2.32969,-1.86,0.111661,3.26546,-2.00548,-0.0414145,1,3.14456,-1.86,0.128855,4.12492,-2.03949,-0.0327954,1,2.28163,-1.86,0.391421,3.24069,-2.05084,0.243148,1,3.29298,-1.86,0.576045,4.30055,-1.96921,0.439263,1,2.98528,-1.86,0.419927,3.96455,-1.98432,0.279439,1,3.59139,-1.86,0.474859,4.59371,-2.02862,0.336467,1,2.57065,-1.86,0.24937,3.51078,-2.02836,0.0820832,1,
1.86671,3.62293,-3.62401,0.230435,4.65084,-3.84574,0.0775186,2.61553,-1.86,0.685979,3.56757,-2.02335,0.546744,1,3.26103,-1.86,0.841441,4.24928,-2.00047,0.716827,1,3.2649,-1.86,0.45152,4.2614,-1.99424,0.301694,1,2.81288,-1.86,0.724197,3.78156,-2.01599,0.584883,1,2.43416,-1.86,0.793416,3.40081,-2.06342,0.65008,1,2.86022,-1.86,0.393355,3.83408,-2.0339,0.238814,1,3.1213,-1.86,0.791275,4.10884,-2.00111,0.680374,1,3.26464,-1.86,0.156518,4.26481,-1.98408,-0.0105199,1,2.61404,-1.86,0.378181,3.5579,-2.01326,0.22723,1,3.50956,-1.86,0.373899,4.52957,-1.97742,0.225894,1,2.93097,-1.86,0.865048,3.90731,-2.01589,0.7387,1,2.83252,-1.86,0.583953,3.79906,-1.99663,0.433336,1,2.83338,-1.86,0.231094,3.8071,-2.05072,0.0696152,1,3.59096,-1.86,0.788458,4.60487,-1.98744,0.660239,1,2.16693,-1.86,0.486175,3.09066,-1.95868,0.346457,1,3.21964,-1.86,0.701564,4.21333,-1.97814,0.574004,1,2.56358,-1.86,0.864335,3.52731,-2.05573,0.720228,1,2.96358,-1.86,0.552539,3.94934,-2.00271,0.415576,1,2.97747,-1.86,0.160515,3.95364,-2.02763,0.0011929,1,2.44315,-1.86,0.623764,3.40617,-2.0702,0.470878,1,3.57852,-1.86,0.606245,4.5904,-1.99121,0.467055,1,2.4129,-1.86,0.235205,3.36421,-2.0382,0.0827817,1,2.13525,-1.86,0.87316,3.08582,-2.02037,0.744716,1,3.47408,-1.86,0.719398,4.48011,-1.99225,0.587485,1,2.409,-1.86,0.472793,3.36691,-2.03712,0.325843,1,2.31211,-1.86,0.876582,3.27053,-2.02882,0.752724,1,2.60201,-1.86,0.528433,3.56325,-2.04417,0.381304,1,2.73156,-1.86,0.466152,3.6909,-2.00554,0.31688,1,3.40505,-1.86,0.458475,4.41667,-1.96238,0.316722,1,2.98688,-1.86,0.683479,3.96509,-1.99222,0.552191,1,3.3458,-1.86,0.265764,4.342,-1.99314,0.106182,1,3.11528,-1.86,0.429402,4.10124,-2.012,0.2782,1,3.49654,-1.86,0.229636,4.50538,-1.99887,0.0723933,1,3.46176,-1.86,0.850824,4.46613,-1.99634,0.729769,1,2.23342,-1.86,0.261529,3.1726,-1.97697,0.0988645,1,3.09771,-1.86,0.241443,4.084,-1.98099,0.0846342,1,2.69197,-1.86,0.828131,3.6615,-2.05035,0.686511,1,3.34448,-1.86,0.694461,4.33267,-2.02764,0.563802,1,2.70396,-1.86,0.265741,3.66645,-2.04259,0.10296,1,2.8404,-1.86,0.10536,3.81373,-2.0087,-0.0589176,1,2.11007,-1.86,0.684703,3.0569,-2.00309,0.547161,1,3.41674,-1.86,0.588869,4.43191,-1.97342,0.447149,1,2.25643,-1.86,0.729773,3.22197,-2.04216,0.591472,1,3.12645,-1.86,0.554272,4.09267,-1.87953,0.421704,1,3.57138,-1.86,0.108755,4.58109,-1.9955,-0.0621504,1,2.95131,-1.86,0.295933,3.93145,-2.00657,0.142296,1,2.14264,-1.86,0.178683,3.0972,-2.02015,0.015127,1,2.50027,-1.86,0.139005,3.4581,-2.0523,-0.0258613,1,3.40749,-1.86,0.092095,4.40622,-1.9891,-0.0793154,1,2.49517,-1.86,0.357401,3.44725,-2.04344,0.197559,1,3.22253,-1.86,0.302939,4.21038,-2.00469,0.145593,1,2.06978,-1.86,0.395393,2.98092,-1.93976,0.272032,1,2.30653,-1.86,0.60004,3.23674,-1.98923,0.470992,1,2.68187,-1.86,0.135505,3.6092,-1.94404,-0.0446925,1,2.32969,-1.86,0.111661,3.26546,-2.00548,-0.0414145,1,3.14456,-1.86,0.128855,4.11822,-2.0395,-0.0335767,1,2.28163,-1.86,0.391421,3.24069,-2.05084,0.243148,1,3.29298,-1.86,0.576045,4.2962,-1.96859,0.436287,1,2.98528,-1.86,0.419927,3.96081,-1.98392,0.2789,1,3.59139,-1.86,0.474859,4.58767,-2.02829,0.33475,1,2.57065,-1.86,0.24937,3.5041,-2.02713,0.0808475,1,
1.90004,3.64938,-3.62351,0.230052,4.66048,-3.84533,0.0772867,2.61553,-1.86,0.685979,3.56454,-2.02675,0.544965,1,3.26103,-1.86,0.841441,4.24704,-1.99714,0.711412,1,3.2649,-1.86,0.45152,4.25506,-1.99331,0.299277,1,2.81288,-1.86,0.724197,3.77483,-2.01833,0.582214,1,2.43416,-1.86,0.793416,3.3979,-2.06837,0.644539,1,2.86022,-1.86,0.393355,3.82949,-2.03593,0.237004,1,3.1213,-1.86,0.791275,4.10335,-2.00104,0.678543,1,3.26464,-1.86,0.156518,4.25787,-1.98358,-0.0137708,1,2.61404,-1.86,0.378181,3.55431,-2.01777,0.224934,1,3.50956,-1.86,0.373899,4.52381,-1.97444,0.223367,1,2.93097,-1.86,0.865048,3.90159,-2.01693,0.735795,1,2.83252,-1.86,0.583953,3.79376,-1.99846,0.430412,1,2.83338,-1.86,0.231094,3.8018,-2.05261,0.0681955,1,3.59096,-1.86,0.788458,4.59933,-1.98362,0.658267,1,2.16693,-1.86,0.486175,3.09066,-1.95868,0.346457,1,3.21964,-1.86,0.701564,4.20823,-1.97681,0.571769,1,2.56358,-1.86,0.864335,3.52439,-2.05999,0.716106,1,2.96358,-1.86,0.552539,3.94478,-2.0033,0.412879,1,2.97747,-1.86,0.160515,3.94571,-2.02993,-0.00116326,1,2.44315,-1.86,0.623764,3.40704,-2.07362,0.468941,1,3.57852,-1.86,0.606245,4.58649,-1.98832,0.468572,1,2.4129,-1.86,0.235205,3.36141,-2.04179,0.0822386,1,2.13525,-1.86,0.87316,3.08582,-2.02037,0.744716,1,3.47408,-1.86,0.719398,4.47517,-1.98845,0.582725,1,2.409,-1.86,0.472793,3.36523,-2.0413,0.324029,1,2.31211,-1.86,0.876582,3.27053,-2.02882,0.752724,1,2.60201,-1.86,0.528433,3.55925,-2.04621,0.377269,1,2.73156,-1.86,0.466152,3.68708,-2.00877,0.311438,1,3.40505,-1.86,0.458475,4.40834,-1.96037,0.314101,1,2.98688,-1.86,0.683479,3.95981,-1.99275,0.548786,1,3.3458,-1.86,0.265764,4.33626,-1.99159,0.102975,1,3.11528,-1.86,0.429402,4.09515,-2.01237,0.275826,1,3.49654,-1.86,0.229636,4.49926,-1.9964,0.0713657,1,3.46176,-1.86,0.850824,4.46286,-1.99222,0.725468,1,2.23342,-1.86,0.261529,3.1726,-1.97697,0.0988645,1,3.09771,-1.86,0.241443,4.07759,-1.98098,0.0819258,1,2.69197,-1.86,0.828131,3.66047,-2.05068,0.683012,1,3.34448,-1.86,0.694461,4.32681,-2.0255,0.561228,1,2.70396,-1.86,0.265741,3.66406,-2.04607,0.10305,1,2.8404,-1.86,0.10536,3.80871,-2.01115,-0.0612815,1,2.11007,-1.86,0.684703,3.0569,-2.00309,0.547161,1,3.41674,-1.86,0.588869,4.42549,-1.97104,0.44509,1,2.25643,-1.86,0.729773,3.22197,-2.04216,0.591472,1,3.12645,-1.86,0.554272,4.08778,-1.87903,0.419038,1,3.57138,-1.86,0.108755,4.57766,-1.9926,-0.0654898,1,2.95131,-1.86,0.295933,3.92329,-2.00859,0.140101,1,2.14264,-1.86,0.178683,3.0972,-2.02015,0.015127,1,2.50027,-1.86,0.139005,3.45281,-2.05816,-0.0267507,1,3.40749,-1.86,0.092095,4.39947,-1.98778,-0.0856868,1,2.49517,-1.86,0.357401,3.44377,-2.04729,0.196117,1,3.22253,-1.86,0.302939,4.20402,-2.00428,0.143025,1,2.06978,-1.86,0.395393,2.98092,-1.93976,0.272032,1,2.30653,-1.86,0.60004,3.23674,-1.98923,0.470992,1,2.68187,-1.86,0.135505,3.60413,-1.94724,-0.0464193,1,2.32969,-1.86,0.111661,3.26546,-2.00548,-0.0414145,1,3.14456,-1.86,0.128855,4.11629,-2.03827,-0.0374869,1,2.28163,-1.86,0.391421,3.24069,-2.05084,0.243148,1,3.29298,-1.86,0.576045,4.29182,-1.96701,0.434659,1,2.98528,-1.86,0.419927,3.95469,-1.98405,0.276313,1,3.59139,-1.86,0.474859,4.58214,-2.02496,0.333417,1,2.57065,-1.86,0.24937,3.50011,-2.0317,0.0765943,1,
1.93338,3.64938,-3.62351,0.230052,4.68633,-3.84462,0.0766517,2.61553,-1.86,0.685979,3.58332,-2.04209,0.542077,1,3.26103,-1.86,0.841441,4.26026,-2.01278,0.710841,1,3.2649,-1.86,0.45152,4.26544,-2.00933,0.297523,1,2.81288,-1.86,0.724197,3.79647,-2.03329,0.578485,1,2.43416,-1.86,0.793416,3.41975,-2.08291,0.640186,1,2.86022,-1.86,0.393355,3.84941,-2.05093,0.235332,1,3.1213,-1.86,0.791275,4.11754,-2.01653,0.67638,1,3.26464,-1.86,0.156518,4.27134,-1.99906,-0.0138247,1,2.61404,-1.86,0.378181,3.57553,-2.03175,0.221502,1,3.50956,-1.86,0.373899,4.53588,-1.98855,0.222814,1,2.93097,-1.86,0.865048,3.91829,-2.03228,0.731301,1,2.83252,-1.86,0.583953,3.8119,-2.01505,0.428302,1,2.83338,-1.86,0.231094,3.8198,-2.06934,0.0687501,1,3.59096,-1.86,0.788458,4.61122,-1.99741,0.657323,1,2.16693,-1.86,0.486175,3.09066,-1.95868,0.346457,1,3.21964,-1.86,0.701564,4.22213,-1.99175,0.568907,1,2.56358,-1.86,0.864335,3.54282,-2.07494,0.711225,1,2.96358,-1.86,0.552539,3.96243,-2.01866,0.411101,1,2.97747,-1.86,0.160515,3.96455,-2.04628,0.00159734,1,2.44315,-1.86,0.623764,3.42825,-2.08378,0.467541,1,3.57852,-1.86,0.606245,4.59797,-2.00187,0.466121,1,2.4129,-1.86,0.235205,3.36141,-2.04179,0.0822386,1,2.13525,-1.86,0.87316,3.08582,-2.02037,0.744716,1,3.47408,-1.86,0.719398,4.48514,-2.00318,0.581821,1,2.409,-1.86,0.472793,3.36523,-2.0413,0.324029,1,2.31211,-1.86,0.876582,3.27053,-2.02882,0.752724,1,2.60201,-1.86,0.528433,3.57891,-2.06307,0.374866,1,2.73156,-1.86,0.466152,3.70651,-2.02393,0.309863,1,3.40505,-1.86,0.458475,4.41918,-1.97523,0.31229,1,2.98688,-1.86,0.683479,3.97613,-2.00863,0.545811,1,3.3458,-1.86,0.265764,4.3495,-2.0067,0.102651,1,3.11528,-1.86,0.429402,4.11055,-2.02832,0.274674,1,3.49654,-1.86,0.229636,4.51109,-2.01067,0.0703491,1,3.46176,-1.86,0.850824,4.4735,-2.00659,0.723391,1,2.23342,-1.86,0.261529,3.1726,-1.97697,0.0988645,1,3.09771,-1.86,0.241443,4.09418,-1.99681,0.0815973,1,2.69197,-1.86,0.828131,3.67615,-2.06599,0.679387,1,3.34448,-1.86,0.694461,4.34105,-2.03974,0.557796,1,2.70396,-1.86,0.265741,3.68154,-2.06001,0.10244,1,2.8404,-1.86,0.10536,3.82654,-2.02723,-0.058972,1,2.11007,-1.86,0.684703,3.0569,-2.00309,0.547161,1,3.41674,-1.86,0.588869,4.43669,-1.98545,0.442484,1,2.25643,-1.86,0.729773,3.22197,-2.04216,0.591472,1,3.12645,-1.86,0.554272,4.09892,-1.89608,0.417263,1,3.57138,-1.86,0.108755,4.58955,-2.00635,-0.0645113,1,2.95131,-1.86,0.295933,3.94327,-2.02502,0.140252,1,2.14264,-1.86,0.178683,3.0972,-2.02015,0.015127,1,2.50027,-1.86,0.139005,3.47702,-2.07439,-0.0280366,1,3.40749,-1.86,0.092095,4.41376,-2.00219,-0.0840633,1,2.49517,-1.86,0.357401,3.46549,-2.06282,0.197667,1,3.22253,-1.86,0.302939,4.21531,-2.0209,0.142423,1,2.06978,-1.86,0.395393,2.98092,-1.93976,0.272032,1,2.30653,-1.86,0.60004,3.23674,-1.98923,0.470992,1,2.68187,-1.86,0.135505,3.62302,-1.96378,-0.0448626,1,2.32969,-1.86,0.111661,3.26546,-2.00548,-0.0414145,1,3.14456,-1.86,0.128855,4.12879,-2.0534,-0.035132,1,2.28163,-1.86,0.391421,3.24069,-2.05084,0.243148,1,3.29298,-1.86,0.576045,4.30472,-1.98191,0.431805,1,2.98528,-1.86,0.419927,3.96969,-2.00106,0.274637,1,3.59139,-1.86,0.474859,4.59368,-2.03883,0.331849,1,2.57065,-1.86,0.24937,3.52477,-2.04608,0.0761667,1,
1.96671,3.67523,-3.623,0.229701,4.70153,-3.84384,0.0762914,2.61553,-1.86,0.685979,3.58192,-2.03769,0.544529,1,3.26103,-1.86,0.841441,4.25964,-2.00883,0.709917,1,3.2649,-1.86,0.45152,4.26443,-2.00619,0.299293,1,2.81288,-1.86,0.724197,3.79336,-2.02578,0.581229,1,2.43416,-1.86,0.793416,3.41975,-2.08291,0.640186,1,2.86022,-1.86,0.393355,3.84609,-2.046,0.238771,1,3.1213,-1.86,0.791275,4.11535,-2.01354,0.679183,1,3.26464,-1.86,0.156518,4.26886,-1.99588,-0.0112962,1,2.61404,-1.86,0.378181,3.57161,-2.02513,0.226614,1,3.50956,-1.86,0.373899,4.53636,-1.98662,0.223878,1,2.93097,-1.86,0.865048,3.91758,-2.02754,0.73433,1,2.83252,-1.86,0.583953,3.81118,-2.00936,0.431384,1,2.83338,-1.86,0.231094,3.81967,-2.06346,0.0693549,1,3.59096,-1.86,0.788458,4.61189,-1.99648,0.659631,1,2.16693,-1.86,0.486175,3.09066,-1.95868,0.346457,1,3.21964,-1.86,0.701564,4.22259,-1.98826,0.571163,1,2.56358,-1.86,0.864335,3.54399,-2.06902,0.71559,1,2.96358,-1.86,0.552539,3.96178,-2.01374,0.413321,1,2.97747,-1.86,0.160515,3.96277,-2.03944,0.0031369,1,2.44315,-1.86,0.623764,3.42825,-2.08378,0.467541,1,3.57852,-1.86,0.606245,4.59869,-1.99995,0.464997,1,2.4129,-1.86,0.235205,3.36141,-2.04179,0.0822386,1,2.13525,-1.86,0.87316,3.08582,-2.02037,0.744716,1,3.47408,-1.86,0.719398,4.48686,-2.00053,0.581811,1,2.409,-1.86,0.472793,3.36523,-2.0413,0.324029,1,2.31211,-1.86,0.876582,3.27053,-2.02882,0.752724,1,2.60201,-1.86,0.528433,3.57852,-2.05737,0.378416,1,2.73156,-1.86,0.466152,3.70417,-2.01716,0.312127,1,3.40505,-1.86,0.458475,4.41819,-1.97261,0.313221,1,2.98688,-1.86,0.683479,3.97681,-2.00345,0.548412,1,3.3458,-1.86,0.265764,4.34893,-2.00366,0.10403,1,3.11528,-1.86,0.429402,4.10865,-2.02432,0.27596,1,3.49654,-1.86,0.229636,4.51122,-2.00855,0.0718878,1,3.46176,-1.86,0.850824,4.47312,-2.00524,0.726625,1,2.23342,-1.86,0.261529,3.1726,-1.97697,0.0988645,1,3.09771,-1.86,0.241443,4.09203,-1.99235,0.0836541,1,2.69197,-1.86,0.828131,3.67841,-2.06232,0.682098,1,3.34448,-1.86,0.694461,4.3424,-2.03659,0.559234,1,2.70396,-1.86,0.265741,3.68111,-2.05463,0.103778,1,2.8404,-1.86,0.10536,3.82566,-2.02127,-0.0587893,1,2.11007,-1.86,0.684703,3.0569,-2.00309,0.547161,1,3.41674,-1.86,0.588869,4.43834,-1.98277,0.443628,1,2.25643,-1.86,0.729773,3.22197,-2.04216,0.591472,1,3.12645,-1.86,0.554272,4.09802,-1.89292,0.421667,1,3.57138,-1.86,0.108755,4.59289,-2.00454,-0.064437,1,2.95131,-1.86,0.295933,3.94184,-2.01756,0.141428,1,2.14264,-1.86,0.178683,3.0972,-2.02015,0.015127,1,2.50027,-1.86,0.139005,3.47168,-2.06577,-0.0252704,1,3.40749,-1.86,0.092095,4.41698,-1.99879,-0.0823805,1,2.49517,-1.86,0.357401,3.46325,-2.05673,0.20003,1,3.22253,-1.86,0.302939,4.21829,-2.01663,0.144981,1,2.06978,-1.86,0.395393,2.98092,-1.93976,0.272032,1,2.30653,-1.86,0.60004,3.23674,-1.98923,0.470992,1,2.68187,-1.86,0.135505,3.62116,-1.9569,-0.0446543,1,2.32969,-1.86,0.111661,3.26546,-2.00548,-0.0414145,1,3.14456,-1.86,0.128855,4.12947,-2.04941,-0.0347686,1,2.28163,-1.86,0.391421,3.24069,-2.05084,0.243148,1,3.29298,-1.86,0.576045,4.30257,-1.9794,0.433907,1,2.98528,-1.86,0.419927,3.97062,-1.99586,0.277645,1,3.59139,-1.86,0.474859,4.5943,-2.03729,0.333046,1,2.57065,-1.86,0.24937,3.51954,-2.03713,0.0781603,1,
2.00004,3.67523,-3.623,0.229701,4.71145,-3.84394,0.0760345,2.61553,-1.86,0.685979,3.58128,-2.03971,0.543303,1,3.26103,-1.86,0.841441,4.25638,-2.00766,0.710652,1,3.2649,-1.86,0.45152,4.25998,-2.00463,0.300524,1,2.81288,-1.86,0.724197,3.79179,-2.02898,0.581135,1,2.43416,-1.86,0.793416,3.41975,-2.08291,0.640186,1,2.86022,-1.86,0.393355,3.84347,-2.04974,0.237757,1,3.1213,-1.86,0.791275,4.1121,-2.01347,0.680079,1,3.26464,-1.86,0.156518,4.26383,-1.99477,-0.0102108,1,2.61404,-1.86,0.378181,3.57148,-2.02966,0.22777,1,3.50956,-1.86,0.373899,4.5323,-1.98385,0.225577,1,2.93097,-1.86,0.865048,3.91479,-2.02852,0.734813,1,2.83252,-1.86,0.583953,3.80584,-2.01245,0.431705,1,2.83338,-1.86,0.231094,3.81707,-2.06443,0.0703037,1,3.59096,-1.86,0.788458,4.60958,-1.99436,0.663695,1,2.16693,-1.86,0.486175,3.09066,-1.95868,0.346457,1,3.21964,-1.86,0.701564,4.21917,-1.98739,0.572271,1,2.56358,-1.86,0.864335,3.54112,-2.06991,0.714492,1,2.96358,-1.86,0.552539,3.95906,-2.01496,0.413893,1,2.97747,-1.86,0.160515,3.96024,-2.04037,0.00416063,1,2.44315,-1.86,0.623764,3.42825,-2.08378,0.467541,1,3.57852,-1.86,0.606245,4.59372,-1.99694,0.465692,1,2.4129,-1.86,0.235205,3.36141,-2.04179,0.0822386,1,2.13525,-1.86,0.87316,3.08582,-2.02037,0.744716,1,3.47408,-1.86,0.719398,4.48279,-1.99805,0.582379,1,2.409,-1.86,0.472793,3.36523,-2.0413,0.324029,1,2.31211,-1.86,0.876582,3.27053,-2.02882,0.752724,1,2.60201,-1.86,0.528433,3.5767,-2.05984,0.378107,1,2.73156,-1.86,0.466152,3.70059,-2.0212,0.315374,1,3.40505,-1.86,0.458475,4.41465,-1.97021,0.314344,1,2.98688,-1.86,0.683479,3.97311,-2.00395,0.548449,1,3.3458,-1.86,0.265764,4.34469,-2.00181,0.10548,1,3.11528,-1.86,0.429402,4.10578,-2.02409,0.276287,1,3.49654,-1.86,0.229636,4.51091,-2.00534,0.0719452,1,3.46176,-1.86,0.850824,4.46969,-2.00314,0.728335,1,2.23342,-1.86,0.261529,3.1726,-1.97697,0.0988645,1,3.09771,-1.86,0.241443,4.08883,-1.99251,0.0830452,1,2.69197,-1.86,0.828131,3.67557,-2.06293,0.682661,1,3.34448,-1.86,0.694461,4.33828,-2.03542,0.561117,1,2.70396,-1.86,0.265741,3.6777,-2.05658,0.10363,1,2.8404,-1.86,0.10536,3.82296,-2.0226,-0.060025,1,2.11007,-1.86,0.684703,3.0569,-2.00309,0.547161,1,3.41674,-1.86,0.588869,4.43423,-1.98079,0.44559,1,2.25643,-1.86,0.729773,3.22197,-2.04216,0.591472,1,3.12645,-1.86,0.554272,4.09148,-1.89257,0.421681,1,3.57138,-1.86,0.108755,4.58781,-2.00141,-0.0640802,1,2.95131,-1.86,0.295933,3.93849,-2.01927,0.142313,1,2.14264,-1.86,0.178683,3.0972,-2.02015,0.015127,1,2.50027,-1.86,0.139005,3.47387,-2.07051,-0.0249512,1,3.40749,-1.86,0.092095,4.41341,-1.99652,-0.0819067,1,2.49517,-1.86,0.357401,3.46338,-2.06086,0.198771,1,3.22253,-1.86,0.302939,4.21561,-2.01458,0.144736,1,2.06978,-1.86,0.395393,2.98092,-1.93976,0.272032,1,2.30653,-1.86,0.60004,3.23674,-1.98923,0.470992,1,2.68187,-1.86,0.135505,3.62008,-1.95794,-0.0438467,1,2.32969,-1.86,0.111661,3.26546,-2.00548,-0.0414145,1,3.14456,-1.86,0.128855,4.12475,-2.04859,-0.0336866,1,2.28163,-1.86,0.391421,3.24069,-2.05084,0.243148,1,3.29298,-1.86,0.576045,4.2984,-1.97824,0.435602,1,2.98528,-1.86,0.419927,3.96662,-1.99563,0.27779,1,3.59139,-1.86,0.474859,4.5916,-2.03426,0.334934,1,2.57065,-1.86,0.24937,3.51992,-2.04348,0.0782517,1,
2.03338,3.70041,-3.62245,0.229343,4.72652,-3.84316,0.0756771,2.61553,-1.86,0.685979,3.5743,-2.02945,0.545496,1,3.26103,-1.86,0.841441,4.25392,-1.99872,0.713925,1,3.2649,-1.86,0.45152,4.25867,-1.99414,0.299757,1,2.81288,-1.86,0.724197,3.78713,-2.01832,0.58298,1,2.43416,-1.86,0.793416,3.41975,-2.08291,0.640186,1,2.86022,-1.86,0.393355,3.83721,-2.0395,0.236343,1,3.1213,-1.86,0.791275,4.10862,-2.00324,0.682085,1,3.26464,-1.86,0.156518,4.2622,-1.98479,-0.0145261,1,2.61404,-1.86,0.378181,3.56592,-2.01712,0.228751,1,3.50956,-1.86,0.373899,4.53171,-1.97471,0.224631,1,2.93097,-1.86,0.865048,3.91037,-2.01875,0.736988,1,2.83252,-1.86,0.583953,3.80134,-2.00362,0.432052,1,2.83338,-1.86,0.231094,3.81245,-2.05445,0.0692062,1,3.59096,-1.86,0.788458,4.6092,-1.98543,0.66352,1,2.16693,-1.86,0.486175,3.09066,-1.95868,0.346457,1,3.21964,-1.86,0.701564,4.21649,-1.97777,0.573461,1,2.56358,-1.86,0.864335,3.53664,-2.06032,0.716303,1,2.96358,-1.86,0.552539,3.956,-2.00452,0.414416,1,2.97747,-1.86,0.160515,3.95731,-2.02936,0.00129158,1,2.44315,-1.86,0.623764,3.42825,-2.08378,0.467541,1,3.57852,-1.86,0.606245,4.59305,-1.98812,0.466199,1,2.4129,-1.86,0.235205,3.36141,-2.04179,0.0822386,1,2.13525,-1.86,0.87316,3.08582,-2.02037,0.744716,1,3.47408,-1.86,0.719398,4.48226,-1.9891,0.584128,1,2.409,-1.86,0.472793,3.36523,-2.0413,0.324029,1,2.31211,-1.86,0.876582,3.27053,-2.02882,0.752724,1,2.60201,-1.86,0.528433,3.57024,-2.0505,0.379617,1,2.73156,-1.86,0.466152,3.6965,-2.01157,0.315237,1,3.40505,-1.86,0.458475,4.41301,-1.9606,0.314195,1,2.98688,-1.86,0.683479,3.96976,-1.9942,0.550242,1,3.3458,-1.86,0.265764,4.34188,-1.99226,0.103706,1,3.11528,-1.86,0.429402,4.1016,-2.01378,0.276423,1,3.49654,-1.86,0.229636,4.50744,-1.99667,0.0715222,1,3.46176,-1.86,0.850824,4.47166,-1.99305,0.72758,1,2.23342,-1.86,0.261529,3.1726,-1.97697,0.0988645,1,3.09771,-1.86,0.241443,4.08517,-1.98202,0.0817279,1,2.69197,-1.86,0.828131,3.6717,-2.05296,0.682379,1,3.34448,-1.86,0.694461,4.33624,-2.02612,0.56227,1,2.70396,-1.86,0.265741,3.6734,-2.04663,0.103989,1,2.8404,-1.86,0.10536,3.81851,-2.01234,-0.0614724,1,2.11007,-1.86,0.684703,3.0569,-2.00309,0.547161,1,3.41674,-1.86,0.588869,4.43343,-1.97152,0.446721,1,2.25643,-1.86,0.729773,3.22197,-2.04216,0.591472,1,3.12645,-1.86,0.554272,4.08928,-1.88149,0.422151,1,3.57138,-1.86,0.108755,4.58753,-1.99262,-0.0645516,1,2.95131,-1.86,0.295933,3.93468,-2.009,0.140649,1,2.14264,-1.86,0.178683,3.0972,-2.02015,0.015127,1,2.50027,-1.86,0.139005,3.46707,-2.05663,-0.0234593,1,3.40749,-1.86,0.092095,4.40966,-1.98781,-0.0845292,1,2.49517,-1.86,0.357401,3.45561,-2.05051,0.19824,1,3.22253,-1.86,0.302939,4.214,-2.00458,0.14435,1,2.06978,-1.86,0.395393,2.98092,-1.93976,0.272032,1,2.30653,-1.86,0.60004,3.23674,-1.98923,0.470992,1,2.68187,-1.86,0.135505,3.61404,-1.94652,-0.0466761,1,2.32969,-1.86,0.111661,3.26546,-2.00548,-0.0414145,1,3.14456,-1.86,0.128855,4.12099,-2.03911,-0.0353285,1,2.28163,-1.86,0.391421,3.24069,-2.05084,0.243148,1,3.29298,-1.86,0.576045,4.29679,-1.96836,0.436797,1,2.98528,-1.86,0.419927,3.96307,-1.98543,0.278201,1,3.59139,-1.86,0.474859,4.59221,-2.02527,0.334858,1,2.57065,-1.86,0.24937,3.51265,-2.03272,0.0769251,1,
2.06671,3.70982,-3.62227,0.228885,4.73585,-3.84302,0.0754438,2.61553,-1.86,0.685979,3.57852,-2.04376,0.54346,1,3.26103,-1.86,0.841441,4.2521,-2.00776,0.712368,1,3.2649,-1.86,0.45152,4.2583,-2.00291,0.300805,1,2.81288,-1.86,0.724197,3.79081,-2.02981,0.581033,1,2.43416,-1.86,0.793416,3.41975,-2.08291,0.640186,1,2.86022,-1.86,0.393355,3.84059,-2.05165,0.239566,1,3.1213,-1.86,0.791275,4.10902,-2.0122,0.678557,1,3.26464,-1.86,0.156518,4.26044,-1.99357,-0.0133577,1,2.61404,-1.86,0.378181,3.56954,-2.02984,0.224253,1,3.50956,-1.86,0.373899,4.52804,-1.98161,0.224877,1,2.93097,-1.86,0.865048,3.91119,-2.02938,0.732581,1,2.83252,-1.86,0.583953,3.80397,-2.01385,0.43081,1,2.83338,-1.86,0.231094,3.8143,-2.06672,0.0704436,1,3.59096,-1.86,0.788458,4.60527,-1.9909,0.660993,1,2.16693,-1.86,0.486175,3.09066,-1.95868,0.346457,1,3.21964,-1.86,0.701564,4.21501,-1.9868,0.570528,1,2.56358,-1.86,0.864335,3.54085,-2.07268,0.714005,1,2.96358,-1.86,0.552539,3.9574,-2.01583,0.41571,1,2.97747,-1.86,0.160515,3.95756,-2.04065,0.000326894,1,2.44315,-1.86,0.623764,3.42825,-2.08378,0.467541,1,3.57852,-1.86,0.606245,4.58991,-1.99414,0.46485,1,2.4129,-1.86,0.235205,3.36141,-2.04179,0.0822386,1,2.13525,-1.86,0.87316,3.08582,-2.02037,0.744716,1,3.47408,-1.86,0.719398,4.47892,-1.997,0.585579,1,2.409,-1.86,0.472793,3.36523,-2.0413,0.324029,1,2.31211,-1.86,0.876582,3.27053,-2.02882,0.752724,1,2.60201,-1.86,0.528433,3.575,-2.06392,0.377481,1,2.73156,-1.86,0.466152,3.69649,-2.02323,0.31181,1,3.40505,-1.86,0.458475,4.41048,-1.96871,0.315358,1,2.98688,-1.86,0.683479,3.97017,-2.0048,0.546961,1,3.3458,-1.86,0.265764,4.34228,-2.00023,0.103916,1,3.11528,-1.86,0.429402,4.10413,-2.02342,0.277091,1,3.49654,-1.86,0.229636,4.50622,-2.00341,0.0715519,1,3.46176,-1.86,0.850824,4.46828,-2.00045,0.726411,1,2.23342,-1.86,0.261529,3.1726,-1.97697,0.0988645,1,3.09771,-1.86,0.241443,4.08608,-1.9921,0.0837839,1,2.69197,-1.86,0.828131,3.67457,-2.06445,0.67719,1,3.34448,-1.86,0.694461,4.33131,-2.03516,0.561068,1,2.70396,-1.86,0.265741,3.67714,-2.05774,0.104752,1,2.8404,-1.86,0.10536,3.82044,-2.02416,-0.0598261,1,2.11007,-1.86,0.684703,3.0569,-2.00309,0.547161,1,3.41674,-1.86,0.588869,4.43123,-1.97915,0.446154,1,2.25643,-1.86,0.729773,3.22197,-2.04216,0.591472,1,3.12645,-1.86,0.554272,4.0892,-1.89063,0.420363,1,3.57138,-1.86,0.108755,4.58363,-1.99877,-0.063261,1,2.95131,-1.86,0.295933,3.93437,-2.02097,0.142445,1,2.14264,-1.86,0.178683,3.0972,-2.02015,0.015127,1,2.50027,-1.86,0.139005,3.47244,-2.0717,-0.0248153,1,3.40749,-1.86,0.092095,4.40703,-1.99573,-0.0844614,1,2.49517,-1.86,0.357401,3.46184,-2.06535,0.196424,1,3.22253,-1.86,0.302939,4.21054,-2.01493,0.144139,1,2.06978,-1.86,0.395393,2.98092,-1.93976,0.272032,1,2.30653,-1.86,0.60004,3.23674,-1.98923,0.470992,1,2.68187,-1.86,0.135505,3.6192,-1.95935,-0.0450771,1,2.32969,-1.86,0.111661,3.26546,-2.00548,-0.0414145,1,3.14456,-1.86,0.128855,4.12203,-2.04853,-0.0342836,1,2.28163,-1.86,0.391421,3.24069,-2.05084,0.243148,1,3.29298,-1.86,0.576045,4.29502,-1.97691,0.435568,1,2.98528,-1.86,0.419927,3.96481,-1.99589,0.276448,1,3.59139,-1.86,0.474859,4.59201,-2.03109,0.332948,1,2.57065,-1.86,0.24937,3.51843,-2.047,0.0790196,1,
2.10005,3.70982,-3.62227,0.228885,4.74542,-3.84279,0.0752075,2.61553,-1.86,0.685979,3.57288,-2.03569,0.543833,1,3.26103,-1.86,0.841441,4.24892,-2.00561,0.713347,1,3.2649,-1.86,0.45152,4.25429,-2.00084,0.301168,1,2.81288,-1.86,0.724197,3.78516,-2.02399,0.583249,1,2.43416,-1.86,0.793416,3.41975,-2.08291,0.640186,1,2.86022,-1.86,0.393355,3.83412,-2.04485,0.238485,1,3.1213,-1.86,0.791275,4.10566,-2.0085,0.679862,1,3.26464,-1.86,0.156518,4.25642,-1.99143,-0.0133945,1,2.61404,-1.86,0.378181,3.5639,-2.02316,0.224153,1,3.50956,-1.86,0.373899,4.52479,-1.9814,0.224228,1,2.93097,-1.86,0.865048,3.90688,-2.02452,0.734399,1,2.83252,-1.86,0.583953,3.79841,-2.00702,0.432186,1,2.83338,-1.86,0.231094,3.8085,-2.06166,0.0701301,1,3.59096,-1.86,0.788458,4.60235,-1.98966,0.656106,1,2.16693,-1.86,0.486175,3.09066,-1.95868,0.346457,1,3.21964,-1.86,0.701564,4.21162,-1.98446,0.571956,1,2.56358,-1.86,0.864335,3.53551,-2.06523,0.714892,1,2.96358,-1.86,0.552539,3.95407,-2.01132,0.417269,1,2.97747,-1.86,0.160515,3.95386,-2.03637,0.000118494,1,2.44315,-1.86,0.623764,3.42825,-2.08378,0.467541,1,3.57852,-1.86,0.606245,4.58766,-1.99411,0.463978,1,2.4129,-1.86,0.235205,3.36141,-2.04179,0.0822386,1,2.13525,-1.86,0.87316,3.08582,-2.02037,0.744716,1,3.47408,-1.86,0.719398,4.47656,-1.99626,0.585394,1,2.409,-1.86,0.472793,3.36523,-2.0413,0.324029,1,2.31211,-1.86,0.876582,3.27053,-2.02882,0.752724,1,2.60201,-1.86,0.528433,3.56911,-2.05561,0.37928,1,2.73156,-1.86,0.466152,3.69131,-2.01842,0.312024,1,3.40505,-1.86,0.458475,4.40749,-1.9674,0.313563,1,2.98688,-1.86,0.683479,3.96626,-2.00041,0.548151,1,3.3458,-1.86,0.265764,4.33574,-1.99925,0.101861,1,3.11528,-1.86,0.429402,4.09787,-2.01993,0.276741,1,3.49654,-1.86,0.229636,4.50222,-2.00328,0.0709346,1,3.46176,-1.86,0.850824,4.46389,-1.99955,0.72523,1,2.23342,-1.86,0.261529,3.1726,-1.97697,0.0988645,1,3.09771,-1.86,0.241443,4.08132,-1.98842,0.0838826,1,2.69197,-1.86,0.828131,3.66893,-2.05959,0.681035,1,3.34448,-1.86,0.694461,4.32936,-2.03316,0.561015,1,2.70396,-1.86,0.265741,3.67153,-2.05073,0.105949,1,2.8404,-1.86,0.10536,3.81548,-2.01854,-0.0601872,1,2.11007,-1.86,0.684703,3.0569,-2.00309,0.547161,1,3.41674,-1.86,0.588869,4.42972,-1.97819,0.447102,1,2.25643,-1.86,0.729773,3.22197,-2.04216,0.591472,1,3.12645,-1.86,0.554272,4.08338,-1.88764,0.42112,1,3.57138,-1.86,0.108755,4.57699,-1.99948,-0.0646463,1,2.95131,-1.86,0.295933,3.92958,-2.01683,0.142001,1,2.14264,-1.86,0.178683,3.0972,-2.02015,0.015127,1,2.50027,-1.86,0.139005,3.47244,-2.0717,-0.0248153,1,3.40749,-1.86,0.092095,4.40339,-1.99473,-0.0845016,1,2.49517,-1.86,0.357401,3.46184,-2.06535,0.196424,1,3.22253,-1.86,0.302939,4.20649,-2.01296,0.144301,1,2.06978,-1.86,0.395393,2.98092,-1.93976,0.272032,1,2.30653,-1.86,0.60004,3.23674,-1.98923,0.470992,1,2.68187,-1.86,0.135505,3.61121,-1.95275,-0.0446984,1,2.32969,-1.86,0.111661,3.26546,-2.00548,-0.0414145,1,3.14456,-1.86,0.128855,4.11936,-2.04421,-0.0343448,1,2.28163,-1.86,0.391421,3.24069,-2.05084,0.243148,1,3.29298,-1.86,0.576045,4.29247,-1.97481,0.436055,1,2.98528,-1.86,0.419927,3.95949,-1.99145,0.277027,1,3.59139,-1.86,0.474859,4.5904,-2.03104,0.331085,1,2.57065,-1.86,0.24937,3.51061,-2.03904,0.0830717,1,
2.13338,3.70982,-3.62227,0.228885,4.76055,-3.84202,0.0748485,2.61553,-1.86,0.685979,3.57236,-2.03455,0.543251,1,3.26103,-1.86,0.841441,4.25137,-2.00398,0.715883,1,3.2649,-1.86,0.45152,4.25684,-1.99848,0.300108,1,2.81288,-1.86,0.724197,3.78461,-2.02406,0.58282,1,2.43416,-1.86,0.793416,3.41975,-2.08291,0.640186,1,2.86022,-1.86,0.393355,3.83504,-2.04329,0.240114,1,3.1213,-1.86,0.791275,4.1063,-2.00671,0.679988,1,3.26464,-1.86,0.156518,4.25594,-1.98979,-0.0134731,1,2.61404,-1.86,0.378181,3.56437,-2.02186,0.224224,1,3.50956,-1.86,0.373899,4.52427,-1.97994,0.223593,1,2.93097,-1.86,0.865048,3.90605,-2.02286,0.733631,1,2.83252,-1.86,0.583953,3.79838,-2.00573,0.431729,1,2.83338,-1.86,0.231094,3.80828,-2.06059,0.0700573,1,3.59096,-1.86,0.788458,4.60226,-1.98941,0.659653,1,2.16693,-1.86,0.486175,3.09066,-1.95868,0.346457,1,3.21964,-1.86,0.701564,4.21112,-1.98288,0.57238,1,2.56358,-1.86,0.864335,3.53631,-2.06442,0.714698,1,2.96358,-1.86,0.552539,3.95338,-2.00989,0.416175,1,2.97747,-1.86,0.160515,3.95353,-2.03458,0.00140669,1,2.44315,-1.86,0.623764,3.42825,-2.08378,0.467541,1,3.57852,-1.86,0.606245,4.5842,-1.99277,0.46243,1,2.4129,-1.86,0.235205,3.36141,-2.04179,0.0822386,1,2.13525,-1.86,0.87316,3.08582,-2.02037,0.744716,1,3.47408,-1.86,0.719398,4.47835,-1.99459,0.585912,1,2.409,-1.86,0.472793,3.36523,-2.0413,0.324029,1,2.31211,-1.86,0.876582,3.27053,-2.02882,0.752724,1,2.60201,-1.86,0.528433,3.57024,-2.054,0.379173,1,2.73156,-1.86,0.466152,3.68861,-2.01684,0.314289,1,3.40505,-1.86,0.458475,4.40718,-1.96584,0.313762,1,2.98688,-1.86,0.683479,3.96432,-1.99923,0.547128,1,3.3458,-1.86,0.265764,4.33537,-1.99785,0.100541,1,3.11528,-1.86,0.429402,4.09765,-2.01929,0.277589,1,3.49654,-1.86,0.229636,4.50141,-2.00189,0.070568,1,3.46176,-1.86,0.850824,4.46428,-1.99843,0.726785,1,2.23342,-1.86,0.261529,3.1726,-1.97697,0.0988645,1,3.09771,-1.86,0.241443,4.07935,-1.98773,0.0848373,1,2.69197,-1.86,0.828131,3.66713,-2.06022,0.681335,1,3.34448,-1.86,0.694461,4.33265,-2.02976,0.558979,1,2.70396,-1.86,0.265741,3.67204,-2.05015,0.101954,1,2.8404,-1.86,0.10536,3.8149,-2.01751,-0.0602634,1,2.11007,-1.86,0.684703,3.0569,-2.00309,0.547161,1,3.41674,-1.86,0.588869,4.42945,-1.9768,0.44738,1,2.25643,-1.86,0.729773,3.22197,-2.04216,0.591472,1,3.12645,-1.86,0.554272,4.08562,-1.88531,0.421062,1,3.57138,-1.86,0.108755,4.57751,-1.9979,-0.0641176,1,2.95131,-1.86,0.295933,3.92806,-2.01524,0.142622,1,2.14264,-1.86,0.178683,3.0972,-2.02015,0.015127,1,2.50027,-1.86,0.139005,3.47244,-2.0717,-0.0248153,1,3.40749,-1.86,0.092095,4.40436,-1.99288,-0.0846869,1,2.49517,-1.86,0.357401,3.46184,-2.06535,0.196424,1,3.22253,-1.86,0.302939,4.20711,-2.01067,0.144355,1,2.06978,-1.86,0.395393,2.98092,-1.93976,0.272032,1,2.30653,-1.86,0.60004,3.23674,-1.98923,0.470992,1,2.68187,-1.86,0.135505,3.61234,-1.95352,-0.045358,1,2.32969,-1.86,0.111661,3.26546,-2.00548,-0.0414145,1,3.14456,-1.86,0.128855,4.11764,-2.04329,-0.0345179,1,2.28163,-1.86,0.391421,3.24069,-2.05084,0.243148,1,3.29298,-1.86,0.576045,4.29051,-1.97367,0.436663,1,2.98528,-1.86,0.419927,3.9591,-1.99064,0.277116,1,3.59139,-1.86,0.474859,4.59094,-2.02972,0.331292,1,2.57065,-1.86,0.24937,3.51053,-2.04111,0.0814404,1,
2.16671,3.7548,-3.62126,0.228593,4.78679,-3.84133,0.0742026,2.61553,-1.86,0.685979,3.57582,-2.02499,0.544633,1,3.26103,-1.86,0.841441,4.25866,-1.99278,0.719309,1,3.2649,-1.86,0.45152,4.26549,-1.98598,0.301984,1,2.81288,-1.86,0.724197,3.78978,-2.01277,0.58118,1,2.43416,-1.86,0.793416,3.41975,-2.08291,0.640186,1,2.86022,-1.86,0.393355,3.84028,-2.03098,0.23958,1,3.1213,-1.86,0.791275,4.11453,-1.9948,0.682281,1,3.26464,-1.86,0.156518,4.26495,-1.97696,-0.0146136,1,2.61404,-1.86,0.378181,3.56661,-2.01206,0.224336,1,3.50956,-1.86,0.373899,4.53304,-1.96737,0.224339,1,2.93097,-1.86,0.865048,3.91196,-2.01233,0.736303,1,2.83252,-1.86,0.583953,3.80676,-1.99275,0.432796,1,2.83338,-1.86,0.231094,3.81471,-2.04841,0.0684108,1,3.59096,-1.86,0.788458,4.61124,-1.97783,0.663077,1,2.16693,-1.86,0.486175,3.09066,-1.95868,0.346457,1,3.21964,-1.86,0.701564,4.2195,-1.97045,0.573232,1,2.56358,-1.86,0.864335,3.53906,-2.0556,0.715961,1,2.96358,-1.86,0.552539,3.95938,-1.99893,0.417184,1,2.97747,-1.86,0.160515,3.9599,-2.02311,-0.000636958,1,2.44315,-1.86,0.623764,3.42825,-2.08378,0.467541,1,3.57852,-1.86,0.606245,4.59527,-1.98063,0.466388,1,2.4129,-1.86,0.235205,3.36141,-2.04179,0.0822386,1,2.13525,-1.86,0.87316,3.08582,-2.02037,0.744716,1,3.47408,-1.86,0.719398,4.48493,-1.98288,0.588056,1,2.409,-1.86,0.472793,3.36523,-2.0413,0.324029,1,2.31211,-1.86,0.876582,3.27053,-2.02882,0.752724,1,2.60201,-1.86,0.528433,3.57259,-2.04386,0.377879,1,2.73156,-1.86,0.466152,3.69166,-2.00734,0.311558,1,3.40505,-1.86,0.458475,4.41693,-1.95309,0.31575,1,2.98688,-1.86,0.683479,3.9693,-1.98893,0.548744,1,3.3458,-1.86,0.265764,4.34303,-1.98501,0.103464,1,3.11528,-1.86,0.429402,4.101,-2.00804,0.276852,1,3.49654,-1.86,0.229636,4.51169,-1.98905,0.0706451,1,3.46176,-1.86,0.850824,4.4704,-1.98677,0.728864,1,2.23342,-1.86,0.261529,3.1726,-1.97697,0.0988645,1,3.09771,-1.86,0.241443,4.08585,-1.97599,0.087078,1,2.69197,-1.86,0.828131,3.67209,-2.05154,0.683924,1,3.34448,-1.86,0.694461,4.34113,-2.0177,0.560509,1,2.70396,-1.86,0.265741,3.67729,-2.03949,0.10051,1,2.8404,-1.86,0.10536,3.82124,-2.00605,-0.0620133,1,2.11007,-1.86,0.684703,3.0569,-2.00309,0.547161,1,3.41674,-1.86,0.588869,4.43785,-1.9643,0.447518,1,2.25643,-1.86,0.729773,3.22197,-2.04216,0.591472,1,3.12645,-1.86,0.554272,4.09049,-1.87262,0.422299,1,3.57138,-1.86,0.108755,4.58757,-1.98528,-0.065358,1,2.95131,-1.86,0.295933,3.9354,-2.00295,0.139743,1,2.14264,-1.86,0.178683,3.0972,-2.02015,0.015127,1,2.50027,-1.86,0.139005,3.47244,-2.0717,-0.0248153,1,3.40749,-1.86,0.092095,4.41194,-1.98044,-0.0860053,1,2.49517,-1.86,0.357401,3.46184,-2.06535,0.196424,1,3.22253,-1.86,0.302939,4.21338,-1.99829,0.143222,1,2.06978,-1.86,0.395393,2.98092,-1.93976,0.272032,1,2.30653,-1.86,0.60004,3.23674,-1.98923,0.470992,1,2.68187,-1.86,0.135505,3.61662,-1.94123,-0.0477445,1,2.32969,-1.86,0.111661,3.26546,-2.00548,-0.0414145,1,3.14456,-1.86,0.128855,4.12438,-2.0318,-0.0356375,1,2.28163,-1.86,0.391421,3.24069,-2.05084,0.243148,1,3.29298,-1.86,0.576045,4.29949,-1.96076,0.435192,1,2.98528,-1.86,0.419927,3.96211,-1.98007,0.277657,1,3.59139,-1.86,0.474859,4.60041,-2.01726,0.332122,1,2.57065,-1.86,0.24937,3.5133,-2.02997,0.0799105,1,
2.20005,3.78089,-3.62068,0.228263,4.80188,-3.84055,0.0738451,2.61553,-1.86,0.685979,3.59154,-2.04334,0.540815,1,3.26103,-1.86,0.841441,4.25971,-1.99958,0.713602,1,3.2649,-1.86,0.45152,4.26826,-1.99341,0.299015,1,2.81288,-1.86,0.724197,3.80069,-2.02947,0.579859,1,2.43416,-1.86,0.793416,3.41975,-2.08291,0.640186,1,2.86022,-1.86,0.393355,3.84965,-2.04662,0.23791,1,3.1213,-1.86,0.791275,4.1244,-2.00453,0.683235,1,3.26464,-1.86,0.156518,4.26439,-1.98485,-0.0130539,1,2.61404,-1.86,0.378181,3.5819,-2.0331,0.222948,1,3.50956,-1.86,0.373899,4.5339,-1.96836,0.223557,1,2.93097,-1.86,0.865048,3.92056,-2.0258,0.733395,1,2.83252,-1.86,0.583953,3.81556,-2.00787,0.431894,1,2.83338,-1.86,0.231094,3.82182,-2.06459,0.06923,1,3.59096,-1.86,0.788458,4.61337,-1.97719,0.663323,1,2.16693,-1.86,0.486175,3.09066,-1.95868,0.346457,1,3.21964,-1.86,0.701564,4.22401,-1.97833,0.571747,1,2.56358,-1.86,0.864335,3.55569,-2.07532,0.710107,1,2.96358,-1.86,0.552539,3.96801,-2.01191,0.414678,1,2.97747,-1.86,0.160515,3.96622,-2.03677,0.00138768,1,2.44315,-1.86,0.623764,3.42825,-2.08378,0.467541,1,3.57852,-1.86,0.606245,4.59877,-1.98007,0.466302,1,2.4129,-1.86,0.235205,3.36141,-2.04179,0.0822386,1,2.13525,-1.86,0.87316,3.08582,-2.02037,0.744716,1,3.47408,-1.86,0.719398,4.48609,-1.98481,0.586046,1,2.409,-1.86,0.472793,3.36523,-2.0413,0.324029,1,2.31211,-1.86,0.876582,3.27053,-2.02882,0.752724,1,2.60201,-1.86,0.528433,3.58911,-2.06468,0.376664,1,2.73156,-1.86,0.466152,3.70672,-2.02388,0.311601,1,3.40505,-1.86,0.458475,4.41835,-1.95685,0.314558,1,2.98688,-1.86,0.683479,3.97712,-2.00179,0.546061,1,3.3458,-1.86,0.265764,4.34819,-1.98975,0.101135,1,3.11528,-1.86,0.429402,4.11037,-2.01865,0.275912,1,3.49654,-1.86,0.229636,4.5123,-1.99065,0.0697025,1,3.46176,-1.86,0.850824,4.47462,-1.98871,0.727568,1,2.23342,-1.86,0.261529,3.1726,-1.97697,0.0988645,1,3.09771,-1.86,0.241443,4.09386,-1.98578,0.0881812,1,2.69197,-1.86,0.828131,3.68679,-2.06578,0.678463,1,3.34448,-1.86,0.694461,4.34388,-2.02337,0.558948,1,2.70396,-1.86,0.265741,3.68723,-2.05865,0.102624,1,2.8404,-1.86,0.10536,3.83169,-2.02015,-0.0579185,1,2.11007,-1.86,0.684703,3.0569,-2.00309,0.547161,1,3.41674,-1.86,0.588869,4.44054,-1.96763,0.447477,1,2.25643,-1.86,0.729773,3.22197,-2.04216,0.591472,1,3.12645,-1.86,0.554272,4.09316,-1.88476,0.419534,1,3.57138,-1.86,0.108755,4.58928,-1.98498,-0.0676257,1,2.95131,-1.86,0.295933,3.94246,-2.01599,0.141543,1,2.14264,-1.86,0.178683,3.0972,-2.02015,0.015127,1,2.50027,-1.86,0.139005,3.47244,-2.0717,-0.0248153,1,3.40749,-1.86,0.092095,4.41405,-1.98414,-0.085714,1,2.49517,-1.86,0.357401,3.46184,-2.06535,0.196424,1,3.22253,-1.86,0.302939,4.21552,-2.00748,0.142129,1,2.06978,-1.86,0.395393,2.98092,-1.93976,0.272032,1,2.30653,-1.86,0.60004,3.23674,-1.98923,0.470992,1,2.68187,-1.86,0.135505,3.62891,-1.95985,-0.0444882,1,2.32969,-1.86,0.111661,3.26546,-2.00548,-0.0414145,1,3.14456,-1.86,0.128855,4.12984,-2.0417,-0.0355606,1,2.28163,-1.86,0.391421,3.24069,-2.05084,0.243148,1,3.29298,-1.86,0.576045,4.30321,-1.96697,0.434623,1,2.98528,-1.86,0.419927,3.96904,-1.99548,0.277335,1,3.59139,-1.86,0.474859,4.5987,-2.01708,0.332094,1,2.57065,-1.86,0.24937,3.52853,-2.04938,0.0790427,1,
2.23338,3.78089,-3.62068,0.228263,4.8115,-3.84159,0.0735616,2.61553,-1.86,0.685979,3.59667,-2.05305,0.53553,1,3.26103,-1.86,0.841441,4.26094,-2.01586,0.70535,1,3.2649,-1.86,0.45152,4.26806,-2.0122,0.294633,1,2.81288,-1.86,0.724197,3.80585,-2.04155,0.573739,1,2.43416,-1.86,0.793416,3.41975,-2.08291,0.640186,1,2.86022,-1.86,0.393355,3.8561,-2.061,0.232598,1,3.1213,-1.86,0.791275,4.12609,-2.02073,0.67548,1,3.26464,-1.86,0.156518,4.26803,-2.0033,-0.0141122,1,2.61404,-1.86,0.378181,3.58813,-2.04391,0.220937,1,3.50956,-1.86,0.373899,4.5364,-1.98592,0.220657,1,2.93097,-1.86,0.865048,3.92497,-2.03897,0.725915,1,2.83252,-1.86,0.583953,3.82247,-2.02348,0.426123,1,2.83338,-1.86,0.231094,3.83026,-2.08021,0.0670047,1,3.59096,-1.86,0.788458,4.61279,-1.99325,0.656455,1,2.16693,-1.86,0.486175,3.09066,-1.95868,0.346457,1,3.21964,-1.86,0.701564,4.22726,-1.99443,0.564863,1,2.56358,-1.86,0.864335,3.56131,-2.08298,0.704355,1,2.96358,-1.86,0.552539,3.97353,-2.02617,0.410019,1,2.97747,-1.86,0.160515,3.97194,-2.05311,0.000899412,1,2.44315,-1.86,0.623764,3.42825,-2.08378,0.467541,1,3.57852,-1.86,0.606245,4.5977,-1.99715,0.46033,1,2.4129,-1.86,0.235205,3.36141,-2.04179,0.0822386,1,2.13525,-1.86,0.87316,3.08582,-2.02037,0.744716,1,3.47408,-1.86,0.719398,4.48833,-2.00142,0.580637,1,2.409,-1.86,0.472793,3.36523,-2.0413,0.324029,1,2.31211,-1.86,0.876582,3.27053,-2.02882,0.752724,1,2.60201,-1.86,0.528433,3.59536,-2.07373,0.372075,1,2.73156,-1.86,0.466152,3.71019,-2.03327,0.306088,1,3.40505,-1.86,0.458475,4.42298,-1.97414,0.310158,1,2.98688,-1.86,0.683479,3.98207,-2.015,0.539281,1,3.3458,-1.86,0.265764,4.3473,-2.00853,0.0988365,1,3.11528,-1.86,0.429402,4.11241,-2.03326,0.271273,1,3.49654,-1.86,0.229636,4.51331,-2.00874,0.0670856,1,3.46176,-1.86,0.850824,4.47553,-2.0044,0.719847,1,2.23342,-1.86,0.261529,3.1726,-1.97697,0.0988645,1,3.09771,-1.86,0.241443,4.10194,-2.00021,0.0849216,1,2.69197,-1.86,0.828131,3.69243,-2.07374,0.670799,1,3.34448,-1.86,0.694461,4.34499,-2.04098,0.554894,1,2.70396,-1.86,0.265741,3.69746,-2.07235,0.10095,1,2.8404,-1.86,0.10536,3.83853,-2.0347,-0.0587954,1,2.11007,-1.86,0.684703,3.0569,-2.00309,0.547161,1,3.41674,-1.86,0.588869,4.44589,-1.98426,0.443532,1,2.25643,-1.86,0.729773,3.22197,-2.04216,0.591472,1,3.12645,-1.86,0.554272,4.0961,-1.90283,0.414079,1,3.57138,-1.86,0.108755,4.59106,-2.00264,-0.0668936,1,2.95131,-1.86,0.295933,3.94827,-2.03189,0.137871,1,2.14264,-1.86,0.178683,3.0972,-2.02015,0.015127,1,2.50027,-1.86,0.139005,3.47244,-2.0717,-0.0248153,1,3.40749,-1.86,0.092095,4.41601,-2.00234,-0.0868815,1,2.49517,-1.86,0.357401,3.46184,-2.06535,0.196424,1,3.22253,-1.86,0.302939,4.21772,-2.02555,0.140581,1,2.06978,-1.86,0.395393,2.98092,-1.93976,0.272032,1,2.30653,-1.86,0.60004,3.23674,-1.98923,0.470992,1,2.68187,-1.86,0.135505,3.63599,-1.97421,-0.0469008,1,2.32969,-1.86,0.111661,3.26546,-2.00548,-0.0414145,1,3.14456,-1.86,0.128855,4.13457,-2.05825,-0.0368694,1,2.28163,-1.86,0.391421,3.24069,-2.05084,0.243148,1,3.29298,-1.86,0.576045,4.30655,-1.98358,0.428129,1,2.98528,-1.86,0.419927,3.97438,-2.0095,0.272427,1,3.59139,-1.86,0.474859,4.59946,-2.03434,0.327836,1,2.57065,-1.86,0.24937,3.53683,-2.05833,0.0763567,1,
2.26672,3.80712,-3.61999,0.227908,4.8267,-3.84084,0.0732002,2.61553,-1.86,0.685979,3.5858,-2.03327,0.53834,1,3.26103,-1.86,0.841441,4.25774,-1.9992,0.709632,1,3.2649,-1.86,0.45152,4.26665,-1.99509,0.296351,1,2.81288,-1.86,0.724197,3.79565,-2.02123,0.576605,1,2.43416,-1.86,0.793416,3.41975,-2.08291,0.640186,1,2.86022,-1.86,0.393355,3.84629,-2.04087,0.233421,1,3.1213,-1.86,0.791275,4.11989,-2.00467,0.682842,1,3.26464,-1.86,0.156518,4.26611,-1.98507,-0.0176524,1,2.61404,-1.86,0.378181,3.57512,-2.02315,0.219649,1,3.50956,-1.86,0.373899,4.53544,-1.97434,0.220118,1,2.93097,-1.86,0.865048,3.91587,-2.01955,0.72949,1,2.83252,-1.86,0.583953,3.81239,-2.00281,0.42872,1,2.83338,-1.86,0.231094,3.82043,-2.0569,0.0646032,1,3.59096,-1.86,0.788458,4.61202,-1.98332,0.656721,1,2.16693,-1.86,0.486175,3.09066,-1.95868,0.346457,1,3.21964,-1.86,0.701564,4.22348,-1.97663,0.566065,1,2.56358,-1.86,0.864335,3.56131,-2.08298,0.704355,1,2.96358,-1.86,0.552539,3.96549,-2.00626,0.412306,1,2.97747,-1.86,0.160515,3.96304,-2.03268,-0.00151961,1,2.44315,-1.86,0.623764,3.42825,-2.08378,0.467541,1,3.57852,-1.86,0.606245,4.59843,-1.98697,0.461719,1,2.4129,-1.86,0.235205,3.36141,-2.04179,0.0822386,1,2.13525,-1.86,0.87316,3.08582,-2.02037,0.744716,1,3.47408,-1.86,0.719398,4.48608,-1.98887,0.582107,1,2.409,-1.86,0.472793,3.36523,-2.0413,0.324029,1,2.31211,-1.86,0.876582,3.27053,-2.02882,0.752724,1,2.60201,-1.86,0.528433,3.58412,-2.05311,0.37301,1,2.73156,-1.86,0.466152,3.69925,-2.01453,0.307802,1,3.40505,-1.86,0.458475,4.42006,-1.95998,0.30959,1,2.98688,-1.86,0.683479,3.97404,-1.99481,0.54163,1,3.3458,-1.86,0.265764,4.3446,-1.99322,0.0976736,1,3.11528,-1.86,0.429402,4.10725,-2.01497,0.271739,1,3.49654,-1.86,0.229636,4.51231,-1.99666,0.0674144,1,3.46176,-1.86,0.850824,4.47493,-1.99135,0.721318,1,2.23342,-1.86,0.261529,3.1726,-1.97697,0.0988645,1,3.09771,-1.86,0.241443,4.09623,-1.98062,0.0829561,1,2.69197,-1.86,0.828131,3.68219,-2.05468,0.673784,1,3.34448,-1.86,0.694461,4.34508,-2.02456,0.556179,1,2.70396,-1.86,0.265741,3.68289,-2.04912,0.0993639,1,2.8404,-1.86,0.10536,3.83209,-2.01188,-0.0588967,1,2.11007,-1.86,0.684703,3.0569,-2.00309,0.547161,1,3.41674,-1.86,0.588869,4.4437,-1.97072,0.443858,1,2.25643,-1.86,0.729773,3.22197,-2.04216,0.591472,1,3.12645,-1.86,0.554272,4.08988,-1.8826,0.416143,1,3.57138,-1.86,0.108755,4.58998,-1.9929,-0.0690164,1,2.95131,-1.86,0.295933,3.9393,-2.01146,0.137282,1,2.14264,-1.86,0.178683,3.0972,-2.02015,0.015127,1,2.50027,-1.86,0.139005,3.47244,-2.0717,-0.0248153,1,3.40749,-1.86,0.092095,4.41331,-1.98856,-0.0895228,1,2.49517,-1.86,0.357401,3.46184,-2.06535,0.196424,1,3.22253,-1.86,0.302939,4.21294,-2.00742,0.13988,1,2.06978,-1.86,0.395393,2.98092,-1.93976,0.272032,1,2.30653,-1.86,0.60004,3.23674,-1.98923,0.470992,1,2.68187,-1.86,0.135505,3.62429,-1.9526,-0.0490294,1,2.32969,-1.86,0.111661,3.26546,-2.00548,-0.0414145,1,3.14456,-1.86,0.128855,4.1304,-2.03899,-0.0398633,1,2.28163,-1.86,0.391421,3.24069,-2.05084,0.243148,1,3.29298,-1.86,0.576045,4.29932,-1.96855,0.430458,1,2.98528,-1.86,0.419927,3.96572,-1.98802,0.273355,1,3.59139,-1.86,0.474859,4.60385,-2.02363,0.328168,1,2.57065,-1.86,0.24937,3.53683,-2.05833,0.0763567,1,
2.30005,3.80712,-3.61999,0.227908,4.83553,-3.84132,0.072957,2.61553,-1.86,0.685979,3.5785,-2.03065,0.542845,1,3.26103,-1.86,0.841441,4.25114,-1.99296,0.713863,1,3.2649,-1.86,0.45152,4.2592,-1.98759,0.29911,1,2.81288,-1.86,0.724197,3.78972,-2.01759,0.580452,1,2.43416,-1.86,0.793416,3.41975,-2.08291,0.640186,1,2.86022,-1.86,0.393355,3.83919,-2.03679,0.237184,1,3.1213,-1.86,0.791275,4.11305,-2.00004,0.686714,1,3.26464,-1.86,0.156518,4.25615,-1.97893,-0.0149254,1,2.61404,-1.86,0.378181,3.56895,-2.01995,0.22261,1,3.50956,-1.86,0.373899,4.5283,-1.96721,0.222739,1,2.93097,-1.86,0.865048,3.91051,-2.01606,0.734337,1,2.83252,-1.86,0.583953,3.80564,-1.99958,0.431555,1,2.83338,-1.86,0.231094,3.81377,-2.05286,0.0677997,1,3.59096,-1.86,0.788458,4.60617,-1.97681,0.660782,1,2.16693,-1.86,0.486175,3.09066,-1.95868,0.346457,1,3.21964,-1.86,0.701564,4.21738,-1.97122,0.570515,1,2.56358,-1.86,0.864335,3.56131,-2.08298,0.704355,1,2.96358,-1.86,0.552539,3.95914,-2.00199,0.415983,1,2.97747,-1.86,0.160515,3.95674,-2.02732,0.00165424,1,2.44315,-1.86,0.623764,3.42825,-2.08378,0.467541,1,3.57852,-1.86,0.606245,4.59118,-1.98001,0.464298,1,2.4129,-1.86,0.235205,3.36141,-2.04179,0.0822386,1,2.13525,-1.86,0.87316,3.08582,-2.02037,0.744716,1,3.47408,-1.86,0.719398,4.48059,-1.9824,0.586427,1,2.409,-1.86,0.472793,3.36523,-2.0413,0.324029,1,2.31211,-1.86,0.876582,3.27053,-2.02882,0.752724,1,2.60201,-1.86,0.528433,3.57568,-2.05172,0.375629,1,2.73156,-1.86,0.466152,3.69336,-2.00876,0.309205,1,3.40505,-1.86,0.458475,4.41365,-1.95343,0.314071,1,2.98688,-1.86,0.683479,3.96654,-1.99092,0.5456,1,3.3458,-1.86,0.265764,4.33849,-1.98556,0.102322,1,3.11528,-1.86,0.429402,4.09984,-2.00881,0.275005,1,3.49654,-1.86,0.229636,4.50507,-1.98933,0.0677855,1,3.46176,-1.86,0.850824,4.46766,-1.98483,0.723422,1,2.23342,-1.86,0.261529,3.1726,-1.97697,0.0988645,1,3.09771,-1.86,0.241443,4.09055,-1.9755,0.0864758,1,2.69197,-1.86,0.828131,3.67471,-2.05447,0.679508,1,3.34448,-1.86,0.694461,4.3403,-2.01812,0.560821,1,2.70396,-1.86,0.265741,3.67825,-2.04728,0.103929,1,2.8404,-1.86,0.10536,3.82521,-2.00718,-0.0564517,1,2.11007,-1.86,0.684703,3.0569,-2.00309,0.547161,1,3.41674,-1.86,0.588869,4.43903,-1.96414,0.447952,1,2.25643,-1.86,0.729773,3.22197,-2.04216,0.591472,1,3.12645,-1.86,0.554272,4.08368,-1.87538,0.420496,1,3.57138,-1.86,0.108755,4.58291,-1.98544,-0.0687108,1,2.95131,-1.86,0.295933,3.93051,-2.00773,0.140187,1,2.14264,-1.86,0.178683,3.0972,-2.02015,0.015127,1,2.50027,-1.86,0.139005,3.47244,-2.0717,-0.0248153,1,3.40749,-1.86,0.092095,4.4066,-1.9811,-0.0868027,1,2.49517,-1.86,0.357401,3.46184,-2.06535,0.196424,1,3.22253,-1.86,0.302939,4.20704,-1.99995,0.141656,1,2.06978,-1.86,0.395393,2.98092,-1.93976,0.272032,1,2.30653,-1.86,0.60004,3.23674,-1.98923,0.470992,1,2.68187,-1.86,0.135505,3.61678,-1.94839,-0.0470759,1,2.32969,-1.86,0.111661,3.26546,-2.00548,-0.0414145,1,3.14456,-1.86,0.128855,4.12281,-2.03299,-0.0378343,1,2.28163,-1.86,0.391421,3.24069,-2.05084,0.243148,1,3.29298,-1.86,0.576045,4.29333,-1.96272,0.434553,1,2.98528,-1.86,0.419927,3.9612,-1.98139,0.275876,1,3.59139,-1.86,0.474859,4.59862,-2.01678,0.332768,1,2.57065,-1.86,0.24937,3.53683,-2.05833,0.0763567,1,
2.33338,3.83202,-3.61931,0.227569,4.85073,-3.84051,0.072598,2.61553,-1.86,0.685979,3.57868,-2.0389,0.542506,1,3.26103,-1.86,0.841441,4.24994,-2.00084,0.713724,1,3.2649,-1.86,0.45152,4.25702,-1.99632,0.300088,1,2.81288,-1.86,0.724197,3.78716,-2.02552,0.580116,1,2.43416,-1.86,0.793416,3.41975,-2.08291,0.640186,1,2.86022,-1.86,0.393355,3.84135,-2.04319,0.237578,1,3.1213,-1.86,0.791275,4.11435,-2.00703,0.685596,1,3.26464,-1.86,0.156518,4.25795,-1.98675,-0.0138703,1,2.61404,-1.86,0.378181,3.56938,-2.02508,0.223358,1,3.50956,-1.86,0.373899,4.52802,-1.97391,0.224179,1,2.93097,-1.86,0.865048,3.90962,-2.02243,0.733571,1,2.83252,-1.86,0.583953,3.80664,-2.00633,0.43033,1,2.83338,-1.86,0.231094,3.81539,-2.05921,0.0672066,1,3.59096,-1.86,0.788458,4.60438,-1.98349,0.66153,1,2.16693,-1.86,0.486175,3.09066,-1.95868,0.346457,1,3.21964,-1.86,0.701564,4.21656,-1.97902,0.570645,1,2.56358,-1.86,0.864335,3.56131,-2.08298,0.704355,1,2.96358,-1.86,0.552539,3.9599,-2.0093,0.416072,1,2.97747,-1.86,0.160515,3.95947,-2.0331,-0.00141704,1,2.44315,-1.86,0.623764,3.42825,-2.08378,0.467541,1,3.57852,-1.86,0.606245,4.59013,-1.98665,0.465377,1,2.4129,-1.86,0.235205,3.36141,-2.04179,0.0822386,1,2.13525,-1.86,0.87316,3.08582,-2.02037,0.744716,1,3.47408,-1.86,0.719398,4.47958,-1.98983,0.587976,1,2.409,-1.86,0.472793,3.36523,-2.0413,0.324029,1,2.31211,-1.86,0.876582,3.27053,-2.02882,0.752724,1,2.60201,-1.86,0.528433,3.57847,-2.05954,0.374392,1,2.73156,-1.86,0.466152,3.69163,-2.01592,0.311671,1,3.40505,-1.86,0.458475,4.41167,-1.96103,0.31425,1,2.98688,-1.86,0.683479,3.96789,-1.99816,0.545895,1,3.3458,-1.86,0.265764,4.34142,-1.9921,0.10348,1,3.11528,-1.86,0.429402,4.09928,-2.01714,0.275333,1,3.49654,-1.86,0.229636,4.50487,-1.99601,0.0695804,1,3.46176,-1.86,0.850824,4.4656,-1.99315,0.726102,1,2.23342,-1.86,0.261529,3.1726,-1.97697,0.0988645,1,3.09771,-1.86,0.241443,4.09099,-1.9834,0.0878432,1,2.69197,-1.86,0.828131,3.67513,-2.06333,0.678891,1,3.34448,-1.86,0.694461,4.33916,-2.02598,0.560863,1,2.70396,-1.86,0.265741,3.67881,-2.05217,0.101708,1,2.8404,-1.86,0.10536,3.828,-2.01471,-0.0558947,1,2.11007,-1.86,0.684703,3.0569,-2.00309,0.547161,1,3.41674,-1.86,0.588869,4.43795,-1.97146,0.448355,1,2.25643,-1.86,0.729773,3.22197,-2.04216,0.591472,1,3.12645,-1.86,0.554272,4.08366,-1.88284,0.420721,1,3.57138,-1.86,0.108755,4.58247,-1.99153,-0.0668911,1,2.95131,-1.86,0.295933,3.9319,-2.01604,0.13995,1,2.14264,-1.86,0.178683,3.0972,-2.02015,0.015127,1,2.50027,-1.86,0.139005,3.47244,-2.0717,-0.0248153,1,3.40749,-1.86,0.092095,4.40594,-1.98815,-0.0850253,1,2.49517,-1.86,0.357401,3.46184,-2.06535,0.196424,1,3.22253,-1.86,0.302939,4.20813,-2.00678,0.144796,1,2.06978,-1.86,0.395393,2.98092,-1.93976,0.272032,1,2.30653,-1.86,0.60004,3.23674,-1.98923,0.470992,1,2.68187,-1.86,0.135505,3.6187,-1.95469,-0.0459393,1,2.32969,-1.86,0.111661,3.26546,-2.00548,-0.0414145,1,3.14456,-1.86,0.128855,4.12433,-2.0406,-0.035698,1,2.28163,-1.86,0.391421,3.24069,-2.05084,0.243148,1,3.29298,-1.86,0.576045,4.29154,-1.96995,0.434143,1,2.98528,-1.86,0.419927,3.96183,-1.98713,0.275996,1,3.59139,-1.86,0.474859,4.59761,-2.02312,0.332176,1,2.57065,-1.86,0.24937,3.53683,-2.05833,0.0763567,1,
2.36672,3.84096,-3.6191,0.227103,4.85895,-3.84064,0.0723828,2.61553,-1.86,0.685979,3.57782,-2.03775,0.540766,1,3.26103,-1.86,0.841441,4.2488,-2.00197,0.710484,1,3.2649,-1.86,0.45152,4.25144,-2.00046,0.299115,1,2.81288,-1.86,0.724197,3.78511,-2.02923,0.579084,1,2.43416,-1.86,0.793416,3.41975,-2.08291,0.640186,1,2.86022,-1.86,0.393355,3.83739,-2.04235,0.237694,1,3.1213,-1.86,0.791275,4.11005,-2.00905,0.687714,1,3.26464,-1.86,0.156518,4.2523,-1.98901,-0.0123895,1,2.61404,-1.86,0.378181,3.5646,-2.02574,0.22497,1,3.50956,-1.86,0.373899,4.52372,-1.9787,0.224138,1,2.93097,-1.86,0.865048,3.90637,-2.02451,0.734202,1,2.83252,-1.86,0.583953,3.80312,-2.00639,0.431029,1,2.83338,-1.86,0.231094,3.81222,-2.05901,0.0692927,1,3.59096,-1.86,0.788458,4.60158,-1.98819,0.660151,1,2.16693,-1.86,0.486175,3.09066,-1.95868,0.346457,1,3.21964,-1.86,0.701564,4.21306,-1.98183,0.570028,1,2.56358,-1.86,0.864335,3.56131,-2.08298,0.704355,1,2.96358,-1.86,0.552539,3.95626,-2.01081,0.417233,1,2.97747,-1.86,0.160515,3.95353,-2.03388,0.00214799,1,2.44315,-1.86,0.623764,3.42825,-2.08378,0.467541,1,3.57852,-1.86,0.606245,4.5873,-1.99192,0.466543,1,2.4129,-1.86,0.235205,3.36141,-2.04179,0.0822386,1,2.13525,-1.86,0.87316,3.08582,-2.02037,0.744716,1,3.47408,-1.86,0.719398,4.47666,-1.99391,0.587199,1,2.409,-1.86,0.472793,3.36523,-2.0413,0.324029,1,2.31211,-1.86,0.876582,3.27053,-2.02882,0.752724,1,2.60201,-1.86,0.528433,3.57847,-2.05954,0.374392,1,2.73156,-1.86,0.466152,3.68832,-2.02047,0.311875,1,3.40505,-1.86,0.458475,4.40718,-1.96529,0.314352,1,2.98688,-1.86,0.683479,3.96391,-1.99894,0.547138,1,3.3458,-1.86,0.265764,4.33896,-1.99475,0.103511,1,3.11528,-1.86,0.429402,4.09882,-2.01831,0.275897,1,3.49654,-1.86,0.229636,4.50036,-2.00064,0.0706874,1,3.46176,-1.86,0.850824,4.46131,-1.9974,0.725559,1,2.23342,-1.86,0.261529,3.1726,-1.97697,0.0988645,1,3.09771,-1.86,0.241443,4.08877,-1.98547,0.0879092,1,2.69197,-1.86,0.828131,3.66858,-2.06567,0.676174,1,3.34448,-1.86,0.694461,4.3353,-2.02981,0.560393,1,2.70396,-1.86,0.265741,3.67422,-2.05269,0.102059,1,2.8404,-1.86,0.10536,3.82377,-2.01486,-0.0543881,1,2.11007,-1.86,0.684703,3.0569,-2.00309,0.547161,1,3.41674,-1.86,0.588869,4.43171,-1.97624,0.448259,1,2.25643,-1.86,0.729773,3.22197,-2.04216,0.591472,1,3.12645,-1.86,0.554272,4.08039,-1.88467,0.419872,1,3.57138,-1.86,0.108755,4.58077,-1.99624,-0.0649505,1,2.95131,-1.86,0.295933,3.92935,-2.01489,0.141264,1,2.14264,-1.86,0.178683,3.0972,-2.02015,0.015127,1,2.50027,-1.86,0.139005,3.47244,-2.0717,-0.0248153,1,3.40749,-1.86,0.092095,4.40049,-1.99234,-0.0839864,1,2.49517,-1.86,0.357401,3.46184,-2.06535,0.196424,1,3.22253,-1.86,0.302939,4.2047,-2.00937,0.144657,1,2.06978,-1.86,0.395393,2.98092,-1.93976,0.272032,1,2.30653,-1.86,0.60004,3.23674,-1.98923,0.470992,1,2.68187,-1.86,0.135505,3.61262,-1.95435,-0.0438504,1,2.32969,-1.86,0.111661,3.26546,-2.00548,-0.0414145,1,3.14456,-1.86,0.128855,4.12442,-2.04093,-0.0362277,1,2.28163,-1.86,0.391421,3.24069,-2.05084,0.243148,1,3.29298,-1.86,0.576045,4.28437,-1.97445,0.435367,1,2.98528,-1.86,0.419927,3.95874,-1.98874,0.276098,1,3.59139,-1.86,0.474859,4.59623,-2.02795,0.331406,1,2.57065,-1.86,0.24937,3.53683,-2.05833,0.0763567,1,
2.40005,3.84096,-3.6191,0.227103,4.86837,-3.84035,0.0721529,2.61553,-1.86,0.685979,3.56741,-2.03019,0.543103,1,3.26103,-1.86,0.841441,4.24155,-2.00045,0.713288,1,3.2649,-1.86,0.45152,4.24736,-1.99754,0.298422,1,2.81288,-1.86,0.724197,3.77943,-2.02076,0.580297,1,2.43416,-1.86,0.793416,3.41975,-2.08291,0.640186,1,2.86022,-1.86,0.393355,3.83035,-2.03944,0.235702,1,3.1213,-1.86,0.791275,4.10396,-2.00714,0.687173,1,3.26464,-1.86,0.156518,4.24623,-1.98803,-0.0130514,1,2.61404,-1.86,0.378181,3.5646,-2.02574,0.22497,1,3.50956,-1.86,0.373899,4.51926,-1.97756,0.2232,1,2.93097,-1.86,0.865048,3.90082,-2.02008,0.735219,1,2.83252,-1.86,0.583953,3.79612,-2.00251,0.431003,1,2.83338,-1.86,0.231094,3.80609,-2.05557,0.067576,1,3.59096,-1.86,0.788458,4.59653,-1.98721,0.65936,1,2.16693,-1.86,0.486175,3.09066,-1.95868,0.346457,1,3.21964,-1.86,0.701564,4.20813,-1.97893,0.569556,1,2.56358,-1.86,0.864335,3.56131,-2.08298,0.704355,1,2.96358,-1.86,0.552539,3.95125,-2.00721,0.417316,1,2.97747,-1.86,0.160515,3.94837,-2.03333,0.00161466,1,2.44315,-1.86,0.623764,3.42825,-2.08378,0.467541,1,3.57852,-1.86,0.606245,4.58117,-1.99077,0.463763,1,2.4129,-1.86,0.235205,3.36141,-2.04179,0.0822386,1,2.13525,-1.86,0.87316,3.08582,-2.02037,0.744716,1,3.47408,-1.86,0.719398,4.47369,-1.99196,0.586488,1,2.409,-1.86,0.472793,3.36523,-2.0413,0.324029,1,2.31211,-1.86,0.876582,3.27053,-2.02882,0.752724,1,2.60201,-1.86,0.528433,3.57847,-2.05954,0.374392,1,2.73156,-1.86,0.466152,3.68153,-2.0149,0.312005,1,3.40505,-1.86,0.458475,4.40134,-1.96374,0.313987,1,2.98688,-1.86,0.683479,3.95887,-1.99522,0.546117,1,3.3458,-1.86,0.265764,4.33272,-1.99388,0.101261,1,3.11528,-1.86,0.429402,4.09267,-2.01369,0.274564,1,3.49654,-1.86,0.229636,4.49451,-1.99981,0.0681139,1,3.46176,-1.86,0.850824,4.45843,-1.99551,0.726176,1,2.23342,-1.86,0.261529,3.1726,-1.97697,0.0988645,1,3.09771,-1.86,0.241443,4.08347,-1.98244,0.0905662,1,2.69197,-1.86,0.828131,3.66341,-2.06177,0.67619,1,3.34448,-1.86,0.694461,4.32944,-2.02799,0.559544,1,2.70396,-1.86,0.265741,3.66942,-2.04799,0.103223,1,2.8404,-1.86,0.10536,3.82134,-2.01109,-0.0517558,1,2.11007,-1.86,0.684703,3.0569,-2.00309,0.547161,1,3.41674,-1.86,0.588869,4.42836,-1.97463,0.447974,1,2.25643,-1.86,0.729773,3.22197,-2.04216,0.591472,1,3.12645,-1.86,0.554272,4.07471,-1.88176,0.419798,1,3.57138,-1.86,0.108755,4.57589,-1.99567,-0.0655419,1,2.95131,-1.86,0.295933,3.92134,-2.01084,0.139744,1,2.14264,-1.86,0.178683,3.0972,-2.02015,0.015127,1,2.50027,-1.86,0.139005,3.47244,-2.0717,-0.0248153,1,3.40749,-1.86,0.092095,4.39619,-1.99094,-0.0852951,1,2.49517,-1.86,0.357401,3.46184,-2.06535,0.196424,1,3.22253,-1.86,0.302939,4.19985,-2.00709,0.14326,1,2.06978,-1.86,0.395393,2.98092,-1.93976,0.272032,1,2.30653,-1.86,0.60004,3.23674,-1.98923,0.470992,1,2.68187,-1.86,0.135505,3.60725,-1.95198,-0.0452865,1,2.32969,-1.86,0.111661,3.26546,-2.00548,-0.0414145,1,3.14456,-1.86,0.128855,4.11515,-2.03928,-0.0367157,1,2.28163,-1.86,0.391421,3.24069,-2.05084,0.243148,1,3.29298,-1.86,0.576045,4.27966,-1.97234,0.433283,1,2.98528,-1.86,0.419927,3.95288,-1.98614,0.275822,1,3.59139,-1.86,0.474859,4.59087,-2.02728,0.33035,1,2.57065,-1.86,0.24937,3.53683,-2.05833,0.0763567,1,
2.43339,3.84096,-3.6191,0.227103,4.88361,-3.83957,0.0717911,2.61553,-1.86,0.685979,3.56741,-2.03019,0.543103,1,3.26103,-1.86,0.841441,4.24261,-2.00003,0.715265,1,3.2649,-1.86,0.45152,4.24809,-1.99436,0.300407,1,2.81288,-1.86,0.724197,3.77648,-2.01787,0.580897,1,2.43416,-1.86,0.793416,3.41975,-2.08291,0.640186,1,2.86022,-1.86,0.393355,3.82982,-2.03853,0.237826,1,3.1213,-1.86,0.791275,4.10555,-2.00446,0.68781,1,3.26464,-1.86,0.156518,4.24737,-1.98549,-0.0125365,1,2.61404,-1.86,0.378181,3.5646,-2.02574,0.22497,1,3.50956,-1.86,0.373899,4.51666,-1.97684,0.224637,1,2.93097,-1.86,0.865048,3.89959,-2.01789,0.73602,1,2.83252,-1.86,0.583953,3.79614,-2.00026,0.431399,1,2.83338,-1.86,0.231094,3.80537,-2.05382,0.0676244,1,3.59096,-1.86,0.788458,4.59569,-1.98656,0.6608,1,2.16693,-1.86,0.486175,3.09066,-1.95868,0.346457,1,3.21964,-1.86,0.701564,4.20698,-1.97773,0.570599,1,2.56358,-1.86,0.864335,3.56131,-2.08298,0.704355,1,2.96358,-1.86,0.552539,3.95003,-2.00491,0.417752,1,2.97747,-1.86,0.160515,3.94854,-2.02986,-0.00039801,1,2.44315,-1.86,0.623764,3.42825,-2.08378,0.467541,1,3.57852,-1.86,0.606245,4.58079,-1.98989,0.465319,1,2.4129,-1.86,0.235205,3.36141,-2.04179,0.0822386,1,2.13525,-1.86,0.87316,3.08582,-2.02037,0.744716,1,3.47408,-1.86,0.719398,4.47352,-1.99116,0.588083,1,2.409,-1.86,0.472793,3.36523,-2.0413,0.324029,1,2.31211,-1.86,0.876582,3.27053,-2.02882,0.752724,1,2.60201,-1.86,0.528433,3.57847,-2.05954,0.374392,1,2.73156,-1.86,0.466152,3.68027,-2.00971,0.313434,1,3.40505,-1.86,0.458475,4.40556,-1.96123,0.315627,1,2.98688,-1.86,0.683479,3.95771,-1.99299,0.546694,1,3.3458,-1.86,0.265764,4.33066,-1.99369,0.10484,1,3.11528,-1.86,0.429402,4.09252,-2.01304,0.275721,1,3.49654,-1.86,0.229636,4.49498,-1.99833,0.0700806,1,3.46176,-1.86,0.850824,4.45628,-1.99389,0.724687,1,2.23342,-1.86,0.261529,3.1726,-1.97697,0.0988645,1,3.09771,-1.86,0.241443,4.08474,-1.98071,0.0898536,1,2.69197,-1.86,0.828131,3.65936,-2.05495,0.677806,1,3.34448,-1.86,0.694461,4.32969,-2.02667,0.560552,1,2.70396,-1.86,0.265741,3.66779,-2.04361,0.101666,1,2.8404,-1.86,0.10536,3.82235,-2.00698,-0.051429,1,2.11007,-1.86,0.684703,3.0569,-2.00309,0.547161,1,3.41674,-1.86,0.588869,4.43091,-1.97252,0.450095,1,2.25643,-1.86,0.729773,3.22197,-2.04216,0.591472,1,3.12645,-1.86,0.554272,4.07281,-1.88077,0.420022,1,3.57138,-1.86,0.108755,4.57646,-1.99429,-0.0641867,1,2.95131,-1.86,0.295933,3.92104,-2.01011,0.141207,1,2.14264,-1.86,0.178683,3.0972,-2.02015,0.015127,1,2.50027,-1.86,0.139005,3.47244,-2.0717,-0.0248153,1,3.40749,-1.86,0.092095,4.39529,-1.98909,-0.0830144,1,2.49517,-1.86,0.357401,3.46184,-2.06535,0.196424,1,3.22253,-1.86,0.302939,4.1993,-2.00569,0.14466,1,2.06978,-1.86,0.395393,2.98092,-1.93976,0.272032,1,2.30653,-1.86,0.60004,3.23674,-1.98923,0.470992,1,2.68187,-1.86,0.135505,3.60654,-1.94598,-0.0414153,1,2.32969,-1.86,0.111661,3.26546,-2.00548,-0.0414145,1,3.14456,-1.86,0.128855,4.1159,-2.03995,-0.0357454,1,2.28163,-1.86,0.391421,3.24069,-2.05084,0.243148,1,3.29298,-1.86,0.576045,4.28389,-1.96789,0.434498,1,2.98528,-1.86,0.419927,3.95273,-1.98456,0.27529,1,3.59139,-1.86,0.474859,4.58899,-2.02668,0.332016,1,2.57065,-1.86,0.24937,3.53683,-2.05833,0.0763567,1,
2.46672,3.88641,-3.61761,0.226791,4.91014,-3.83859,0.0711488,2.61553,-1.86,0.685979,3.56741,-2.03019,0.543103,1,3.26103,-1.86,0.841441,4.24602,-1.99738,0.713609,1,3.2649,-1.86,0.45152,4.25178,-1.99256,0.30077,1,2.81288,-1.86,0.724197,3.77894,-2.01641,0.581877,1,2.43416,-1.86,0.793416,3.41975,-2.08291,0.640186,1,2.86022,-1.86,0.393355,3.83366,-2.03454,0.23808,1,3.1213,-1.86,0.791275,4.11112,-2.00094,0.689723,1,3.26464,-1.86,0.156518,4.25636,-1.98136,-0.014993,1,2.61404,-1.86,0.378181,3.5646,-2.02574,0.22497,1,3.50956,-1.86,0.373899,4.52318,-1.97597,0.224553,1,2.93097,-1.86,0.865048,3.90352,-2.01503,0.736558,1,2.83252,-1.86,0.583953,3.79856,-1.99632,0.43185,1,2.83338,-1.86,0.231094,3.81198,-2.04858,0.0669517,1,3.59096,-1.86,0.788458,4.60384,-1.98622,0.662283,1,2.16693,-1.86,0.486175,3.09066,-1.95868,0.346457,1,3.21964,-1.86,0.701564,4.21329,-1.9755,0.571858,1,2.56358,-1.86,0.864335,3.56131,-2.08298,0.704355,1,2.96358,-1.86,0.552539,3.95529,-2.00165,0.417633,1,2.97747,-1.86,0.160515,3.95415,-2.02514,-0.000187986,1,2.44315,-1.86,0.623764,3.42825,-2.08378,0.467541,1,3.57852,-1.86,0.606245,4.589,-1.98916,0.466351,1,2.4129,-1.86,0.235205,3.36141,-2.04179,0.0822386,1,2.13525,-1.86,0.87316,3.08582,-2.02037,0.744716,1,3.47408,-1.86,0.719398,4.48065,-1.9902,0.588945,1,2.409,-1.86,0.472793,3.36523,-2.0413,0.324029,1,2.31211,-1.86,0.876582,3.27053,-2.02882,0.752724,1,2.60201,-1.86,0.528433,3.57847,-2.05954,0.374392,1,2.73156,-1.86,0.466152,3.68224,-2.00481,0.314734,1,3.40505,-1.86,0.458475,4.41232,-1.95924,0.316431,1,2.98688,-1.86,0.683479,3.96202,-1.99058,0.548069,1,3.3458,-1.86,0.265764,4.33713,-1.9921,0.102327,1,3.11528,-1.86,0.429402,4.09979,-2.00926,0.275571,1,3.49654,-1.86,0.229636,4.50339,-1.99669,0.0700668,1,3.46176,-1.86,0.850824,4.46328,-1.99257,0.724414,1,2.23342,-1.86,0.261529,3.1726,-1.97697,0.0988645,1,3.09771,-1.86,0.241443,4.08974,-1.97729,0.0917865,1,2.69197,-1.86,0.828131,3.6625,-2.05089,0.679388,1,3.34448,-1.86,0.694461,4.33443,-2.02529,0.56223,1,2.70396,-1.86,0.265741,3.67121,-2.04018,0.100098,1,2.8404,-1.86,0.10536,3.82654,-2.00364,-0.0519359,1,2.11007,-1.86,0.684703,3.0569,-2.00309,0.547161,1,3.41674,-1.86,0.588869,4.43717,-1.97114,0.450282,1,2.25643,-1.86,0.729773,3.22197,-2.04216,0.591472,1,3.12645,-1.86,0.554272,4.07424,-1.88002,0.420765,1,3.57138,-1.86,0.108755,4.58248,-1.99385,-0.0639953,1,2.95131,-1.86,0.295933,3.92707,-2.00487,0.140407,1,2.14264,-1.86,0.178683,3.0972,-2.02015,0.015127,1,2.50027,-1.86,0.139005,3.47244,-2.0717,-0.0248153,1,3.40749,-1.86,0.092095,4.40464,-1.98693,-0.0846025,1,2.49517,-1.86,0.357401,3.46184,-2.06535,0.196424,1,3.22253,-1.86,0.302939,4.20499,-2.00345,0.144578,1,2.06978,-1.86,0.395393,2.98092,-1.93976,0.272032,1,2.30653,-1.86,0.60004,3.23674,-1.98923,0.470992,1,2.68187,-1.86,0.135505,3.61025,-1.94089,-0.0420387,1,2.32969,-1.86,0.111661,3.26546,-2.00548,-0.0414145,1,3.14456,-1.86,0.128855,4.12355,-2.03511,-0.0382627,1,2.28163,-1.86,0.391421,3.24069,-2.05084,0.243148,1,3.29298,-1.86,0.576045,4.28886,-1.96533,0.435638,1,2.98528,-1.86,0.419927,3.95673,-1.98154,0.276229,1,3.59139,-1.86,0.474859,4.59597,-2.02607,0.331871,1,2.57065,-1.86,0.24937,3.53683,-2.05833,0.0763567,1,
2.50005,3.91242,-3.61688,0.226402,4.92537,-3.8377,0.0707913,2.61553,-1.86,0.685979,3.56741,-2.03019,0.543103,1,3.26103,-1.86,0.841441,4.2432,-1.99681,0.716487,1,3.2649,-1.86,0.45152,4.25068,-1.99065,0.301817,1,2.81288,-1.86,0.724197,3.77686,-2.01762,0.583022,1,2.43416,-1.86,0.793416,3.41975,-2.08291,0.640186,1,2.86022,-1.86,0.393355,3.83295,-2.03212,0.23805,1,3.1213,-1.86,0.791275,4.10513,-2.0006,0.690343,1,3.26464,-1.86,0.156518,4.25443,-1.97763,-0.014957,1,2.61404,-1.86,0.378181,3.5646,-2.02574,0.22497,1,3.50956,-1.86,0.373899,4.52043,-1.97264,0.226929,1,2.93097,-1.86,0.865048,3.90013,-2.01526,0.7387,1,2.83252,-1.86,0.583953,3.79678,-1.99693,0.433877,1,2.83338,-1.86,0.231094,3.80646,-2.04679,0.0684637,1,3.59096,-1.86,0.788458,4.59943,-1.98302,0.662221,1,2.16693,-1.86,0.486175,3.09066,-1.95868,0.346457,1,3.21964,-1.86,0.701564,4.21033,-1.97325,0.574633,1,2.56358,-1.86,0.864335,3.56131,-2.08298,0.704355,1,2.96358,-1.86,0.552539,3.95237,-2.00014,0.42005,1,2.97747,-1.86,0.160515,3.94976,-2.02367,0.00130442,1,2.44315,-1.86,0.623764,3.42825,-2.08378,0.467541,1,3.57852,-1.86,0.606245,4.58512,-1.98609,0.467124,1,2.4129,-1.86,0.235205,3.36141,-2.04179,0.0822386,1,2.13525,-1.86,0.87316,3.08582,-2.02037,0.744716,1,3.47408,-1.86,0.719398,4.47732,-1.98769,0.591129,1,2.409,-1.86,0.472793,3.36523,-2.0413,0.324029,1,2.31211,-1.86,0.876582,3.27053,-2.02882,0.752724,1,2.60201,-1.86,0.528433,3.57847,-2.05954,0.374392,1,2.73156,-1.86,0.466152,3.67954,-2.00505,0.316161,1,3.40505,-1.86,0.458475,4.4095,-1.95657,0.317536,1,2.98688,-1.86,0.683479,3.95887,-1.98999,0.549714,1,3.3458,-1.86,0.265764,4.33236,-1.98923,0.104903,1,3.11528,-1.86,0.429402,4.095,-2.00737,0.276964,1,3.49654,-1.86,0.229636,4.5006,-1.99334,0.0707825,1,3.46176,-1.86,0.850824,4.46145,-1.98962,0.726771,1,2.23342,-1.86,0.261529,3.1726,-1.97697,0.0988645,1,3.09771,-1.86,0.241443,4.08878,-1.9754,0.0942286,1,2.69197,-1.86,0.828131,3.65957,-2.04878,0.681528,1,3.34448,-1.86,0.694461,4.33112,-2.02341,0.56317,1,2.70396,-1.86,0.265741,3.66786,-2.04101,0.102325,1,2.8404,-1.86,0.10536,3.82332,-2.00413,-0.0511603,1,2.11007,-1.86,0.684703,3.0569,-2.00309,0.547161,1,3.41674,-1.86,0.588869,4.43201,-1.96875,0.449725,1,2.25643,-1.86,0.729773,3.22197,-2.04216,0.591472,1,3.12645,-1.86,0.554272,4.06721,-1.88227,0.421967,1,3.57138,-1.86,0.108755,4.57985,-1.99067,-0.0648558,1,2.95131,-1.86,0.295933,3.92109,-2.00343,0.141141,1,2.14264,-1.86,0.178683,3.0972,-2.02015,0.015127,1,2.50027,-1.86,0.139005,3.47244,-2.0717,-0.0248153,1,3.40749,-1.86,0.092095,4.40219,-1.98302,-0.0835629,1,2.49517,-1.86,0.357401,3.46184,-2.06535,0.196424,1,3.22253,-1.86,0.302939,4.20176,-2.00132,0.144817,1,2.06978,-1.86,0.395393,2.98092,-1.93976,0.272032,1,2.30653,-1.86,0.60004,3.23674,-1.98923,0.470992,1,2.68187,-1.86,0.135505,3.60487,-1.93981,-0.0407661,1,2.32969,-1.86,0.111661,3.26546,-2.00548,-0.0414145,1,3.14456,-1.86,0.128855,4.12063,-2.03162,-0.0371269,1,2.28163,-1.86,0.391421,3.24069,-2.05084,0.243148,1,3.29298,-1.86,0.576045,4.28646,-1.96325,0.436259,1,2.98528,-1.86,0.419927,3.95312,-1.98142,0.277034,1,3.59139,-1.86,0.474859,4.59302,-2.02293,0.333576,1,2.57065,-1.86,0.24937,3.53683,-2.05833,0.0763567,1,
2.53339,3.91242,-3.61688,0.226402,4.93581,-3.83735,0.0705374,2.61553,-1.86,0.685979,3.56741,-2.03019,0.543103,1,3.26103,-1.86,0.841441,4.24018,-2.00014,0.714527,1,3.2649,-1.86,0.45152,4.24794,-1.99366,0.300284,1,2.81288,-1.86,0.724197,3.77523,-2.02096,0.580891,1,2.43416,-1.86,0.793416,3.41975,-2.08291,0.640186,1,2.86022,-1.86,0.393355,3.83146,-2.0346,0.236376,1,3.1213,-1.86,0.791275,4.10704,-2.00627,0.688191,1,3.26464,-1.86,0.156518,4.25223,-1.9828,-0.013537,1,2.61404,-1.86,0.378181,3.5646,-2.02574,0.22497,1,3.50956,-1.86,0.373899,4.51932,-1.97488,0.22466,1,2.93097,-1.86,0.865048,3.89896,-2.02009,0.73546,1,2.83252,-1.86,0.583953,3.79548,-2.00102,0.431688,1,2.83338,-1.86,0.231094,3.80821,-2.05589,0.0681957,1,3.59096,-1.86,0.788458,4.59651,-1.98572,0.662696,1,2.16693,-1.86,0.486175,3.09066,-1.95868,0.346457,1,3.21964,-1.86,0.701564,4.20738,-1.97803,0.572714,1,2.56358,-1.86,0.864335,3.56131,-2.08298,0.704355,1,2.96358,-1.86,0.552539,3.95175,-2.0051,0.417055,1,2.97747,-1.86,0.160515,3.95128,-2.03013,0.000372007,1,2.44315,-1.86,0.623764,3.42825,-2.08378,0.467541,1,3.57852,-1.86,0.606245,4.58373,-1.98856,0.467575,1,2.4129,-1.86,0.235205,3.36141,-2.04179,0.0822386,1,2.13525,-1.86,0.87316,3.08582,-2.02037,0.744716,1,3.47408,-1.86,0.719398,4.47457,-1.99081,0.589647,1,2.409,-1.86,0.472793,3.36523,-2.0413,0.324029,1,2.31211,-1.86,0.876582,3.27053,-2.02882,0.752724,1,2.60201,-1.86,0.528433,3.57847,-2.05954,0.374392,1,2.73156,-1.86,0.466152,3.67976,-2.00944,0.310804,1,3.40505,-1.86,0.458475,4.40844,-1.96029,0.317777,1,2.98688,-1.86,0.683479,3.95702,-1.99529,0.547663,1,3.3458,-1.86,0.265764,4.3348,-1.99213,0.102942,1,3.11528,-1.86,0.429402,4.09395,-2.01446,0.27507,1,3.49654,-1.86,0.229636,4.49542,-1.9972,0.0701307,1,3.46176,-1.86,0.850824,4.46016,-1.99149,0.72364,1,2.23342,-1.86,0.261529,3.1726,-1.97697,0.0988645,1,3.09771,-1.86,0.241443,4.08568,-1.98059,0.095021,1,2.69197,-1.86,0.828131,3.65885,-2.05196,0.678228,1,3.34448,-1.86,0.694461,4.32973,-2.0264,0.561662,1,2.70396,-1.86,0.265741,3.66953,-2.04738,0.099118,1,2.8404,-1.86,0.10536,3.82393,-2.01148,-0.051841,1,2.11007,-1.86,0.684703,3.0569,-2.00309,0.547161,1,3.41674,-1.86,0.588869,4.42727,-1.97303,0.447291,1,2.25643,-1.86,0.729773,3.22197,-2.04216,0.591472,1,3.12645,-1.86,0.554272,4.06839,-1.88704,0.419784,1,3.57138,-1.86,0.108755,4.57727,-1.99302,-0.0652686,1,2.95131,-1.86,0.295933,3.92394,-2.01064,0.1397,1,2.14264,-1.86,0.178683,3.0972,-2.02015,0.015127,1,2.50027,-1.86,0.139005,3.47244,-2.0717,-0.0248153,1,3.40749,-1.86,0.092095,4.39548,-1.98818,-0.0814737,1,2.49517,-1.86,0.357401,3.46184,-2.06535,0.196424,1,3.22253,-1.86,0.302939,4.20073,-2.00564,0.144715,1,2.06978,-1.86,0.395393,2.98092,-1.93976,0.272032,1,2.30653,-1.86,0.60004,3.23674,-1.98923,0.470992,1,2.68187,-1.86,0.135505,3.60813,-1.94759,-0.0415461,1,2.32969,-1.86,0.111661,3.26546,-2.00548,-0.0414145,1,3.14456,-1.86,0.128855,4.12022,-2.03684,-0.0380169,1,2.28163,-1.86,0.391421,3.24069,-2.05084,0.243148,1,3.29298,-1.86,0.576045,4.2815,-1.96842,0.434793,1,2.98528,-1.86,0.419927,3.9528,-1.98687,0.276454,1,3.59139,-1.86,0.474859,4.59181,-2.02477,0.33186,1,2.57065,-1.86,0.24937,3.53683,-2.05833,0.0763567,1,
2.56672,3.93884,-3.616,0.226029,4.951,-3.83659,0.0701765,2.61553,-1.86,0.685979,3.56741,-2.03019,0.543103,1,3.26103,-1.86,0.841441,4.24773,-2.00392,0.713592,1,3.2649,-1.86,0.45152,4.25284,-1.99943,0.299483,1,2.81288,-1.86,0.724197,3.7814,-2.02304,0.580814,1,2.43416,-1.86,0.793416,3.41975,-2.08291,0.640186,1,2.86022,-1.86,0.393355,3.8348,-2.04202,0.238104,1,3.1213,-1.86,0.791275,4.11065,-2.0082,0.687431,1,3.26464,-1.86,0.156518,4.25615,-1.98968,-0.0132545,1,2.61404,-1.86,0.378181,3.5646,-2.02574,0.22497,1,3.50956,-1.86,0.373899,4.52496,-1.98027,0.223565,1,2.93097,-1.86,0.865048,3.90684,-2.02193,0.735786,1,2.83252,-1.86,0.583953,3.80028,-2.0054,0.431447,1,2.83338,-1.86,0.231094,3.81279,-2.05829,0.0696862,1,3.59096,-1.86,0.788458,4.60078,-1.99089,0.660265,1,2.16693,-1.86,0.486175,3.09066,-1.95868,0.346457,1,3.21964,-1.86,0.701564,4.21259,-1.98291,0.570428,1,2.56358,-1.86,0.864335,3.56131,-2.08298,0.704355,1,2.96358,-1.86,0.552539,3.95931,-2.00805,0.417363,1,2.97747,-1.86,0.160515,3.95342,-2.03395,0.000498183,1,2.44315,-1.86,0.623764,3.42825,-2.08378,0.467541,1,3.57852,-1.86,0.606245,4.58658,-1.99401,0.464041,1,2.4129,-1.86,0.235205,3.36141,-2.04179,0.0822386,1,2.13525,-1.86,0.87316,3.08582,-2.02037,0.744716,1,3.47408,-1.86,0.719398,4.48055,-1.99566,0.58742,1,2.409,-1.86,0.472793,3.36523,-2.0413,0.324029,1,2.31211,-1.86,0.876582,3.27053,-2.02882,0.752724,1,2.60201,-1.86,0.528433,3.57847,-2.05954,0.374392,1,2.73156,-1.86,0.466152,3.68501,-2.01305,0.311617,1,3.40505,-1.86,0.458475,4.41218,-1.96621,0.316247,1,2.98688,-1.86,0.683479,3.96202,-1.99947,0.546481,1,3.3458,-1.86,0.265764,4.33785,-1.9965,0.102538,1,3.11528,-1.86,0.429402,4.09865,-2.01878,0.2746,1,3.49654,-1.86,0.229636,4.49834,-2.00371,0.0701,1,3.46176,-1.86,0.850824,4.46503,-1.99704,0.722222,1,2.23342,-1.86,0.261529,3.1726,-1.97697,0.0988645,1,3.09771,-1.86,0.241443,4.0914,-1.98704,0.0948698,1,2.69197,-1.86,0.828131,3.65885,-2.05196,0.678228,1,3.34448,-1.86,0.694461,4.33299,-2.03113,0.559589,1,2.70396,-1.86,0.265741,3.67567,-2.04773,0.103443,1,2.8404,-1.86,0.10536,3.828,-2.01548,-0.0507026,1,2.11007,-1.86,0.684703,3.0569,-2.00309,0.547161,1,3.41674,-1.86,0.588869,4.43411,-1.97796,0.446908,1,2.25643,-1.86,0.729773,3.22197,-2.04216,0.591472,1,3.12645,-1.86,0.554272,4.07032,-1.88655,0.419078,1,3.57138,-1.86,0.108755,4.57984,-1.9992,-0.0648405,1,2.95131,-1.86,0.295933,3.92501,-2.01315,0.141686,1,2.14264,-1.86,0.178683,3.0972,-2.02015,0.015127,1,2.50027,-1.86,0.139005,3.47244,-2.0717,-0.0248153,1,3.40749,-1.86,0.092095,4.39959,-1.99518,-0.0802704,1,2.49517,-1.86,0.357401,3.46184,-2.06535,0.196424,1,3.22253,-1.86,0.302939,4.20222,-2.01167,0.146786,1,2.06978,-1.86,0.395393,2.98092,-1.93976,0.272032,1,2.30653,-1.86,0.60004,3.23674,-1.98923,0.470992,1,2.68187,-1.86,0.135505,3.61072,-1.94929,-0.0400762,1,2.32969,-1.86,0.111661,3.26546,-2.00548,-0.0414145,1,3.14456,-1.86,0.128855,4.12468,-2.04225,-0.0383872,1,2.28163,-1.86,0.391421,3.24069,-2.05084,0.243148,1,3.29298,-1.86,0.576045,4.28673,-1.97472,0.433209,1,2.98528,-1.86,0.419927,3.95528,-1.99119,0.27702,1,3.59139,-1.86,0.474859,4.59553,-2.03067,0.331525,1,2.57065,-1.86,0.24937,3.53683,-2.05833,0.0763567,1,
2.60006,3.93884,-3.616,0.226029,4.96175,-3.83675,0.0698958,2.61553,-1.86,0.685979,3.56741,-2.03019,0.543103,1,3.26103,-1.86,0.841441,4.24233,-2.00879,0.712269,1,3.2649,-1.86,0.45152,4.24941,-2.00476,0.299992,1,2.81288,-1.86,0.724197,3.77695,-2.02551,0.581197,1,2.43416,-1.86,0.793416,3.41975,-2.08291,0.640186,1,2.86022,-1.86,0.393355,3.8353,-2.04624,0.235182,1,3.1213,-1.86,0.791275,4.10999,-2.0136,0.688936,1,3.26464,-1.86,0.156518,4.25306,-1.99544,-0.011839,1,2.61404,-1.86,0.378181,3.5646,-2.02574,0.22497,1,3.50956,-1.86,0.373899,4.52188,-1.98697,0.224431,1,2.93097,-1.86,0.865048,3.90301,-2.02443,0.735322,1,2.83252,-1.86,0.583953,3.79863,-2.00791,0.431853,1,2.83338,-1.86,0.231094,3.80991,-2.06255,0.0686373,1,3.59096,-1.86,0.788458,4.59682,-1.99788,0.660741,1,2.16693,-1.86,0.486175,3.09066,-1.95868,0.346457,1,3.21964,-1.86,0.701564,4.20928,-1.98731,0.569595,1,2.56358,-1.86,0.864335,3.56131,-2.08298,0.704355,1,2.96358,-1.86,0.552539,3.95554,-2.012,0.417592,1,2.97747,-1.86,0.160515,3.95406,-2.03857,0.00247166,1,2.44315,-1.86,0.623764,3.42825,-2.08378,0.467541,1,3.57852,-1.86,0.606245,4.5822,-2.001,0.46395,1,2.4129,-1.86,0.235205,3.36141,-2.04179,0.0822386,1,2.13525,-1.86,0.87316,3.08582,-2.02037,0.744716,1,3.47408,-1.86,0.719398,4.47658,-2.0019,0.586738,1,2.409,-1.86,0.472793,3.36523,-2.0413,0.324029,1,2.31211,-1.86,0.876582,3.27053,-2.02882,0.752724,1,2.60201,-1.86,0.528433,3.57847,-2.05954,0.374392,1,2.73156,-1.86,0.466152,3.68215,-2.01607,0.314765,1,3.40505,-1.86,0.458475,4.40914,-1.97266,0.316984,1,2.98688,-1.86,0.683479,3.96061,-2.00142,0.545339,1,3.3458,-1.86,0.265764,4.33475,-2.00332,0.103215,1,3.11528,-1.86,0.429402,4.09675,-2.02255,0.275259,1,3.49654,-1.86,0.229636,4.49558,-2.00953,0.0708309,1,3.46176,-1.86,0.850824,4.46113,-2.00334,0.72114,1,2.23342,-1.86,0.261529,3.1726,-1.97697,0.0988645,1,3.09771,-1.86,0.241443,4.08908,-1.99046,0.0951206,1,2.69197,-1.86,0.828131,3.65885,-2.05196,0.678228,1,3.34448,-1.86,0.694461,4.33431,-2.03531,0.559046,1,2.70396,-1.86,0.265741,3.67164,-2.05196,0.101889,1,2.8404,-1.86,0.10536,3.82633,-2.01915,-0.0504702,1,2.11007,-1.86,0.684703,3.0569,-2.00309,0.547161,1,3.41674,-1.86,0.588869,4.42972,-1.98348,0.447425,1,2.25643,-1.86,0.729773,3.22197,-2.04216,0.591472,1,3.12645,-1.86,0.554272,4.06524,-1.89288,0.419457,1,3.57138,-1.86,0.108755,4.57763,-2.00554,-0.0638814,1,2.95131,-1.86,0.295933,3.92683,-2.01788,0.140408,1,2.14264,-1.86,0.178683,3.0972,-2.02015,0.015127,1,2.50027,-1.86,0.139005,3.47244,-2.0717,-0.0248153,1,3.40749,-1.86,0.092095,4.39765,-1.9996,-0.0801,1,2.49517,-1.86,0.357401,3.46184,-2.06535,0.196424,1,3.22253,-1.86,0.302939,4.20036,-2.0178,0.147305,1,2.06978,-1.86,0.395393,2.98092,-1.93976,0.272032,1,2.30653,-1.86,0.60004,3.23674,-1.98923,0.470992,1,2.68187,-1.86,0.135505,3.61028,-1.95423,-0.0411872,1,2.32969,-1.86,0.111661,3.26546,-2.00548,-0.0414145,1,3.14456,-1.86,0.128855,4.12061,-2.04838,-0.0347462,1,2.28163,-1.86,0.391421,3.24069,-2.05084,0.243148,1,3.29298,-1.86,0.576045,4.28021,-1.98075,0.435761,1,2.98528,-1.86,0.419927,3.95285,-1.99634,0.276639,1,3.59139,-1.86,0.474859,4.59238,-2.03741,0.331557,1,2.57065,-1.86,0.24937,3.53683,-2.05833,0.0763567,1,
2.63339,3.96399,-3.61508,0.225623,4.97717,-3.8359,0.0695325,2.61553,-1.86,0.685979,3.56741,-2.03019,0.543103,1,3.26103,-1.86,0.841441,4.23574,-1.99492,0.71498,1,3.2649,-1.86,0.45152,4.24331,-1.9895,0.301914,1,2.81288,-1.86,0.724197,3.7681,-2.01224,0.583569,1,2.43416,-1.86,0.793416,3.41975,-2.08291,0.640186,1,2.86022,-1.86,0.393355,3.82507,-2.02908,0.236904,1,3.1213,-1.86,0.791275,4.10225,-1.99889,0.693277,1,3.26464,-1.86,0.156518,4.24562,-1.98028,-0.0103328,1,2.61404,-1.86,0.378181,3.5646,-2.02574,0.22497,1,3.50956,-1.86,0.373899,4.51669,-1.97202,0.224895,1,2.93097,-1.86,0.865048,3.89358,-2.01215,0.739236,1,2.83252,-1.86,0.583953,3.7871,-1.9934,0.432722,1,2.83338,-1.86,0.231094,3.80166,-2.0476,0.0676309,1,3.59096,-1.86,0.788458,4.59384,-1.98396,0.665557,1,2.16693,-1.86,0.486175,3.09066,-1.95868,0.346457,1,3.21964,-1.86,0.701564,4.20241,-1.97256,0.572917,1,2.56358,-1.86,0.864335,3.56131,-2.08298,0.704355,1,2.96358,-1.86,0.552539,3.94797,-1.99857,0.420156,1,2.97747,-1.86,0.160515,3.9438,-2.02197,0.00117592,1,2.44315,-1.86,0.623764,3.42825,-2.08378,0.467541,1,3.57852,-1.86,0.606245,4.5784,-1.98623,0.46664,1,2.4129,-1.86,0.235205,3.36141,-2.04179,0.0822386,1,2.13525,-1.86,0.87316,3.08582,-2.02037,0.744716,1,3.47408,-1.86,0.719398,4.4733,-1.98743,0.591484,1,2.409,-1.86,0.472793,3.36523,-2.0413,0.324029,1,2.31211,-1.86,0.876582,3.27053,-2.02882,0.752724,1,2.60201,-1.86,0.528433,3.57847,-2.05954,0.374392,1,2.73156,-1.86,0.466152,3.67092,-2.00404,0.319085,1,3.40505,-1.86,0.458475,4.40505,-1.95703,0.319732,1,2.98688,-1.86,0.683479,3.95073,-1.98624,0.547936,1,3.3458,-1.86,0.265764,4.32905,-1.98774,0.101541,1,3.11528,-1.86,0.429402,4.08962,-2.00658,0.276902,1,3.49654,-1.86,0.229636,4.49205,-1.99364,0.071497,1,3.46176,-1.86,0.850824,4.45484,-1.99127,0.730015,1,2.23342,-1.86,0.261529,3.1726,-1.97697,0.0988645,1,3.09771,-1.86,0.241443,4.08155,-1.97493,0.0939662,1,2.69197,-1.86,0.828131,3.65885,-2.05196,0.678228,1,3.34448,-1.86,0.694461,4.32873,-2.02018,0.564391,1,2.70396,-1.86,0.265741,3.67164,-2.05196,0.101889,1,2.8404,-1.86,0.10536,3.81702,-2.00344,-0.0521973,1,2.11007,-1.86,0.684703,3.0569,-2.00309,0.547161,1,3.41674,-1.86,0.588869,4.42589,-1.96832,0.449806,1,2.25643,-1.86,0.729773,3.22197,-2.04216,0.591472,1,3.12645,-1.86,0.554272,4.05813,-1.87667,0.421858,1,3.57138,-1.86,0.108755,4.57194,-1.99083,-0.0645115,1,2.95131,-1.86,0.295933,3.91582,-2.00001,0.141444,1,2.14264,-1.86,0.178683,3.0972,-2.02015,0.015127,1,2.50027,-1.86,0.139005,3.47244,-2.0717,-0.0248153,1,3.40749,-1.86,0.092095,4.39189,-1.98407,-0.0848174,1,2.49517,-1.86,0.357401,3.46184,-2.06535,0.196424,1,3.22253,-1.86,0.302939,4.19313,-2.00096,0.148026,1,2.06978,-1.86,0.395393,2.98092,-1.93976,0.272032,1,2.30653,-1.86,0.60004,3.23674,-1.98923,0.470992,1,2.68187,-1.86,0.135505,3.61028,-1.95423,-0.0411872,1,2.32969,-1.86,0.111661,3.26546,-2.00548,-0.0414145,1,3.14456,-1.86,0.128855,4.11342,-2.03472,-0.0366047,1,2.28163,-1.86,0.391421,3.24069,-2.05084,0.243148,1,3.29298,-1.86,0.576045,4.27417,-1.96662,0.437882,1,2.98528,-1.86,0.419927,3.94359,-1.98017,0.277375,1,3.59139,-1.86,0.474859,4.59046,-2.02234,0.333714,1,2.57065,-1.86,0.24937,3.53683,-2.05833,0.0763567,1,
2.66672,3.97305,-3.61475,0.225128,4.98672,-3.83568,0.069296,2.61553,-1.86,0.685979,3.56741,-2.03019,0.543103,1,3.26103,-1.86,0.841441,4.23244,-2.00079,0.71231,1,3.2649,-1.86,0.45152,4.24132,-1.99496,0.298434,1,2.81288,-1.86,0.724197,3.76856,-2.02188,0.581778,1,2.43416,-1.86,0.793416,3.41975,-2.08291,0.640186,1,2.86022,-1.86,0.393355,3.82476,-2.04076,0.236907,1,3.1213,-1.86,0.791275,4.10114,-2.00634,0.689333,1,3.26464,-1.86,0.156518,4.23878,-1.98888,-0.0131753,1,2.61404,-1.86,0.378181,3.5646,-2.02574,0.22497,1,3.50956,-1.86,0.373899,4.50755,-1.97646,0.22279,1,2.93097,-1.86,0.865048,3.89257,-2.02274,0.734993,1,2.83252,-1.86,0.583953,3.78848,-2.00575,0.430516,1,2.83338,-1.86,0.231094,3.80067,-2.05746,0.0669223,1,3.59096,-1.86,0.788458,4.58793,-1.98551,0.662651,1,2.16693,-1.86,0.486175,3.09066,-1.95868,0.346457,1,3.21964,-1.86,0.701564,4.19931,-1.97931,0.570662,1,2.56358,-1.86,0.864335,3.56131,-2.08298,0.704355,1,2.96358,-1.86,0.552539,3.94667,-2.00806,0.41858,1,2.97747,-1.86,0.160515,3.94314,-2.0332,0.00211993,1,2.44315,-1.86,0.623764,3.42825,-2.08378,0.467541,1,3.57852,-1.86,0.606245,4.57017,-1.98865,0.463316,1,2.4129,-1.86,0.235205,3.36141,-2.04179,0.0822386,1,2.13525,-1.86,0.87316,3.08582,-2.02037,0.744716,1,3.47408,-1.86,0.719398,4.4683,-1.99068,0.588794,1,2.409,-1.86,0.472793,3.36523,-2.0413,0.324029,1,2.31211,-1.86,0.876582,3.27053,-2.02882,0.752724,1,2.60201,-1.86,0.528433,3.57847,-2.05954,0.374392,1,2.73156,-1.86,0.466152,3.67305,-2.01727,0.318188,1,3.40505,-1.86,0.458475,4.40352,-1.96073,0.319192,1,2.98688,-1.86,0.683479,3.94943,-1.99705,0.544739,1,3.3458,-1.86,0.265764,4.32327,-1.99413,0.100596,1,3.11528,-1.86,0.429402,4.08319,-2.01705,0.274228,1,3.49654,-1.86,0.229636,4.48833,-1.99683,0.068406,1,3.46176,-1.86,0.850824,4.44885,-1.99471,0.724936,1,2.23342,-1.86,0.261529,3.1726,-1.97697,0.0988645,1,3.09771,-1.86,0.241443,4.07858,-1.98392,0.0933336,1,2.69197,-1.86,0.828131,3.65885,-2.05196,0.678228,1,3.34448,-1.86,0.694461,4.32366,-2.0261,0.559307,1,2.70396,-1.86,0.265741,3.67164,-2.05196,0.101889,1,2.8404,-1.86,0.10536,3.81746,-2.01351,-0.052096,1,2.11007,-1.86,0.684703,3.0569,-2.00309,0.547161,1,3.41674,-1.86,0.588869,4.41923,-1.97298,0.44843,1,2.25643,-1.86,0.729773,3.22197,-2.04216,0.591472,1,3.12645,-1.86,0.554272,4.05289,-1.88433,0.419223,1,3.57138,-1.86,0.108755,4.5652,-1.99387,-0.064956,1,2.95131,-1.86,0.295933,3.91553,-2.0122,0.140082,1,2.14264,-1.86,0.178683,3.0972,-2.02015,0.015127,1,2.50027,-1.86,0.139005,3.47244,-2.0717,-0.0248153,1,3.40749,-1.86,0.092095,4.38572,-1.98983,-0.0846044,1,2.49517,-1.86,0.357401,3.46184,-2.06535,0.196424,1,3.22253,-1.86,0.302939,4.18903,-2.00839,0.147219,1,2.06978,-1.86,0.395393,2.98092,-1.93976,0.272032,1,2.30653,-1.86,0.60004,3.23674,-1.98923,0.470992,1,2.68187,-1.86,0.135505,3.61028,-1.95423,-0.0411872,1,2.32969,-1.86,0.111661,3.26546,-2.00548,-0.0414145,1,3.14456,-1.86,0.128855,4.10963,-2.04234,-0.036617,1,2.28163,-1.86,0.391421,3.24069,-2.05084,0.243148,1,3.29298,-1.86,0.576045,4.2699,-1.97103,0.435164,1,2.98528,-1.86,0.419927,3.94214,-1.98945,0.276533,1,3.59139,-1.86,0.474859,4.58271,-2.02497,0.33146,1,2.57065,-1.86,0.24937,3.53683,-2.05833,0.0763567,1,
2.70006,3.97305,-3.61475,0.225128,4.99666,-3.83538,0.0690529,2.61553,-1.86,0.685979,3.56741,-2.03019,0.543103,1,3.26103,-1.86,0.841441,4.22364,-2.00336,0.712724,1,3.2649,-1.86,0.45152,4.2348,-1.99651,0.298446,1,2.81288,-1.86,0.724197,3.76008,-2.0225,0.578754,1,2.43416,-1.86,0.793416,3.41975,-2.08291,0.640186,1,2.86022,-1.86,0.393355,3.82047,-2.04083,0.235951,1,3.1213,-1.86,0.791275,4.09449,-2.00736,0.689228,1,3.26464,-1.86,0.156518,4.23359,-1.99199,-0.0135701,1,2.61404,-1.86,0.378181,3.5646,-2.02574,0.22497,1,3.50956,-1.86,0.373899,4.50189,-1.97948,0.222042,1,2.93097,-1.86,0.865048,3.88525,-2.02355,0.732865,1,2.83252,-1.86,0.583953,3.78198,-2.00411,0.428593,1,2.83338,-1.86,0.231094,3.79553,-2.05891,0.0663792,1,3.59096,-1.86,0.788458,4.57989,-1.98792,0.660447,1,2.16693,-1.86,0.486175,3.09066,-1.95868,0.346457,1,3.21964,-1.86,0.701564,4.19229,-1.98126,0.571097,1,2.56358,-1.86,0.864335,3.56131,-2.08298,0.704355,1,2.96358,-1.86,0.552539,3.94204,-2.00834,0.41738,1,2.97747,-1.86,0.160515,3.93736,-2.03406,-0.000164419,1,2.44315,-1.86,0.623764,3.42825,-2.08378,0.467541,1,3.57852,-1.86,0.606245,4.56323,-1.99183,0.463798,1,2.4129,-1.86,0.235205,3.36141,-2.04179,0.0822386,1,2.13525,-1.86,0.87316,3.08582,-2.02037,0.744716,1,3.47408,-1.86,0.719398,4.46064,-1.9936,0.588309,1,2.409,-1.86,0.472793,3.36523,-2.0413,0.324029,1,2.31211,-1.86,0.876582,3.27053,-2.02882,0.752724,1,2.60201,-1.86,0.528433,3.57847,-2.05954,0.374392,1,2.73156,-1.86,0.466152,3.67305,-2.01727,0.318188,1,3.40505,-1.86,0.458475,4.39706,-1.96295,0.320325,1,2.98688,-1.86,0.683479,3.94241,-1.99849,0.543908,1,3.3458,-1.86,0.265764,4.31836,-1.99649,0.100695,1,3.11528,-1.86,0.429402,4.07971,-2.02179,0.273637,1,3.49654,-1.86,0.229636,4.48192,-1.99942,0.0696519,1,3.46176,-1.86,0.850824,4.44172,-1.997,0.725149,1,2.23342,-1.86,0.261529,3.1726,-1.97697,0.0988645,1,3.09771,-1.86,0.241443,4.07254,-1.98614,0.0934797,1,2.69197,-1.86,0.828131,3.65885,-2.05196,0.678228,1,3.34448,-1.86,0.694461,4.3171,-2.0294,0.559371,1,2.70396,-1.86,0.265741,3.67164,-2.05196,0.101889,1,2.8404,-1.86,0.10536,3.81212,-2.01299,-0.0526681,1,2.11007,-1.86,0.684703,3.0569,-2.00309,0.547161,1,3.41674,-1.86,0.588869,4.41052,-1.97619,0.445479,1,2.25643,-1.86,0.729773,3.22197,-2.04216,0.591472,1,3.12645,-1.86,0.554272,4.04547,-1.88791,0.418827,1,3.57138,-1.86,0.108755,4.56104,-1.99602,-0.0657434,1,2.95131,-1.86,0.295933,3.91046,-2.01246,0.13871,1,2.14264,-1.86,0.178683,3.0972,-2.02015,0.015127,1,2.50027,-1.86,0.139005,3.47244,-2.0717,-0.0248153,1,3.40749,-1.86,0.092095,4.37813,-1.99294,-0.0840245,1,2.49517,-1.86,0.357401,3.46184,-2.06535,0.196424,1,3.22253,-1.86,0.302939,4.18508,-2.00941,0.147287,1,2.06978,-1.86,0.395393,2.98092,-1.93976,0.272032,1,2.30653,-1.86,0.60004,3.23674,-1.98923,0.470992,1,2.68187,-1.86,0.135505,3.61028,-1.95423,-0.0411872,1,2.32969,-1.86,0.111661,3.26546,-2.00548,-0.0414145,1,3.14456,-1.86,0.128855,4.10502,-2.04348,-0.0370461,1,2.28163,-1.86,0.391421,3.24069,-2.05084,0.243148,1,3.29298,-1.86,0.576045,4.26399,-1.97245,0.435784,1,2.98528,-1.86,0.419927,3.93583,-1.98969,0.274612,1,3.59139,-1.86,0.474859,4.57889,-2.02727,0.330369,1,2.57065,-1.86,0.24937,3.53683,-2.05833,0.0763567,1,
2.73339,3.99819,-3.61386,0.22475,5.02215,-3.83459,0.06843,2.61553,-1.86,0.685979,3.56741,-2.03019,0.543103,1,3.26103,-1.86,0.841441,4.24142,-2.00492,0.707916,1,3.2649,-1.86,0.45152,4.25001,-1.99973,0.295639,1,2.81288,-1.86,0.724197,3.77558,-2.02683,0.576572,1,2.43416,-1.86,0.793416,3.41975,-2.08291,0.640186,1,2.86022,-1.86,0.393355,3.83201,-2.04189,0.234219,1,3.1213,-1.86,0.791275,4.11159,-2.00908,0.687888,1,3.26464,-1.86,0.156518,4.24656,-1.99315,-0.0145035,1,2.61404,-1.86,0.378181,3.5646,-2.02574,0.22497,1,3.50956,-1.86,0.373899,4.51361,-1.98381,0.220747,1,2.93097,-1.86,0.865048,3.90058,-2.02469,0.730625,1,2.83252,-1.86,0.583953,3.79469,-2.00644,0.428533,1,2.83338,-1.86,0.231094,3.8105,-2.05882,0.0654896,1,3.59096,-1.86,0.788458,4.59618,-1.99108,0.654155,1,2.16693,-1.86,0.486175,3.09066,-1.95868,0.346457,1,3.21964,-1.86,0.701564,4.20609,-1.98417,0.567888,1,2.56358,-1.86,0.864335,3.56131,-2.08298,0.704355,1,2.96358,-1.86,0.552539,3.95569,-2.00908,0.416882,1,2.97747,-1.86,0.160515,3.94994,-2.03715,-0.00190607,1,2.44315,-1.86,0.623764,3.42825,-2.08378,0.467541,1,3.57852,-1.86,0.606245,4.58088,-1.99565,0.462805,1,2.4129,-1.86,0.235205,3.36141,-2.04179,0.0822386,1,2.13525,-1.86,0.87316,3.08582,-2.02037,0.744716,1,3.47408,-1.86,0.719398,4.47697,-1.99734,0.586131,1,2.409,-1.86,0.472793,3.36523,-2.0413,0.324029,1,2.31211,-1.86,0.876582,3.27053,-2.02882,0.752724,1,2.60201,-1.86,0.528433,3.57847,-2.05954,0.374392,1,2.73156,-1.86,0.466152,3.67305,-2.01727,0.318188,1,3.40505,-1.86,0.458475,4.41295,-1.96697,0.316753,1,2.98688,-1.86,0.683479,3.95684,-2.00054,0.541626,1,3.3458,-1.86,0.265764,4.33307,-1.9988,0.099632,1,3.11528,-1.86,0.429402,4.09487,-2.01929,0.272971,1,3.49654,-1.86,0.229636,4.49583,-2.00446,0.0686665,1,3.46176,-1.86,0.850824,4.4575,-1.99899,0.720383,1,2.23342,-1.86,0.261529,3.1726,-1.97697,0.0988645,1,3.09771,-1.86,0.241443,4.08579,-1.98896,0.0931419,1,2.69197,-1.86,0.828131,3.65885,-2.05196,0.678228,1,3.34448,-1.86,0.694461,4.33122,-2.03201,0.555134,1,2.70396,-1.86,0.265741,3.67164,-2.05196,0.101889,1,2.8404,-1.86,0.10536,3.82562,-2.01449,-0.0535474,1,2.11007,-1.86,0.684703,3.0569,-2.00309,0.547161,1,3.41674,-1.86,0.588869,4.42588,-1.98065,0.44556,1,2.25643,-1.86,0.729773,3.22197,-2.04216,0.591472,1,3.12645,-1.86,0.554272,4.06121,-1.88921,0.416223,1,3.57138,-1.86,0.108755,4.57711,-2.00054,-0.0687613,1,2.95131,-1.86,0.295933,3.9233,-2.0143,0.13694,1,2.14264,-1.86,0.178683,3.0972,-2.02015,0.015127,1,2.50027,-1.86,0.139005,3.47244,-2.0717,-0.0248153,1,3.40749,-1.86,0.092095,4.3904,-1.99769,-0.0833251,1,2.49517,-1.86,0.357401,3.46184,-2.06535,0.196424,1,3.22253,-1.86,0.302939,4.19936,-2.01041,0.144874,1,2.06978,-1.86,0.395393,2.98092,-1.93976,0.272032,1,2.30653,-1.86,0.60004,3.23674,-1.98923,0.470992,1,2.68187,-1.86,0.135505,3.61028,-1.95423,-0.0411872,1,2.32969,-1.86,0.111661,3.26546,-2.00548,-0.0414145,1,3.14456,-1.86,0.128855,4.1186,-2.04429,-0.0392876,1,2.28163,-1.86,0.391421,3.24069,-2.05084,0.243148,1,3.29298,-1.86,0.576045,4.27869,-1.97446,0.432934,1,2.98528,-1.86,0.419927,3.94873,-1.99211,0.272127,1,3.59139,-1.86,0.474859,4.5937,-2.03172,0.328698,1,2.57065,-1.86,0.24937,3.53683,-2.05833,0.0763567,1,
2.76673,4.00775,-3.61351,0.224268,5.03267,-3.83401,0.0681821,2.61553,-1.86,0.685979,3.56741,-2.03019,0.543103,1,3.26103,-1.86,0.841441,4.23113,-1.98931,0.714177,1,3.2649,-1.86,0.45152,4.23899,-1.98546,0.29823,1,2.81288,-1.86,0.724197,3.76035,-2.00893,0.581648,1,2.43416,-1.86,0.793416,3.41975,-2.08291,0.640186,1,2.86022,-1.86,0.393355,3.81714,-2.03042,0.233666,1,3.1213,-1.86,0.791275,4.09711,-1.99534,0.690942,1,3.26464,-1.86,0.156518,4.23461,-1.97834,-0.0150403,1,2.61404,-1.86,0.378181,3.5646,-2.02574,0.22497,1,3.50956,-1.86,0.373899,4.50433,-1.97052,0.220751,1,2.93097,-1.86,0.865048,3.88672,-2.00815,0.73745,1,2.83252,-1.86,0.583953,3.77996,-1.99192,0.430823,1,2.83338,-1.86,0.231094,3.79411,-2.04403,0.066016,1,3.59096,-1.86,0.788458,4.58558,-1.97968,0.657844,1,2.16693,-1.86,0.486175,3.09066,-1.95868,0.346457,1,3.21964,-1.86,0.701564,4.19602,-1.96951,0.572648,1,2.56358,-1.86,0.864335,3.56131,-2.08298,0.704355,1,2.96358,-1.86,0.552539,3.94373,-1.99477,0.42039,1,2.97747,-1.86,0.160515,3.93818,-2.02232,-0.00675486,1,2.44315,-1.86,0.623764,3.42825,-2.08378,0.467541,1,3.57852,-1.86,0.606245,4.56964,-1.98285,0.46258,1,2.4129,-1.86,0.235205,3.36141,-2.04179,0.0822386,1,2.13525,-1.86,0.87316,3.08582,-2.02037,0.744716,1,3.47408,-1.86,0.719398,4.46754,-1.98465,0.591287,1,2.409,-1.86,0.472793,3.36523,-2.0413,0.324029,1,2.31211,-1.86,0.876582,3.27053,-2.02882,0.752724,1,2.60201,-1.86,0.528433,3.57847,-2.05954,0.374392,1,2.73156,-1.86,0.466152,3.67305,-2.01727,0.318188,1,3.40505,-1.86,0.458475,4.40362,-1.9537,0.319356,1,2.98688,-1.86,0.683479,3.9425,-1.98449,0.545205,1,3.3458,-1.86,0.265764,4.31992,-1.9857,0.0983286,1,3.11528,-1.86,0.429402,4.07974,-2.00454,0.274551,1,3.49654,-1.86,0.229636,4.4864,-1.99144,0.0688024,1,3.46176,-1.86,0.850824,4.44736,-1.98689,0.726015,1,2.23342,-1.86,0.261529,3.1726,-1.97697,0.0988645,1,3.09771,-1.86,0.241443,4.07314,-1.97393,0.0927817,1,2.69197,-1.86,0.828131,3.65885,-2.05196,0.678228,1,3.34448,-1.86,0.694461,4.32219,-2.01759,0.557818,1,2.70396,-1.86,0.265741,3.67164,-2.05196,0.101889,1,2.8404,-1.86,0.10536,3.81263,-2.00019,-0.0550834,1,2.11007,-1.86,0.684703,3.0569,-2.00309,0.547161,1,3.41674,-1.86,0.588869,4.41544,-1.96597,0.44873,1,2.25643,-1.86,0.729773,3.22197,-2.04216,0.591472,1,3.12645,-1.86,0.554272,4.0474,-1.87141,0.420275,1,3.57138,-1.86,0.108755,4.56721,-1.98861,-0.0695155,1,2.95131,-1.86,0.295933,3.91071,-1.99979,0.138353,1,2.14264,-1.86,0.178683,3.0972,-2.02015,0.015127,1,2.50027,-1.86,0.139005,3.47244,-2.0717,-0.0248153,1,3.40749,-1.86,0.092095,4.3786,-1.9839,-0.084321,1,2.49517,-1.86,0.357401,3.46184,-2.06535,0.196424,1,3.22253,-1.86,0.302939,4.18685,-1.9972,0.142321,1,2.06978,-1.86,0.395393,2.98092,-1.93976,0.272032,1,2.30653,-1.86,0.60004,3.23674,-1.98923,0.470992,1,2.68187,-1.86,0.135505,3.61028,-1.95423,-0.0411872,1,2.32969,-1.86,0.111661,3.26546,-2.00548,-0.0414145,1,3.14456,-1.86,0.128855,4.1074,-2.02952,-0.038955,1,2.28163,-1.86,0.391421,3.24069,-2.05084,0.243148,1,3.29298,-1.86,0.576045,4.26807,-1.96043,0.436531,1,2.98528,-1.86,0.419927,3.93465,-1.97774,0.273866,1,3.59139,-1.86,0.474859,4.58432,-2.01966,0.329481,1,2.57065,-1.86,0.24937,3.53683,-2.05833,0.0763567,1,
2.80006,4.03343,-3.61251,0.223903,5.05892,-3.83318,0.067541,2.61553,-1.86,0.685979,3.56741,-2.03019,0.543103,1,3.26103,-1.86,0.841441,4.23885,-1.9952,0.711819,1,3.2649,-1.86,0.45152,4.25095,-1.98984,0.2954,1,2.81288,-1.86,0.724197,3.77308,-2.0165,0.578746,1,2.43416,-1.86,0.793416,3.41975,-2.08291,0.640186,1,2.86022,-1.86,0.393355,3.83348,-2.03801,0.231374,1,3.1213,-1.86,0.791275,4.10781,-2.00396,0.686936,1,3.26464,-1.86,0.156518,4.24467,-1.98341,-0.0178179,1,2.61404,-1.86,0.378181,3.5646,-2.02574,0.22497,1,3.50956,-1.86,0.373899,4.51832,-1.97083,0.220748,1,2.93097,-1.86,0.865048,3.89942,-2.0147,0.734287,1,2.83252,-1.86,0.583953,3.79407,-1.99908,0.427859,1,2.83338,-1.86,0.231094,3.81002,-2.05328,0.0639666,1,3.59096,-1.86,0.788458,4.59636,-1.98145,0.660333,1,2.16693,-1.86,0.486175,3.09066,-1.95868,0.346457,1,3.21964,-1.86,0.701564,4.20526,-1.97398,0.569266,1,2.56358,-1.86,0.864335,3.56131,-2.08298,0.704355,1,2.96358,-1.86,0.552539,3.95618,-2.00128,0.416924,1,2.97747,-1.86,0.160515,3.95318,-2.02676,-0.00575276,1,2.44315,-1.86,0.623764,3.42825,-2.08378,0.467541,1,3.57852,-1.86,0.606245,4.58175,-1.98418,0.46278,1,2.4129,-1.86,0.235205,3.36141,-2.04179,0.0822386,1,2.13525,-1.86,0.87316,3.08582,-2.02037,0.744716,1,3.47408,-1.86,0.719398,4.47709,-1.98722,0.589729,1,2.409,-1.86,0.472793,3.36523,-2.0413,0.324029,1,2.31211,-1.86,0.876582,3.27053,-2.02882,0.752724,1,2.60201,-1.86,0.528433,3.57847,-2.05954,0.374392,1,2.73156,-1.86,0.466152,3.67305,-2.01727,0.318188,1,3.40505,-1.86,0.458475,4.41464,-1.95649,0.316671,1,2.98688,-1.86,0.683479,3.95519,-1.99145,0.542592,1,3.3458,-1.86,0.265764,4.33429,-1.9896,0.0982323,1,3.11528,-1.86,0.429402,4.09384,-2.01145,0.272403,1,3.49654,-1.86,0.229636,4.49275,-1.99483,0.064151,1,3.46176,-1.86,0.850824,4.45824,-1.98941,0.72557,1,2.23342,-1.86,0.261529,3.1726,-1.97697,0.0988645,1,3.09771,-1.86,0.241443,4.0828,-1.98113,0.0883097,1,2.69197,-1.86,0.828131,3.65885,-2.05196,0.678228,1,3.34448,-1.86,0.694461,4.33276,-2.02051,0.555508,1,2.70396,-1.86,0.265741,3.67164,-2.05196,0.101889,1,2.8404,-1.86,0.10536,3.82622,-2.00771,-0.0555321,1,2.11007,-1.86,0.684703,3.0569,-2.00309,0.547161,1,3.41674,-1.86,0.588869,4.4257,-1.96826,0.444387,1,2.25643,-1.86,0.729773,3.22197,-2.04216,0.591472,1,3.12645,-1.86,0.554272,4.05842,-1.87792,0.41751,1,3.57138,-1.86,0.108755,4.5777,-1.98988,-0.0703769,1,2.95131,-1.86,0.295933,3.92189,-2.00717,0.13584,1,2.14264,-1.86,0.178683,3.0972,-2.02015,0.015127,1,2.50027,-1.86,0.139005,3.47244,-2.0717,-0.0248153,1,3.40749,-1.86,0.092095,4.38923,-1.98693,-0.0852721,1,2.49517,-1.86,0.357401,3.46184,-2.06535,0.196424,1,3.22253,-1.86,0.302939,4.19918,-2.00354,0.14019,1,2.06978,-1.86,0.395393,2.98092,-1.93976,0.272032,1,2.30653,-1.86,0.60004,3.23674,-1.98923,0.470992,1,2.68187,-1.86,0.135505,3.61028,-1.95423,-0.0411872,1,2.32969,-1.86,0.111661,3.26546,-2.00548,-0.0414145,1,3.14456,-1.86,0.128855,4.11739,-2.03592,-0.0405767,1,2.28163,-1.86,0.391421,3.24069,-2.05084,0.243148,1,3.29298,-1.86,0.576045,4.27595,-1.96562,0.432363,1,2.98528,-1.86,0.419927,3.94781,-1.98428,0.271547,1,3.59139,-1.86,0.474859,4.59647,-2.02019,0.32748,1,2.57065,-1.86,0.24937,3.53683,-2.05833,0.0763567,1,
2.83339,4.03343,-3.61251,0.223903,5.07381,-3.83226,0.0671935,2.61553,-1.86,0.685979,3.56741,-2.03019,0.543103,1,3.26103,-1.86,0.841441,4.24794,-2.00947,0.706327,1,3.2649,-1.86,0.45152,4.25609,-2.00455,0.292265,1,2.81288,-1.86,0.724197,3.77895,-2.02747,0.574502,1,2.43416,-1.86,0.793416,3.41975,-2.08291,0.640186,1,2.86022,-1.86,0.393355,3.8385,-2.04514,0.232195,1,3.1213,-1.86,0.791275,4.11276,-2.01746,0.680422,1,3.26464,-1.86,0.156518,4.25018,-1.99887,-0.0184238,1,2.61404,-1.86,0.378181,3.5646,-2.02574,0.22497,1,3.50956,-1.86,0.373899,4.52288,-1.98628,0.218118,1,2.93097,-1.86,0.865048,3.90542,-2.02516,0.728413,1,2.83252,-1.86,0.583953,3.80039,-2.00822,0.424684,1,2.83338,-1.86,0.231094,3.81601,-2.06227,0.0624982,1,3.59096,-1.86,0.788458,4.6009,-1.99682,0.656221,1,2.16693,-1.86,0.486175,3.09066,-1.95868,0.346457,1,3.21964,-1.86,0.701564,4.21347,-1.98737,0.562582,1,2.56358,-1.86,0.864335,3.56131,-2.08298,0.704355,1,2.96358,-1.86,0.552539,3.96364,-2.01358,0.413208,1,2.97747,-1.86,0.160515,3.95638,-2.03805,-0.00746912,1,2.44315,-1.86,0.623764,3.42825,-2.08378,0.467541,1,3.57852,-1.86,0.606245,4.58635,-1.99946,0.458088,1,2.4129,-1.86,0.235205,3.36141,-2.04179,0.0822386,1,2.13525,-1.86,0.87316,3.08582,-2.02037,0.744716,1,3.47408,-1.86,0.719398,4.48247,-2.00193,0.583493,1,2.409,-1.86,0.472793,3.36523,-2.0413,0.324029,1,2.31211,-1.86,0.876582,3.27053,-2.02882,0.752724,1,2.60201,-1.86,0.528433,3.57847,-2.05954,0.374392,1,2.73156,-1.86,0.466152,3.67305,-2.01727,0.318188,1,3.40505,-1.86,0.458475,4.41953,-1.97246,0.313882,1,2.98688,-1.86,0.683479,3.96169,-2.00223,0.538427,1,3.3458,-1.86,0.265764,4.33968,-2.00253,0.0965838,1,3.11528,-1.86,0.429402,4.10092,-2.02183,0.270419,1,3.49654,-1.86,0.229636,4.49769,-2.01269,0.0635315,1,3.46176,-1.86,0.850824,4.46208,-2.00354,0.718864,1,2.23342,-1.86,0.261529,3.1726,-1.97697,0.0988645,1,3.09771,-1.86,0.241443,4.08977,-1.99714,0.0882543,1,2.69197,-1.86,0.828131,3.65885,-2.05196,0.678228,1,3.34448,-1.86,0.694461,4.33919,-2.03467,0.550996,1,2.70396,-1.86,0.265741,3.67164,-2.05196,0.101889,1,2.8404,-1.86,0.10536,3.83292,-2.01961,-0.0560494,1,2.11007,-1.86,0.684703,3.0569,-2.00309,0.547161,1,3.41674,-1.86,0.588869,4.43349,-1.9829,0.442476,1,2.25643,-1.86,0.729773,3.22197,-2.04216,0.591472,1,3.12645,-1.86,0.554272,4.06319,-1.89305,0.413647,1,3.57138,-1.86,0.108755,4.57954,-2.00711,-0.0688671,1,2.95131,-1.86,0.295933,3.93092,-2.02034,0.134778,1,2.14264,-1.86,0.178683,3.0972,-2.02015,0.015127,1,2.50027,-1.86,0.139005,3.47244,-2.0717,-0.0248153,1,3.40749,-1.86,0.092095,4.392,-2.00255,-0.0845005,1,2.49517,-1.86,0.357401,3.46184,-2.06535,0.196424,1,3.22253,-1.86,0.302939,4.20385,-2.01786,0.136482,1,2.06978,-1.86,0.395393,2.98092,-1.93976,0.272032,1,2.30653,-1.86,0.60004,3.23674,-1.98923,0.470992,1,2.68187,-1.86,0.135505,3.61028,-1.95423,-0.0411872,1,2.32969,-1.86,0.111661,3.26546,-2.00548,-0.0414145,1,3.14456,-1.86,0.128855,4.12688,-2.05027,-0.0408733,1,2.28163,-1.86,0.391421,3.24069,-2.05084,0.243148,1,3.29298,-1.86,0.576045,4.2823,-1.98221,0.428455,1,2.98528,-1.86,0.419927,3.95476,-1.99463,0.268324,1,3.59139,-1.86,0.474859,4.60006,-2.03647,0.324503,1,2.57065,-1.86,0.24937,3.53683,-2.05833,0.0763567,1,
2.86673,4.05975,-3.61154,0.223539,5.08567,-3.83199,0.0669002,2.61553,-1.86,0.685979,3.56741,-2.03019,0.543103,1,3.26103,-1.86,0.841441,4.24128,-1.99821,0.712094,1,3.2649,-1.86,0.45152,4.25044,-1.99563,0.294092,1,2.81288,-1.86,0.724197,3.76871,-2.01723,0.578104,1,2.43416,-1.86,0.793416,3.41975,-2.08291,0.640186,1,2.86022,-1.86,0.393355,3.82874,-2.03429,0.231531,1,3.1213,-1.86,0.791275,4.10661,-2.00636,0.684677,1,3.26464,-1.86,0.156518,4.24328,-1.98879,-0.018843,1,2.61404,-1.86,0.378181,3.5646,-2.02574,0.22497,1,3.50956,-1.86,0.373899,4.51611,-1.98074,0.218445,1,2.93097,-1.86,0.865048,3.89668,-2.01511,0.732105,1,2.83252,-1.86,0.583953,3.78963,-1.99697,0.426246,1,2.83338,-1.86,0.231094,3.80705,-2.05133,0.0635677,1,3.59096,-1.86,0.788458,4.59579,-1.99138,0.658171,1,2.16693,-1.86,0.486175,3.09066,-1.95868,0.346457,1,3.21964,-1.86,0.701564,4.20536,-1.97653,0.564896,1,2.56358,-1.86,0.864335,3.56131,-2.08298,0.704355,1,2.96358,-1.86,0.552539,3.95513,-2.00224,0.416077,1,2.97747,-1.86,0.160515,3.95113,-2.0299,-0.00407393,1,2.44315,-1.86,0.623764,3.42825,-2.08378,0.467541,1,3.57852,-1.86,0.606245,4.58303,-1.99331,0.458809,1,2.4129,-1.86,0.235205,3.36141,-2.04179,0.0822386,1,2.13525,-1.86,0.87316,3.08582,-2.02037,0.744716,1,3.47408,-1.86,0.719398,4.47648,-1.99494,0.585636,1,2.409,-1.86,0.472793,3.36523,-2.0413,0.324029,1,2.31211,-1.86,0.876582,3.27053,-2.02882,0.752724,1,2.60201,-1.86,0.528433,3.57847,-2.05954,0.374392,1,2.73156,-1.86,0.466152,3.67305,-2.01727,0.318188,1,3.40505,-1.86,0.458475,4.41322,-1.96516,0.314972,1,2.98688,-1.86,0.683479,3.95215,-1.99144,0.541966,1,3.3458,-1.86,0.265764,4.33057,-1.99606,0.095915,1,3.11528,-1.86,0.429402,4.09052,-2.01261,0.270974,1,3.49654,-1.86,0.229636,4.49469,-2.00316,0.0629442,1,3.46176,-1.86,0.850824,4.45716,-1.99692,0.721939,1,2.23342,-1.86,0.261529,3.1726,-1.97697,0.0988645,1,3.09771,-1.86,0.241443,4.08058,-1.98438,0.0884614,1,2.69197,-1.86,0.828131,3.65885,-2.05196,0.678228,1,3.34448,-1.86,0.694461,4.33055,-2.02775,0.555915,1,2.70396,-1.86,0.265741,3.67164,-2.05196,0.101889,1,2.8404,-1.86,0.10536,3.82484,-2.00804,-0.0574743,1,2.11007,-1.86,0.684703,3.0569,-2.00309,0.547161,1,3.41674,-1.86,0.588869,4.42555,-1.97531,0.445282,1,2.25643,-1.86,0.729773,3.22197,-2.04216,0.591472,1,3.12645,-1.86,0.554272,4.05421,-1.88377,0.415278,1,3.57138,-1.86,0.108755,4.57469,-2.00167,-0.0703894,1,2.95131,-1.86,0.295933,3.92023,-2.00658,0.134678,1,2.14264,-1.86,0.178683,3.0972,-2.02015,0.015127,1,2.50027,-1.86,0.139005,3.47244,-2.0717,-0.0248153,1,3.40749,-1.86,0.092095,4.38783,-1.99399,-0.0812383,1,2.49517,-1.86,0.357401,3.46184,-2.06535,0.196424,1,3.22253,-1.86,0.302939,4.19761,-2.00908,0.137782,1,2.06978,-1.86,0.395393,2.98092,-1.93976,0.272032,1,2.30653,-1.86,0.60004,3.23674,-1.98923,0.470992,1,2.68187,-1.86,0.135505,3.61028,-1.95423,-0.0411872,1,2.32969,-1.86,0.111661,3.26546,-2.00548,-0.0414145,1,3.14456,-1.86,0.128855,4.1178,-2.03769,-0.0415765,1,2.28163,-1.86,0.391421,3.24069,-2.05084,0.243148,1,3.29298,-1.86,0.576045,4.27529,-1.97159,0.432421,1,2.98528,-1.86,0.419927,3.94707,-1.98183,0.271574,1,3.59139,-1.86,0.474859,4.59502,-2.03119,0.325745,1,2.57065,-1.86,0.24937,3.53683,-2.05833,0.0763567,1,
2.90006,4.05975,-3.61154,0.223539,5.10093,-3.83108,0.0665429,2.61553,-1.86,0.685979,3.56741,-2.03019,0.543103,1,3.26103,-1.86,0.841441,4.23685,-2.00005,0.709917,1,3.2649,-1.86,0.45152,4.24932,-1.9948,0.294901,1,2.81288,-1.86,0.724197,3.76871,-2.01723,0.578104,1,2.43416,-1.86,0.793416,3.41975,-2.08291,0.640186,1,2.86022,-1.86,0.393355,3.82749,-2.03456,0.231546,1,3.1213,-1.86,0.791275,4.1023,-2.00534,0.687191,1,3.26464,-1.86,0.156518,4.24145,-1.98797,-0.0175269,1,2.61404,-1.86,0.378181,3.5646,-2.02574,0.22497,1,3.50956,-1.86,0.373899,4.51421,-1.98133,0.217775,1,2.93097,-1.86,0.865048,3.89458,-2.01521,0.731466,1,2.83252,-1.86,0.583953,3.78688,-1.99965,0.427894,1,2.83338,-1.86,0.231094,3.80485,-2.05123,0.0629503,1,3.59096,-1.86,0.788458,4.59441,-1.99024,0.655359,1,2.16693,-1.86,0.486175,3.09066,-1.95868,0.346457,1,3.21964,-1.86,0.701564,4.20334,-1.97823,0.565943,1,2.56358,-1.86,0.864335,3.56131,-2.08298,0.704355,1,2.96358,-1.86,0.552539,3.95292,-2.00334,0.416502,1,2.97747,-1.86,0.160515,3.94573,-2.02971,-0.00357248,1,2.44315,-1.86,0.623764,3.42825,-2.08378,0.467541,1,3.57852,-1.86,0.606245,4.58064,-1.99389,0.461603,1,2.4129,-1.86,0.235205,3.36141,-2.04179,0.0822386,1,2.13525,-1.86,0.87316,3.08582,-2.02037,0.744716,1,3.47408,-1.86,0.719398,4.47467,-1.99569,0.587564,1,2.409,-1.86,0.472793,3.36523,-2.0413,0.324029,1,2.31211,-1.86,0.876582,3.27053,-2.02882,0.752724,1,2.60201,-1.86,0.528433,3.57847,-2.05954,0.374392,1,2.73156,-1.86,0.466152,3.67305,-2.01727,0.318188,1,3.40505,-1.86,0.458475,4.40779,-1.96692,0.31518,1,2.98688,-1.86,0.683479,3.95041,-1.99214,0.541172,1,3.3458,-1.86,0.265764,4.32688,-1.99926,0.0970388,1,3.11528,-1.86,0.429402,4.09129,-2.01465,0.270663,1,3.49654,-1.86,0.229636,4.48865,-2.00345,0.0628903,1,3.46176,-1.86,0.850824,4.45508,-1.99694,0.722713,1,2.23342,-1.86,0.261529,3.1726,-1.97697,0.0988645,1,3.09771,-1.86,0.241443,4.0782,-1.98395,0.0905689,1,2.69197,-1.86,0.828131,3.65885,-2.05196,0.678228,1,3.34448,-1.86,0.694461,4.32981,-2.02928,0.555553,1,2.70396,-1.86,0.265741,3.67164,-2.05196,0.101889,1,2.8404,-1.86,0.10536,3.82228,-2.00746,-0.0567969,1,2.11007,-1.86,0.684703,3.0569,-2.00309,0.547161,1,3.41674,-1.86,0.588869,4.42367,-1.97651,0.44358,1,2.25643,-1.86,0.729773,3.22197,-2.04216,0.591472,1,3.12645,-1.86,0.554272,4.04908,-1.88548,0.416126,1,3.57138,-1.86,0.108755,4.57584,-2.00006,-0.0700613,1,2.95131,-1.86,0.295933,3.91934,-2.00779,0.135418,1,2.14264,-1.86,0.178683,3.0972,-2.02015,0.015127,1,2.50027,-1.86,0.139005,3.47244,-2.0717,-0.0248153,1,3.40749,-1.86,0.092095,4.3873,-1.99221,-0.0841069,1,2.49517,-1.86,0.357401,3.46184,-2.06535,0.196424,1,3.22253,-1.86,0.302939,4.19417,-2.00811,0.135843,1,2.06978,-1.86,0.395393,2.98092,-1.93976,0.272032,1,2.30653,-1.86,0.60004,3.23674,-1.98923,0.470992,1,2.68187,-1.86,0.135505,3.61028,-1.95423,-0.0411872,1,2.32969,-1.86,0.111661,3.26546,-2.00548,-0.0414145,1,3.14456,-1.86,0.128855,4.11617,-2.03976,-0.0413991,1,2.28163,-1.86,0.391421,3.24069,-2.05084,0.243148,1,3.29298,-1.86,0.576045,4.27476,-1.97012,0.43028,1,2.98528,-1.86,0.419927,3.9443,-1.98201,0.271637,1,3.59139,-1.86,0.474859,4.59188,-2.03149,0.32614,1,2.57065,-1.86,0.24937,3.53683,-2.05833,0.0763567,1,
2.9334,4.08506,-3.6107,0.223183,5.11224,-3.83035,0.06628,2.61553,-1.86,0.685979,3.56741,-2.03019,0.543103,1,3.26103,-1.86,0.841441,4.23023,-1.98837,0.712884,1,3.2649,-1.86,0.45152,4.24103,-1.98076,0.295997,1,2.81288,-1.86,0.724197,3.76871,-2.01723,0.578104,1,2.43416,-1.86,0.793416,3.41975,-2.08291,0.640186,1,2.86022,-1.86,0.393355,3.81704,-2.02034,0.232173,1,3.1213,-1.86,0.791275,4.09253,-1.99292,0.685952,1,3.26464,-1.86,0.156518,4.23531,-1.97258,-0.0204953,1,2.61404,-1.86,0.378181,3.5646,-2.02574,0.22497,1,3.50956,-1.86,0.373899,4.50942,-1.96624,0.219499,1,2.93097,-1.86,0.865048,3.88557,-2.0021,0.735511,1,2.83252,-1.86,0.583953,3.77625,-1.98818,0.430202,1,2.83338,-1.86,0.231094,3.80485,-2.05123,0.0629503,1,3.59096,-1.86,0.788458,4.58814,-1.97655,0.658414,1,2.16693,-1.86,0.486175,3.09066,-1.95868,0.346457,1,3.21964,-1.86,0.701564,4.1952,-1.9648,0.569076,1,2.56358,-1.86,0.864335,3.56131,-2.08298,0.704355,1,2.96358,-1.86,0.552539,3.94245,-1.99149,0.417454,1,2.97747,-1.86,0.160515,3.93842,-2.0196,-0.00619174,1,2.44315,-1.86,0.623764,3.42825,-2.08378,0.467541,1,3.57852,-1.86,0.606245,4.5739,-1.98024,0.462761,1,2.4129,-1.86,0.235205,3.36141,-2.04179,0.0822386,1,2.13525,-1.86,0.87316,3.08582,-2.02037,0.744716,1,3.47408,-1.86,0.719398,4.4693,-1.98121,0.589577,1,2.409,-1.86,0.472793,3.36523,-2.0413,0.324029,1,2.31211,-1.86,0.876582,3.27053,-2.02882,0.752724,1,2.60201,-1.86,0.528433,3.57847,-2.05954,0.374392,1,2.73156,-1.86,0.466152,3.67305,-2.01727,0.318188,1,3.40505,-1.86,0.458475,4.40259,-1.95369,0.316661,1,2.98688,-1.86,0.683479,3.93967,-1.97885,0.543243,1,3.3458,-1.86,0.265764,4.31928,-1.98559,0.0952785,1,3.11528,-1.86,0.429402,4.08145,-1.99849,0.271121,1,3.49654,-1.86,0.229636,4.48149,-1.99105,0.0623391,1,3.46176,-1.86,0.850824,4.45166,-1.98139,0.722826,1,2.23342,-1.86,0.261529,3.1726,-1.97697,0.0988645,1,3.09771,-1.86,0.241443,4.06834,-1.9697,0.0907216,1,2.69197,-1.86,0.828131,3.65885,-2.05196,0.678228,1,3.34448,-1.86,0.694461,4.32088,-2.01504,0.559098,1,2.70396,-1.86,0.265741,3.67164,-2.05196,0.101889,1,2.8404,-1.86,0.10536,3.81246,-1.99517,-0.0607604,1,2.11007,-1.86,0.684703,3.0569,-2.00309,0.547161,1,3.41674,-1.86,0.588869,4.41693,-1.96197,0.444719,1,2.25643,-1.86,0.729773,3.22197,-2.04216,0.591472,1,3.12645,-1.86,0.554272,4.03879,-1.87326,0.417041,1,3.57138,-1.86,0.108755,4.57255,-1.98451,-0.073821,1,2.95131,-1.86,0.295933,3.90631,-1.99506,0.135731,1,2.14264,-1.86,0.178683,3.0972,-2.02015,0.015127,1,2.50027,-1.86,0.139005,3.47244,-2.0717,-0.0248153,1,3.40749,-1.86,0.092095,4.37971,-1.97736,-0.0859432,1,2.49517,-1.86,0.357401,3.46184,-2.06535,0.196424,1,3.22253,-1.86,0.302939,4.18303,-1.99662,0.135686,1,2.06978,-1.86,0.395393,2.98092,-1.93976,0.272032,1,2.30653,-1.86,0.60004,3.23674,-1.98923,0.470992,1,2.68187,-1.86,0.135505,3.61028,-1.95423,-0.0411872,1,2.32969,-1.86,0.111661,3.26546,-2.00548,-0.0414145,1,3.14456,-1.86,0.128855,4.10535,-2.02751,-0.0413048,1,2.28163,-1.86,0.391421,3.24069,-2.05084,0.243148,1,3.29298,-1.86,0.576045,4.26692,-1.95484,0.431874,1,2.98528,-1.86,0.419927,3.93288,-1.97133,0.274512,1,3.59139,-1.86,0.474859,4.58723,-2.01734,0.328931,1,2.57065,-1.86,0.24937,3.53683,-2.05833,0.0763567,1,
2.96673,4.09414,-3.61044,0.22272,5.12264,-3.83003,0.066026,2.61553,-1.86,0.685979,3.56741,-2.03019,0.543103,1,3.26103,-1.86,0.841441,4.23883,-2.00948,0.704789,1,3.2649,-1.86,0.45152,4.2496,-2.00685,0.294241,1,2.81288,-1.86,0.724197,3.76871,-2.01723,0.578104,1,2.43416,-1.86,0.793416,3.41975,-2.08291,0.640186,1,2.86022,-1.86,0.393355,3.8295,-2.04319,0.234096,1,3.1213,-1.86,0.791275,4.10209,-2.01691,0.680835,1,3.26464,-1.86,0.156518,4.2419,-1.99834,-0.0166648,1,2.61404,-1.86,0.378181,3.5646,-2.02574,0.22497,1,3.50956,-1.86,0.373899,4.51482,-1.99211,0.21814,1,2.93097,-1.86,0.865048,3.89768,-2.02276,0.730171,1,2.83252,-1.86,0.583953,3.77625,-1.98818,0.430202,1,2.83338,-1.86,0.231094,3.80485,-2.05123,0.0629503,1,3.59096,-1.86,0.788458,4.59224,-2.00146,0.651326,1,2.16693,-1.86,0.486175,3.09066,-1.95868,0.346457,1,3.21964,-1.86,0.701564,4.20518,-1.9884,0.564908,1,2.56358,-1.86,0.864335,3.56131,-2.08298,0.704355,1,2.96358,-1.86,0.552539,3.95475,-2.01464,0.415885,1,2.97747,-1.86,0.160515,3.94799,-2.03932,-0.00601003,1,2.44315,-1.86,0.623764,3.42825,-2.08378,0.467541,1,3.57852,-1.86,0.606245,4.57749,-2.0062,0.457501,1,2.4129,-1.86,0.235205,3.36141,-2.04179,0.0822386,1,2.13525,-1.86,0.87316,3.08582,-2.02037,0.744716,1,3.47408,-1.86,0.719398,4.47557,-2.00584,0.584118,1,2.409,-1.86,0.472793,3.36523,-2.0413,0.324029,1,2.31211,-1.86,0.876582,3.27053,-2.02882,0.752724,1,2.60201,-1.86,0.528433,3.57847,-2.05954,0.374392,1,2.73156,-1.86,0.466152,3.67305,-2.01727,0.318188,1,3.40505,-1.86,0.458475,4.40837,-1.97735,0.315384,1,2.98688,-1.86,0.683479,3.95156,-2.00251,0.54077,1,3.3458,-1.86,0.265764,4.32633,-2.00907,0.0969856,1,3.11528,-1.86,0.429402,4.09078,-2.02459,0.271585,1,3.49654,-1.86,0.229636,4.48573,-2.01652,0.0631154,1,3.46176,-1.86,0.850824,4.45577,-2.00735,0.718155,1,2.23342,-1.86,0.261529,3.1726,-1.97697,0.0988645,1,3.09771,-1.86,0.241443,4.07922,-1.99823,0.0931746,1,2.69197,-1.86,0.828131,3.65885,-2.05196,0.678228,1,3.34448,-1.86,0.694461,4.3282,-2.04033,0.555112,1,2.70396,-1.86,0.265741,3.67164,-2.05196,0.101889,1,2.8404,-1.86,0.10536,3.82501,-2.01739,-0.0558268,1,2.11007,-1.86,0.684703,3.0569,-2.00309,0.547161,1,3.41674,-1.86,0.588869,4.42284,-1.98793,0.442895,1,2.25643,-1.86,0.729773,3.22197,-2.04216,0.591472,1,3.12645,-1.86,0.554272,4.04784,-1.89723,0.417514,1,3.57138,-1.86,0.108755,4.57494,-2.01189,-0.0696847,1,2.95131,-1.86,0.295933,3.92136,-2.01914,0.137204,1,2.14264,-1.86,0.178683,3.0972,-2.02015,0.015127,1,2.50027,-1.86,0.139005,3.47244,-2.0717,-0.0248153,1,3.40749,-1.86,0.092095,4.38264,-2.00615,-0.0845735,1,2.49517,-1.86,0.357401,3.46184,-2.06535,0.196424,1,3.22253,-1.86,0.302939,4.19343,-2.02185,0.137466,1,2.06978,-1.86,0.395393,2.98092,-1.93976,0.272032,1,2.30653,-1.86,0.60004,3.23674,-1.98923,0.470992,1,2.68187,-1.86,0.135505,3.61028,-1.95423,-0.0411872,1,2.32969,-1.86,0.111661,3.26546,-2.00548,-0.0414145,1,3.14456,-1.86,0.128855,4.1186,-2.05088,-0.0401017,1,2.28163,-1.86,0.391421,3.24069,-2.05084,0.243148,1,3.29298,-1.86,0.576045,4.27683,-1.98036,0.429061,1,2.98528,-1.86,0.419927,3.95024,-2.00349,0.273066,1,3.59139,-1.86,0.474859,4.59243,-2.04219,0.325015,1,2.57065,-1.86,0.24937,3.53683,-2.05833,0.0763567,1,
3.00006,4.11923,-3.60953,0.222391,5.14964,-3.82764,0.065422,2.61553,-1.86,0.685979,3.56741,-2.03019,0.543103,1,3.26103,-1.86,0.841441,4.24364,-2.00076,0.709681,1,3.2649,-1.86,0.45152,4.25535,-1.99701,0.294489,1,2.81288,-1.86,0.724197,3.76871,-2.01723,0.578104,1,2.43416,-1.86,0.793416,3.41975,-2.08291,0.640186,1,2.86022,-1.86,0.393355,3.8295,-2.04319,0.234096,1,3.1213,-1.86,0.791275,4.10265,-2.00491,0.685004,1,3.26464,-1.86,0.156518,4.24912,-1.98926,-0.0179764,1,2.61404,-1.86,0.378181,3.5646,-2.02574,0.22497,1,3.50956,-1.86,0.373899,4.52245,-1.98843,0.218532,1,2.93097,-1.86,0.865048,3.89855,-2.00793,0.735324,1,2.83252,-1.86,0.583953,3.77625,-1.98818,0.430202,1,2.83338,-1.86,0.231094,3.80485,-2.05123,0.0629503,1,3.59096,-1.86,0.788458,4.60213,-1.99948,0.654779,1,2.16693,-1.86,0.486175,3.09066,-1.95868,0.346457,1,3.21964,-1.86,0.701564,4.21011,-1.9774,0.566837,1,2.56358,-1.86,0.864335,3.56131,-2.08298,0.704355,1,2.96358,-1.86,0.552539,3.95449,-1.99939,0.418572,1,2.97747,-1.86,0.160515,3.94859,-2.02559,-0.00680309,1,2.44315,-1.86,0.623764,3.42825,-2.08378,0.467541,1,3.57852,-1.86,0.606245,4.58705,-2.00288,0.457119,1,2.4129,-1.86,0.235205,3.36141,-2.04179,0.0822386,1,2.13525,-1.86,0.87316,3.08582,-2.02037,0.744716,1,3.47408,-1.86,0.719398,4.48434,-2.00081,0.585783,1,2.409,-1.86,0.472793,3.36523,-2.0413,0.324029,1,2.31211,-1.86,0.876582,3.27053,-2.02882,0.752724,1,2.60201,-1.86,0.528433,3.57847,-2.05954,0.374392,1,2.73156,-1.86,0.466152,3.67305,-2.01727,0.318188,1,3.40505,-1.86,0.458475,4.41683,-1.97043,0.315986,1,2.98688,-1.86,0.683479,3.9517,-1.98786,0.544323,1,3.3458,-1.86,0.265764,4.33227,-2.00019,0.0969013,1,3.11528,-1.86,0.429402,4.09404,-2.01282,0.272838,1,3.49654,-1.86,0.229636,4.49436,-2.01113,0.0622048,1,3.46176,-1.86,0.850824,4.46383,-2.00246,0.719447,1,2.23342,-1.86,0.261529,3.1726,-1.97697,0.0988645,1,3.09771,-1.86,0.241443,4.08353,-1.98586,0.0908728,1,2.69197,-1.86,0.828131,3.65885,-2.05196,0.678228,1,3.34448,-1.86,0.694461,4.33644,-2.03078,0.556632,1,2.70396,-1.86,0.265741,3.67164,-2.05196,0.101889,1,2.8404,-1.86,0.10536,3.82431,-2.00123,-0.0571925,1,2.11007,-1.86,0.684703,3.0569,-2.00309,0.547161,1,3.41674,-1.86,0.588869,4.4273,-1.98246,0.441395,1,2.25643,-1.86,0.729773,3.22197,-2.04216,0.591472,1,3.12645,-1.86,0.554272,4.05199,-1.88202,0.41883,1,3.57138,-1.86,0.108755,4.58543,-2.00931,-0.0700578,1,2.95131,-1.86,0.295933,3.91811,-2.00268,0.137882,1,2.14264,-1.86,0.178683,3.0972,-2.02015,0.015127,1,2.50027,-1.86,0.139005,3.47244,-2.0717,-0.0248153,1,3.40749,-1.86,0.092095,4.39251,-1.99992,-0.0838477,1,2.49517,-1.86,0.357401,3.46184,-2.06535,0.196424,1,3.22253,-1.86,0.302939,4.19758,-2.00829,0.137722,1,2.06978,-1.86,0.395393,2.98092,-1.93976,0.272032,1,2.30653,-1.86,0.60004,3.23674,-1.98923,0.470992,1,2.68187,-1.86,0.135505,3.61028,-1.95423,-0.0411872,1,2.32969,-1.86,0.111661,3.26546,-2.00548,-0.0414145,1,3.14456,-1.86,0.128855,4.11877,-2.03752,-0.0388402,1,2.28163,-1.86,0.391421,3.24069,-2.05084,0.243148,1,3.29298,-1.86,0.576045,4.2835,-1.97057,0.430619,1,2.98528,-1.86,0.419927,3.95006,-1.98835,0.274535,1,3.59139,-1.86,0.474859,4.60179,-2.04017,0.324273,1,2.57065,-1.86,0.24937,3.53683,-2.05833,0.0763567,1,
3.0334,4.12861,-3.60922,0.221983,5.16472,-3.82675,0.0650686,2.61553,-1.86,0.685979,3.56741,-2.03019,0.543103,1,3.26103,-1.86,0.841441,4.24151,-1.99199,0.713757,1,3.2649,-1.86,0.45152,4.25212,-1.987,0.293365,1,2.81288,-1.86,0.724197,3.76871,-2.01723,0.578104,1,2.43416,-1.86,0.793416,3.41975,-2.08291,0.640186,1,2.86022,-1.86,0.393355,3.8295,-2.04319,0.234096,1,3.1213,-1.86,0.791275,4.09822,-1.99861,0.686485,1,3.26464,-1.86,0.156518,4.24289,-1.97965,-0.0183821,1,2.61404,-1.86,0.378181,3.5646,-2.02574,0.22497,1,3.50956,-1.86,0.373899,4.51728,-1.97761,0.218677,1,2.93097,-1.86,0.865048,3.89533,-2.00236,0.738048,1,2.83252,-1.86,0.583953,3.77625,-1.98818,0.430202,1,2.83338,-1.86,0.231094,3.80485,-2.05123,0.0629503,1,3.59096,-1.86,0.788458,4.59936,-1.98831,0.659045,1,2.16693,-1.86,0.486175,3.09066,-1.95868,0.346457,1,3.21964,-1.86,0.701564,4.20468,-1.96971,0.56898,1,2.56358,-1.86,0.864335,3.56131,-2.08298,0.704355,1,2.96358,-1.86,0.552539,3.95011,-1.99392,0.418963,1,2.97747,-1.86,0.160515,3.94469,-2.01857,-0.00464673,1,2.44315,-1.86,0.623764,3.42825,-2.08378,0.467541,1,3.57852,-1.86,0.606245,4.58218,-1.99127,0.459407,1,2.4129,-1.86,0.235205,3.36141,-2.04179,0.0822386,1,2.13525,-1.86,0.87316,3.08582,-2.02037,0.744716,1,3.47408,-1.86,0.719398,4.48041,-1.99036,0.588767,1,2.409,-1.86,0.472793,3.36523,-2.0413,0.324029,1,2.31211,-1.86,0.876582,3.27053,-2.02882,0.752724,1,2.60201,-1.86,0.528433,3.57847,-2.05954,0.374392,1,2.73156,-1.86,0.466152,3.67305,-2.01727,0.318188,1,3.40505,-1.86,0.458475,4.41292,-1.95908,0.318193,1,2.98688,-1.86,0.683479,3.94803,-1.9813,0.545308,1,3.3458,-1.86,0.265764,4.32697,-1.99021,0.0969941,1,3.11528,-1.86,0.429402,4.08879,-2.0052,0.273052,1,3.49654,-1.86,0.229636,4.48842,-1.99964,0.0616877,1,3.46176,-1.86,0.850824,4.46054,-1.99216,0.723993,1,2.23342,-1.86,0.261529,3.1726,-1.97697,0.0988645,1,3.09771,-1.86,0.241443,4.07761,-1.97798,0.0909475,1,2.69197,-1.86,0.828131,3.65885,-2.05196,0.678228,1,3.34448,-1.86,0.694461,4.33101,-2.02046,0.557724,1,2.70396,-1.86,0.265741,3.67164,-2.05196,0.101889,1,2.8404,-1.86,0.10536,3.82431,-2.00123,-0.0571925,1,2.11007,-1.86,0.684703,3.0569,-2.00309,0.547161,1,3.41674,-1.86,0.588869,4.42339,-1.97276,0.443375,1,2.25643,-1.86,0.729773,3.22197,-2.04216,0.591472,1,3.12645,-1.86,0.554272,4.04708,-1.87005,0.420313,1,3.57138,-1.86,0.108755,4.58154,-1.9972,-0.0709576,1,2.95131,-1.86,0.295933,3.91539,-1.99918,0.138807,1,2.14264,-1.86,0.178683,3.0972,-2.02015,0.015127,1,2.50027,-1.86,0.139005,3.47244,-2.0717,-0.0248153,1,3.40749,-1.86,0.092095,4.38426,-1.98827,-0.0831287,1,2.49517,-1.86,0.357401,3.46184,-2.06535,0.196424,1,3.22253,-1.86,0.302939,4.19271,-1.99921,0.138086,1,2.06978,-1.86,0.395393,2.98092,-1.93976,0.272032,1,2.30653,-1.86,0.60004,3.23674,-1.98923,0.470992,1,2.68187,-1.86,0.135505,3.61028,-1.95423,-0.0411872,1,2.32969,-1.86,0.111661,3.26546,-2.00548,-0.0414145,1,3.14456,-1.86,0.128855,4.11447,-2.03344,-0.0407587,1,2.28163,-1.86,0.391421,3.24069,-2.05084,0.243148,1,3.29298,-1.86,0.576045,4.27857,-1.96177,0.43168,1,2.98528,-1.86,0.419927,3.94678,-1.98454,0.275683,1,3.59139,-1.86,0.474859,4.59697,-2.02913,0.32562,1,2.57065,-1.86,0.24937,3.53683,-2.05833,0.0763567,1,
3.06673,4.15502,-3.60837,0.221682,5.16069,-3.82656,0.0651786,2.61553,-1.86,0.685979,3.56741,-2.03019,0.543103,1,3.26103,-1.86,0.841441,4.2269,-2.00708,0.711368,1,3.2649,-1.86,0.45152,4.23848,-2.0028,0.293386,1,2.81288,-1.86,0.724197,3.76871,-2.01723,0.578104,1,2.43416,-1.86,0.793416,3.41975,-2.08291,0.640186,1,2.86022,-1.86,0.393355,3.8295,-2.04319,0.234096,1,3.1213,-1.86,0.791275,4.08266,-2.01377,0.68229,1,3.26464,-1.86,0.156518,4.2317,-1.99588,-0.017213,1,2.61404,-1.86,0.378181,3.5646,-2.02574,0.22497,1,3.50956,-1.86,0.373899,4.5014,-1.99216,0.219609,1,2.93097,-1.86,0.865048,3.88311,-2.01811,0.733186,1,2.83252,-1.86,0.583953,3.77625,-1.98818,0.430202,1,2.83338,-1.86,0.231094,3.80485,-2.05123,0.0629503,1,3.59096,-1.86,0.788458,4.57963,-2.00218,0.656842,1,2.16693,-1.86,0.486175,3.09066,-1.95868,0.346457,1,3.21964,-1.86,0.701564,4.19103,-1.98634,0.564567,1,2.56358,-1.86,0.864335,3.56131,-2.08298,0.704355,1,2.96358,-1.86,0.552539,3.93769,-2.01006,0.416593,1,2.97747,-1.86,0.160515,3.93224,-2.03458,-0.0027052,1,2.44315,-1.86,0.623764,3.42825,-2.08378,0.467541,1,3.57852,-1.86,0.606245,4.56495,-2.00527,0.458339,1,2.4129,-1.86,0.235205,3.36141,-2.04179,0.0822386,1,2.13525,-1.86,0.87316,3.08582,-2.02037,0.744716,1,3.47408,-1.86,0.719398,4.46455,-2.00505,0.58671,1,2.409,-1.86,0.472793,3.36523,-2.0413,0.324029,1,2.31211,-1.86,0.876582,3.27053,-2.02882,0.752724,1,2.60201,-1.86,0.528433,3.57847,-2.05954,0.374392,1,2.73156,-1.86,0.466152,3.67305,-2.01727,0.318188,1,3.40505,-1.86,0.458475,4.39354,-1.97628,0.315869,1,2.98688,-1.86,0.683479,3.93507,-1.99675,0.54211,1,3.3458,-1.86,0.265764,4.31099,-2.00694,0.0987101,1,3.11528,-1.86,0.429402,4.07714,-2.02104,0.272736,1,3.49654,-1.86,0.229636,4.47426,-2.014,0.0629869,1,3.46176,-1.86,0.850824,4.44391,-2.00629,0.720472,1,2.23342,-1.86,0.261529,3.1726,-1.97697,0.0988645,1,3.09771,-1.86,0.241443,4.06512,-1.99584,0.091691,1,2.69197,-1.86,0.828131,3.65885,-2.05196,0.678228,1,3.34448,-1.86,0.694461,4.31597,-2.03719,0.555321,1,2.70396,-1.86,0.265741,3.67164,-2.05196,0.101889,1,2.8404,-1.86,0.10536,3.82431,-2.00123,-0.0571925,1,2.11007,-1.86,0.684703,3.0569,-2.00309,0.547161,1,3.41674,-1.86,0.588869,4.40633,-1.98704,0.442576,1,2.25643,-1.86,0.729773,3.22197,-2.04216,0.591472,1,3.12645,-1.86,0.554272,4.03381,-1.88742,0.417898,1,3.57138,-1.86,0.108755,4.56528,-2.01077,-0.0688645,1,2.95131,-1.86,0.295933,3.9025,-2.01374,0.138168,1,2.14264,-1.86,0.178683,3.0972,-2.02015,0.015127,1,2.50027,-1.86,0.139005,3.47244,-2.0717,-0.0248153,1,3.40749,-1.86,0.092095,4.37254,-2.00377,-0.0766765,1,2.49517,-1.86,0.357401,3.46184,-2.06535,0.196424,1,3.22253,-1.86,0.302939,4.17685,-2.01698,0.137776,1,2.06978,-1.86,0.395393,2.98092,-1.93976,0.272032,1,2.30653,-1.86,0.60004,3.23674,-1.98923,0.470992,1,2.68187,-1.86,0.135505,3.61028,-1.95423,-0.0411872,1,2.32969,-1.86,0.111661,3.26546,-2.00548,-0.0414145,1,3.14456,-1.86,0.128855,4.10185,-2.04872,-0.0385917,1,2.28163,-1.86,0.391421,3.24069,-2.05084,0.243148,1,3.29298,-1.86,0.576045,4.26181,-1.98032,0.430008,1,2.98528,-1.86,0.419927,3.93441,-2.00079,0.274484,1,3.59139,-1.86,0.474859,4.57646,-2.04452,0.326691,1,2.57065,-1.86,0.24937,3.53683,-2.05833,0.0763567,1,
3.10007,4.16345,-3.60809,0.221275,5.189,-3.82504,0.0645097,2.61553,-1.86,0.685979,3.56741,-2.03019,0.543103,1,3.26103,-1.86,0.841441,4.24297,-2.0048,0.711489,1,3.2649,-1.86,0.45152,4.25304,-2.00031,0.293237,1,2.81288,-1.86,0.724197,3.76871,-2.01723,0.578104,1,2.43416,-1.86,0.793416,3.41975,-2.08291,0.640186,1,2.86022,-1.86,0.393355,3.8295,-2.04319,0.234096,1,3.1213,-1.86,0.791275,4.09731,-2.01168,0.682388,1,3.26464,-1.86,0.156518,4.24471,-1.99174,-0.0183958,1,2.61404,-1.86,0.378181,3.5646,-2.02574,0.22497,1,3.50956,-1.86,0.373899,4.51418,-1.98997,0.218682,1,2.93097,-1.86,0.865048,3.89791,-2.01645,0.733171,1,2.83252,-1.86,0.583953,3.77625,-1.98818,0.430202,1,2.83338,-1.86,0.231094,3.80485,-2.05123,0.0629503,1,3.59096,-1.86,0.788458,4.59502,-1.99949,0.652565,1,2.16693,-1.86,0.486175,3.09066,-1.95868,0.346457,1,3.21964,-1.86,0.701564,4.20631,-1.98258,0.563577,1,2.56358,-1.86,0.864335,3.56131,-2.08298,0.704355,1,2.96358,-1.86,0.552539,3.95282,-2.00679,0.416674,1,2.97747,-1.86,0.160515,3.94671,-2.03247,-0.00238983,1,2.44315,-1.86,0.623764,3.42825,-2.08378,0.467541,1,3.57852,-1.86,0.606245,4.58056,-2.0029,0.458971,1,2.4129,-1.86,0.235205,3.36141,-2.04179,0.0822386,1,2.13525,-1.86,0.87316,3.08582,-2.02037,0.744716,1,3.47408,-1.86,0.719398,4.48119,-2.00204,0.586224,1,2.409,-1.86,0.472793,3.36523,-2.0413,0.324029,1,2.31211,-1.86,0.876582,3.27053,-2.02882,0.752724,1,2.60201,-1.86,0.528433,3.57847,-2.05954,0.374392,1,2.73156,-1.86,0.466152,3.67305,-2.01727,0.318188,1,3.40505,-1.86,0.458475,4.40859,-1.97612,0.314904,1,2.98688,-1.86,0.683479,3.95316,-1.9928,0.544583,1,3.3458,-1.86,0.265764,4.32569,-2.00494,0.0990856,1,3.11528,-1.86,0.429402,4.08862,-2.01827,0.272253,1,3.49654,-1.86,0.229636,4.48798,-2.01069,0.0625426,1,3.46176,-1.86,0.850824,4.45905,-2.00383,0.719582,1,2.23342,-1.86,0.261529,3.1726,-1.97697,0.0988645,1,3.09771,-1.86,0.241443,4.07963,-1.99254,0.089398,1,2.69197,-1.86,0.828131,3.65885,-2.05196,0.678228,1,3.34448,-1.86,0.694461,4.33147,-2.03459,0.556017,1,2.70396,-1.86,0.265741,3.67164,-2.05196,0.101889,1,2.8404,-1.86,0.10536,3.82431,-2.00123,-0.0571925,1,2.11007,-1.86,0.684703,3.0569,-2.00309,0.547161,1,3.41674,-1.86,0.588869,4.42411,-1.98353,0.443284,1,2.25643,-1.86,0.729773,3.22197,-2.04216,0.591472,1,3.12645,-1.86,0.554272,4.04912,-1.88488,0.41856,1,3.57138,-1.86,0.108755,4.57962,-2.00874,-0.0686504,1,2.95131,-1.86,0.295933,3.91898,-2.0096,0.137308,1,2.14264,-1.86,0.178683,3.0972,-2.02015,0.015127,1,2.50027,-1.86,0.139005,3.47244,-2.0717,-0.0248153,1,3.40749,-1.86,0.092095,4.38748,-1.99881,-0.0773968,1,2.49517,-1.86,0.357401,3.46184,-2.06535,0.196424,1,3.22253,-1.86,0.302939,4.19385,-2.01535,0.136721,1,2.06978,-1.86,0.395393,2.98092,-1.93976,0.272032,1,2.30653,-1.86,0.60004,3.23674,-1.98923,0.470992,1,2.68187,-1.86,0.135505,3.61028,-1.95423,-0.0411872,1,2.32969,-1.86,0.111661,3.26546,-2.00548,-0.0414145,1,3.14456,-1.86,0.128855,4.11683,-2.04397,-0.0387073,1,2.28163,-1.86,0.391421,3.24069,-2.05084,0.243148,1,3.29298,-1.86,0.576045,4.27928,-1.97849,0.429027,1,2.98528,-1.86,0.419927,3.94881,-1.99851,0.274296,1,3.59139,-1.86,0.474859,4.5923,-2.04313,0.325737,1,2.57065,-1.86,0.24937,3.53683,-2.05833,0.0763567,1,
3.1334,4.16345,-3.60809,0.221275,5.19891,-3.82443,0.0642784,2.61553,-1.86,0.685979,3.56741,-2.03019,0.543103,1,3.26103,-1.86,0.841441,4.24023,-2.0042,0.70976,1,3.2649,-1.86,0.45152,4.25078,-2.00068,0.29259,1,2.81288,-1.86,0.724197,3.76871,-2.01723,0.578104,1,2.43416,-1.86,0.793416,3.41975,-2.08291,0.640186,1,2.86022,-1.86,0.393355,3.8295,-2.04319,0.234096,1,3.1213,-1.86,0.791275,4.09351,-2.00947,0.682583,1,3.26464,-1.86,0.156518,4.24298,-1.99312,-0.018967,1,2.61404,-1.86,0.378181,3.5646,-2.02574,0.22497,1,3.50956,-1.86,0.373899,4.51238,-1.98878,0.217181,1,2.93097,-1.86,0.865048,3.89703,-2.01518,0.728135,1,2.83252,-1.86,0.583953,3.77625,-1.98818,0.430202,1,2.83338,-1.86,0.231094,3.80485,-2.05123,0.0629503,1,3.59096,-1.86,0.788458,4.59212,-1.99783,0.652751,1,2.16693,-1.86,0.486175,3.09066,-1.95868,0.346457,1,3.21964,-1.86,0.701564,4.20348,-1.98179,0.561818,1,2.56358,-1.86,0.864335,3.56131,-2.08298,0.704355,1,2.96358,-1.86,0.552539,3.95092,-2.0056,0.41627,1,2.97747,-1.86,0.160515,3.94686,-2.03062,-0.00342983,1,2.44315,-1.86,0.623764,3.42825,-2.08378,0.467541,1,3.57852,-1.86,0.606245,4.57445,-2.00183,0.455123,1,2.4129,-1.86,0.235205,3.36141,-2.04179,0.0822386,1,2.13525,-1.86,0.87316,3.08582,-2.02037,0.744716,1,3.47408,-1.86,0.719398,4.47723,-2.00213,0.587603,1,2.409,-1.86,0.472793,3.36523,-2.0413,0.324029,1,2.31211,-1.86,0.876582,3.27053,-2.02882,0.752724,1,2.60201,-1.86,0.528433,3.57847,-2.05954,0.374392,1,2.73156,-1.86,0.466152,3.67305,-2.01727,0.318188,1,3.40505,-1.86,0.458475,4.40293,-1.97378,0.311606,1,2.98688,-1.86,0.683479,3.9501,-1.99191,0.541453,1,3.3458,-1.86,0.265764,4.32181,-2.0034,0.097843,1,3.11528,-1.86,0.429402,4.08845,-2.01922,0.271571,1,3.49654,-1.86,0.229636,4.48549,-2.01038,0.0611298,1,3.46176,-1.86,0.850824,4.45368,-2.00347,0.718032,1,2.23342,-1.86,0.261529,3.1726,-1.97697,0.0988645,1,3.09771,-1.86,0.241443,4.07813,-1.99144,0.0854694,1,2.69197,-1.86,0.828131,3.65885,-2.05196,0.678228,1,3.34448,-1.86,0.694461,4.32785,-2.03367,0.555061,1,2.70396,-1.86,0.265741,3.67164,-2.05196,0.101889,1,2.8404,-1.86,0.10536,3.82431,-2.00123,-0.0571925,1,2.11007,-1.86,0.684703,3.0569,-2.00309,0.547161,1,3.41674,-1.86,0.588869,4.42028,-1.98146,0.441307,1,2.25643,-1.86,0.729773,3.22197,-2.04216,0.591472,1,3.12645,-1.86,0.554272,4.04268,-1.88761,0.415419,1,3.57138,-1.86,0.108755,4.57694,-2.00812,-0.0706377,1,2.95131,-1.86,0.295933,3.91305,-2.01071,0.13665,1,2.14264,-1.86,0.178683,3.0972,-2.02015,0.015127,1,2.50027,-1.86,0.139005,3.47244,-2.0717,-0.0248153,1,3.40749,-1.86,0.092095,4.38488,-1.99848,-0.0793897,1,2.49517,-1.86,0.357401,3.46184,-2.06535,0.196424,1,3.22253,-1.86,0.302939,4.19144,-2.01142,0.137909,1,2.06978,-1.86,0.395393,2.98092,-1.93976,0.272032,1,2.30653,-1.86,0.60004,3.23674,-1.98923,0.470992,1,2.68187,-1.86,0.135505,3.61028,-1.95423,-0.0411872,1,2.32969,-1.86,0.111661,3.26546,-2.00548,-0.0414145,1,3.14456,-1.86,0.128855,4.11214,-2.04444,-0.0400749,1,2.28163,-1.86,0.391421,3.24069,-2.05084,0.243148,1,3.29298,-1.86,0.576045,4.2764,-1.97471,0.427675,1,2.98528,-1.86,0.419927,3.94407,-1.99972,0.271199,1,3.59139,-1.86,0.474859,4.58969,-2.03962,0.32469,1,2.57065,-1.86,0.24937,3.53683,-2.05833,0.0763567,1,
3.16674,4.18027,-3.60741,0.220917,5.21734,-3.82341,0.0638442,2.61553,-1.86,0.685979,3.56741,-2.03019,0.543103,1,3.26103,-1.86,0.841441,4.25541,-2.02303,0.704984,1,3.2649,-1.86,0.45152,4.26925,-2.01834,0.293552,1,2.81288,-1.86,0.724197,3.76871,-2.01723,0.578104,1,2.43416,-1.86,0.793416,3.41975,-2.08291,0.640186,1,2.86022,-1.86,0.393355,3.8295,-2.04319,0.234096,1,3.1213,-1.86,0.791275,4.10954,-2.02719,0.678458,1,3.26464,-1.86,0.156518,4.25751,-2.01222,-0.0168786,1,2.61404,-1.86,0.378181,3.5646,-2.02574,0.22497,1,3.50956,-1.86,0.373899,4.5247,-2.00762,0.217486,1,2.93097,-1.86,0.865048,3.91601,-2.03235,0.722327,1,2.83252,-1.86,0.583953,3.77625,-1.98818,0.430202,1,2.83338,-1.86,0.231094,3.80485,-2.05123,0.0629503,1,3.59096,-1.86,0.788458,4.60328,-2.01616,0.648619,1,2.16693,-1.86,0.486175,3.09066,-1.95868,0.346457,1,3.21964,-1.86,0.701564,4.21889,-2.00057,0.557292,1,2.56358,-1.86,0.864335,3.56131,-2.08298,0.704355,1,2.96358,-1.86,0.552539,3.9691,-2.02345,0.415384,1,2.97747,-1.86,0.160515,3.96119,-2.05015,-0.00365776,1,2.44315,-1.86,0.623764,3.42825,-2.08378,0.467541,1,3.57852,-1.86,0.606245,4.58649,-2.02157,0.452752,1,2.4129,-1.86,0.235205,3.36141,-2.04179,0.0822386,1,2.13525,-1.86,0.87316,3.08582,-2.02037,0.744716,1,3.47408,-1.86,0.719398,4.49121,-2.02108,0.584328,1,2.409,-1.86,0.472793,3.36523,-2.0413,0.324029,1,2.31211,-1.86,0.876582,3.27053,-2.02882,0.752724,1,2.60201,-1.86,0.528433,3.57847,-2.05954,0.374392,1,2.73156,-1.86,0.466152,3.67305,-2.01727,0.318188,1,3.40505,-1.86,0.458475,4.41774,-1.99354,0.313076,1,2.98688,-1.86,0.683479,3.96915,-2.01194,0.541178,1,3.3458,-1.86,0.265764,4.33575,-2.02288,0.0973678,1,3.11528,-1.86,0.429402,4.10261,-2.03678,0.270324,1,3.49654,-1.86,0.229636,4.49601,-2.0306,0.062659,1,3.46176,-1.86,0.850824,4.46659,-2.02247,0.71361,1,2.23342,-1.86,0.261529,3.1726,-1.97697,0.0988645,1,3.09771,-1.86,0.241443,4.09284,-2.0121,0.0889214,1,2.69197,-1.86,0.828131,3.65885,-2.05196,0.678228,1,3.34448,-1.86,0.694461,4.34277,-2.05219,0.551146,1,2.70396,-1.86,0.265741,3.67164,-2.05196,0.101889,1,2.8404,-1.86,0.10536,3.82431,-2.00123,-0.0571925,1,2.11007,-1.86,0.684703,3.0569,-2.00309,0.547161,1,3.41674,-1.86,0.588869,4.43277,-2.00169,0.437987,1,2.25643,-1.86,0.729773,3.22197,-2.04216,0.591472,1,3.12645,-1.86,0.554272,4.06083,-1.91025,0.412638,1,3.57138,-1.86,0.108755,4.58807,-2.02726,-0.0680177,1,2.95131,-1.86,0.295933,3.93315,-2.03123,0.137974,1,2.14264,-1.86,0.178683,3.0972,-2.02015,0.015127,1,2.50027,-1.86,0.139005,3.47244,-2.0717,-0.0248153,1,3.40749,-1.86,0.092095,4.39934,-2.01767,-0.0780179,1,2.49517,-1.86,0.357401,3.46184,-2.06535,0.196424,1,3.22253,-1.86,0.302939,4.2084,-2.03025,0.140444,1,2.06978,-1.86,0.395393,2.98092,-1.93976,0.272032,1,2.30653,-1.86,0.60004,3.23674,-1.98923,0.470992,1,2.68187,-1.86,0.135505,3.61028,-1.95423,-0.0411872,1,2.32969,-1.86,0.111661,3.26546,-2.00548,-0.0414145,1,3.14456,-1.86,0.128855,4.12922,-2.06392,-0.0384109,1,2.28163,-1.86,0.391421,3.24069,-2.05084,0.243148,1,3.29298,-1.86,0.576045,4.28851,-1.99626,0.426027,1,2.98528,-1.86,0.419927,3.96382,-2.0188,0.26954,1,3.59139,-1.86,0.474859,4.60139,-2.05857,0.323743,1,2.57065,-1.86,0.24937,3.53683,-2.05833,0.0763567,1,
3.20007,4.20564,-3.60629,0.22067,5.24469,-3.82058,0.0632474,2.61553,-1.86,0.685979,3.56741,-2.03019,0.543103,1,3.26103,-1.86,0.841441,4.25786,-2.00609,0.709898,1,3.2649,-1.86,0.45152,4.2697,-2.00122,0.295462,1,2.81288,-1.86,0.724197,3.76871,-2.01723,0.578104,1,2.43416,-1.86,0.793416,3.41975,-2.08291,0.640186,1,2.86022,-1.86,0.393355,3.8295,-2.04319,0.234096,1,3.1213,-1.86,0.791275,4.11254,-2.00755,0.684106,1,3.26464,-1.86,0.156518,4.25663,-1.99667,-0.0186198,1,2.61404,-1.86,0.378181,3.5646,-2.02574,0.22497,1,3.50956,-1.86,0.373899,4.5278,-1.99165,0.217318,1,2.93097,-1.86,0.865048,3.91332,-2.01515,0.729142,1,2.83252,-1.86,0.583953,3.77625,-1.98818,0.430202,1,2.83338,-1.86,0.231094,3.80485,-2.05123,0.0629503,1,3.59096,-1.86,0.788458,4.60786,-2.00116,0.65173,1,2.16693,-1.86,0.486175,3.09066,-1.95868,0.346457,1,3.21964,-1.86,0.701564,4.21963,-1.98352,0.562276,1,2.56358,-1.86,0.864335,3.56131,-2.08298,0.704355,1,2.96358,-1.86,0.552539,3.96671,-2.00677,0.418421,1,2.97747,-1.86,0.160515,3.9592,-2.03717,-0.00368926,1,2.44315,-1.86,0.623764,3.42825,-2.08378,0.467541,1,3.57852,-1.86,0.606245,4.58826,-2.00595,0.454619,1,2.4129,-1.86,0.235205,3.36141,-2.04179,0.0822386,1,2.13525,-1.86,0.87316,3.08582,-2.02037,0.744716,1,3.47408,-1.86,0.719398,4.49565,-2.00503,0.588501,1,2.409,-1.86,0.472793,3.36523,-2.0413,0.324029,1,2.31211,-1.86,0.876582,3.27053,-2.02882,0.752724,1,2.60201,-1.86,0.528433,3.57847,-2.05954,0.374392,1,2.73156,-1.86,0.466152,3.67305,-2.01727,0.318188,1,3.40505,-1.86,0.458475,4.42034,-1.97475,0.314276,1,2.98688,-1.86,0.683479,3.96647,-1.99579,0.54455,1,3.3458,-1.86,0.265764,4.33611,-2.00601,0.0973654,1,3.11528,-1.86,0.429402,4.10331,-2.02023,0.272325,1,3.49654,-1.86,0.229636,4.50084,-2.01441,0.0623386,1,3.46176,-1.86,0.850824,4.47085,-2.00581,0.718154,1,2.23342,-1.86,0.261529,3.1726,-1.97697,0.0988645,1,3.09771,-1.86,0.241443,4.09214,-1.99563,0.0899463,1,2.69197,-1.86,0.828131,3.65885,-2.05196,0.678228,1,3.34448,-1.86,0.694461,4.34386,-2.03568,0.554488,1,2.70396,-1.86,0.265741,3.67164,-2.05196,0.101889,1,2.8404,-1.86,0.10536,3.82431,-2.00123,-0.0571925,1,2.11007,-1.86,0.684703,3.0569,-2.00309,0.547161,1,3.41674,-1.86,0.588869,4.4347,-1.98588,0.441124,1,2.25643,-1.86,0.729773,3.22197,-2.04216,0.591472,1,3.12645,-1.86,0.554272,4.05555,-1.89167,0.416289,1,3.57138,-1.86,0.108755,4.59232,-2.012,-0.0706037,1,2.95131,-1.86,0.295933,3.92803,-2.01322,0.139347,1,2.14264,-1.86,0.178683,3.0972,-2.02015,0.015127,1,2.50027,-1.86,0.139005,3.47244,-2.0717,-0.0248153,1,3.40749,-1.86,0.092095,4.40032,-2.0018,-0.0807474,1,2.49517,-1.86,0.357401,3.46184,-2.06535,0.196424,1,3.22253,-1.86,0.302939,4.20881,-2.01301,0.140251,1,2.06978,-1.86,0.395393,2.98092,-1.93976,0.272032,1,2.30653,-1.86,0.60004,3.23674,-1.98923,0.470992,1,2.68187,-1.86,0.135505,3.61028,-1.95423,-0.0411872,1,2.32969,-1.86,0.111661,3.26546,-2.00548,-0.0414145,1,3.14456,-1.86,0.128855,4.1285,-2.04554,-0.0384553,1,2.28163,-1.86,0.391421,3.24069,-2.05084,0.243148,1,3.29298,-1.86,0.576045,4.2899,-1.98046,0.428861,1,2.98528,-1.86,0.419927,3.9601,-1.99863,0.273851,1,3.59139,-1.86,0.474859,4.60619,-2.04267,0.322818,1,2.57065,-1.86,0.24937,3.53683,-2.05833,0.0763567,1,
3.2334,4.21424,-3.60597,0.220329,5.25992,-3.81952,0.0628963,2.61553,-1.86,0.685979,3.56741,-2.03019,0.543103,1,3.26103,-1.86,0.841441,4.25549,-2.00822,0.70861,1,3.2649,-1.86,0.45152,4.2681,-2.00475,0.294439,1,2.81288,-1.86,0.724197,3.76871,-2.01723,0.578104,1,2.43416,-1.86,0.793416,3.41975,-2.08291,0.640186,1,2.86022,-1.86,0.393355,3.8295,-2.04319,0.234096,1,3.1213,-1.86,0.791275,4.11075,-2.01036,0.682607,1,3.26464,-1.86,0.156518,4.25521,-2.00047,-0.0190544,1,2.61404,-1.86,0.378181,3.5646,-2.02574,0.22497,1,3.50956,-1.86,0.373899,4.52286,-1.99106,0.216384,1,2.93097,-1.86,0.865048,3.91332,-2.01515,0.729142,1,2.83252,-1.86,0.583953,3.77625,-1.98818,0.430202,1,2.83338,-1.86,0.231094,3.80485,-2.05123,0.0629503,1,3.59096,-1.86,0.788458,4.60377,-1.99808,0.649858,1,2.16693,-1.86,0.486175,3.09066,-1.95868,0.346457,1,3.21964,-1.86,0.701564,4.21721,-1.98683,0.560157,1,2.56358,-1.86,0.864335,3.56131,-2.08298,0.704355,1,2.96358,-1.86,0.552539,3.96761,-2.01405,0.415767,1,2.97747,-1.86,0.160515,3.96245,-2.04209,-0.00206698,1,2.44315,-1.86,0.623764,3.42825,-2.08378,0.467541,1,3.57852,-1.86,0.606245,4.58595,-2.00362,0.454166,1,2.4129,-1.86,0.235205,3.36141,-2.04179,0.0822386,1,2.13525,-1.86,0.87316,3.08582,-2.02037,0.744716,1,3.47408,-1.86,0.719398,4.49465,-2.0022,0.585277,1,2.409,-1.86,0.472793,3.36523,-2.0413,0.324029,1,2.31211,-1.86,0.876582,3.27053,-2.02882,0.752724,1,2.60201,-1.86,0.528433,3.57847,-2.05954,0.374392,1,2.73156,-1.86,0.466152,3.67305,-2.01727,0.318188,1,3.40505,-1.86,0.458475,4.41719,-1.97455,0.313868,1,2.98688,-1.86,0.683479,3.9672,-2.00292,0.541447,1,3.3458,-1.86,0.265764,4.33375,-2.00792,0.0981986,1,3.11528,-1.86,0.429402,4.10052,-2.02475,0.270431,1,3.49654,-1.86,0.229636,4.49628,-2.01277,0.0610433,1,3.46176,-1.86,0.850824,4.46595,-2.00486,0.716507,1,2.23342,-1.86,0.261529,3.1726,-1.97697,0.0988645,1,3.09771,-1.86,0.241443,4.09139,-1.99975,0.0900234,1,2.69197,-1.86,0.828131,3.65885,-2.05196,0.678228,1,3.34448,-1.86,0.694461,4.34029,-2.03843,0.553236,1,2.70396,-1.86,0.265741,3.67164,-2.05196,0.101889,1,2.8404,-1.86,0.10536,3.82431,-2.00123,-0.0571925,1,2.11007,-1.86,0.684703,3.0569,-2.00309,0.547161,1,3.41674,-1.86,0.588869,4.43296,-1.98546,0.440921,1,2.25643,-1.86,0.729773,3.22197,-2.04216,0.591472,1,3.12645,-1.86,0.554272,4.05464,-1.89898,0.414823,1,3.57138,-1.86,0.108755,4.5899,-2.00925,-0.0721055,1,2.95131,-1.86,0.295933,3.93148,-2.02498,0.136827,1,2.14264,-1.86,0.178683,3.0972,-2.02015,0.015127,1,2.50027,-1.86,0.139005,3.47244,-2.0717,-0.0248153,1,3.40749,-1.86,0.092095,4.39531,-2.00518,-0.0844388,1,2.49517,-1.86,0.357401,3.46184,-2.06535,0.196424,1,3.22253,-1.86,0.302939,4.2075,-2.01677,0.139506,1,2.06978,-1.86,0.395393,2.98092,-1.93976,0.272032,1,2.30653,-1.86,0.60004,3.23674,-1.98923,0.470992,1,2.68187,-1.86,0.135505,3.61028,-1.95423,-0.0411872,1,2.32969,-1.86,0.111661,3.26546,-2.00548,-0.0414145,1,3.14456,-1.86,0.128855,4.12795,-2.05009,-0.038789,1,2.28163,-1.86,0.391421,3.24069,-2.05084,0.243148,1,3.29298,-1.86,0.576045,4.28571,-1.98236,0.426695,1,2.98528,-1.86,0.419927,3.96187,-2.00896,0.271114,1,3.59139,-1.86,0.474859,4.60008,-2.0416,0.32393,1,2.57065,-1.86,0.24937,3.53683,-2.05833,0.0763567,1,
3.26674,4.24017,-3.60501,0.220138,5.25485,-3.81971,0.0630193,2.61553,-1.86,0.685979,3.56741,-2.03019,0.543103,1,3.26103,-1.86,0.841441,4.23685,-2.00638,0.709683,1,3.2649,-1.86,0.45152,4.24934,-2.00274,0.29514,1,2.81288,-1.86,0.724197,3.76871,-2.01723,0.578104,1,2.43416,-1.86,0.793416,3.41975,-2.08291,0.640186,1,2.86022,-1.86,0.393355,3.8295,-2.04319,0.234096,1,3.1213,-1.86,0.791275,4.09266,-2.00723,0.685371,1,3.26464,-1.86,0.156518,4.23476,-1.99793,-0.0186814,1,2.61404,-1.86,0.378181,3.5646,-2.02574,0.22497,1,3.50956,-1.86,0.373899,4.50494,-1.99195,0.216159,1,2.93097,-1.86,0.865048,3.91332,-2.01515,0.729142,1,2.83252,-1.86,0.583953,3.77625,-1.98818,0.430202,1,2.83338,-1.86,0.231094,3.80485,-2.05123,0.0629503,1,3.59096,-1.86,0.788458,4.58558,-1.99866,0.648673,1,2.16693,-1.86,0.486175,3.09066,-1.95868,0.346457,1,3.21964,-1.86,0.701564,4.19963,-1.98395,0.561437,1,2.56358,-1.86,0.864335,3.56131,-2.08298,0.704355,1,2.96358,-1.86,0.552539,3.94746,-2.0102,0.4169,1,2.97747,-1.86,0.160515,3.93636,-2.03565,0.000233054,1,2.44315,-1.86,0.623764,3.42825,-2.08378,0.467541,1,3.57852,-1.86,0.606245,4.56654,-2.00312,0.45353,1,2.4129,-1.86,0.235205,3.36141,-2.04179,0.0822386,1,2.13525,-1.86,0.87316,3.08582,-2.02037,0.744716,1,3.47408,-1.86,0.719398,4.47693,-2.00073,0.584123,1,2.409,-1.86,0.472793,3.36523,-2.0413,0.324029,1,2.31211,-1.86,0.876582,3.27053,-2.02882,0.752724,1,2.60201,-1.86,0.528433,3.57847,-2.05954,0.374392,1,2.73156,-1.86,0.466152,3.67305,-2.01727,0.318188,1,3.40505,-1.86,0.458475,4.39899,-1.97358,0.31457,1,2.98688,-1.86,0.683479,3.94604,-1.99868,0.543335,1,3.3458,-1.86,0.265764,4.31702,-2.0044,0.0971903,1,3.11528,-1.86,0.429402,4.08388,-2.02166,0.271326,1,3.49654,-1.86,0.229636,4.47726,-2.01397,0.0604232,1,3.46176,-1.86,0.850824,4.44883,-2.00469,0.716353,1,2.23342,-1.86,0.261529,3.1726,-1.97697,0.0988645,1,3.09771,-1.86,0.241443,4.07303,-1.99915,0.0913011,1,2.69197,-1.86,0.828131,3.65885,-2.05196,0.678228,1,3.34448,-1.86,0.694461,4.32506,-2.03592,0.553915,1,2.70396,-1.86,0.265741,3.67164,-2.05196,0.101889,1,2.8404,-1.86,0.10536,3.82431,-2.00123,-0.0571925,1,2.11007,-1.86,0.684703,3.0569,-2.00309,0.547161,1,3.41674,-1.86,0.588869,4.41165,-1.98431,0.43894,1,2.25643,-1.86,0.729773,3.22197,-2.04216,0.591472,1,3.12645,-1.86,0.554272,4.03296,-1.89454,0.417056,1,3.57138,-1.86,0.108755,4.57152,-2.00955,-0.0709948,1,2.95131,-1.86,0.295933,3.93148,-2.02498,0.136827,1,2.14264,-1.86,0.178683,3.0972,-2.02015,0.015127,1,2.50027,-1.86,0.139005,3.47244,-2.0717,-0.0248153,1,3.40749,-1.86,0.092095,4.37771,-2.0069,-0.0845121,1,2.49517,-1.86,0.357401,3.46184,-2.06535,0.196424,1,3.22253,-1.86,0.302939,4.18933,-2.01366,0.140407,1,2.06978,-1.86,0.395393,2.98092,-1.93976,0.272032,1,2.30653,-1.86,0.60004,3.23674,-1.98923,0.470992,1,2.68187,-1.86,0.135505,3.61028,-1.95423,-0.0411872,1,2.32969,-1.86,0.111661,3.26546,-2.00548,-0.0414145,1,3.14456,-1.86,0.128855,4.10787,-2.0464,-0.0386906,1,2.28163,-1.86,0.391421,3.24069,-2.05084,0.243148,1,3.29298,-1.86,0.576045,4.26418,-1.98359,0.427722,1,2.98528,-1.86,0.419927,3.94116,-2.0053,0.272656,1,3.59139,-1.86,0.474859,4.58653,-2.04165,0.3223,1,2.57065,-1.86,0.24937,3.53683,-2.05833,0.0763567,1,
3.30007,4.24017,-3.60501,0.220138,5.28244,-3.81697,0.0624128,2.61553,-1.86,0.685979,3.56741,-2.03019,0.543103,1,3.26103,-1.86,0.841441,4.23998,-1.99017,0.714125,1,3.2649,-1.86,0.45152,4.25313,-1.98498,0.29491,1,2.81288,-1.86,0.724197,3.76871,-2.01723,0.578104,1,2.43416,-1.86,0.793416,3.41975,-2.08291,0.640186,1,2.86022,-1.86,0.393355,3.8295,-2.04319,0.234096,1,3.1213,-1.86,0.791275,4.09462,-1.99009,0.687833,1,3.26464,-1.86,0.156518,4.23794,-1.98008,-0.0203526,1,2.61404,-1.86,0.378181,3.5646,-2.02574,0.22497,1,3.50956,-1.86,0.373899,4.51065,-1.97453,0.21724,1,2.93097,-1.86,0.865048,3.91332,-2.01515,0.729142,1,2.83252,-1.86,0.583953,3.77625,-1.98818,0.430202,1,2.83338,-1.86,0.231094,3.80485,-2.05123,0.0629503,1,3.59096,-1.86,0.788458,4.59331,-1.98419,0.654651,1,2.16693,-1.86,0.486175,3.09066,-1.95868,0.346457,1,3.21964,-1.86,0.701564,4.20194,-1.96546,0.565883,1,2.56358,-1.86,0.864335,3.56131,-2.08298,0.704355,1,2.96358,-1.86,0.552539,3.94883,-1.99201,0.420765,1,2.97747,-1.86,0.160515,3.93636,-2.03565,0.000233054,1,2.44315,-1.86,0.623764,3.42825,-2.08378,0.467541,1,3.57852,-1.86,0.606245,4.5782,-1.98678,0.458381,1,2.4129,-1.86,0.235205,3.36141,-2.04179,0.0822386,1,2.13525,-1.86,0.87316,3.08582,-2.02037,0.744716,1,3.47408,-1.86,0.719398,4.48343,-1.98583,0.586373,1,2.409,-1.86,0.472793,3.36523,-2.0413,0.324029,1,2.31211,-1.86,0.876582,3.27053,-2.02882,0.752724,1,2.60201,-1.86,0.528433,3.57847,-2.05954,0.374392,1,2.73156,-1.86,0.466152,3.67305,-2.01727,0.318188,1,3.40505,-1.86,0.458475,4.40138,-1.95759,0.313747,1,2.98688,-1.86,0.683479,3.94691,-1.98086,0.546785,1,3.3458,-1.86,0.265764,4.31785,-1.98644,0.0978662,1,3.11528,-1.86,0.429402,4.08443,-1.99942,0.274131,1,3.49654,-1.86,0.229636,4.48519,-1.99639,0.0601829,1,3.46176,-1.86,0.850824,4.45564,-1.98716,0.720232,1,2.23342,-1.86,0.261529,3.1726,-1.97697,0.0988645,1,3.09771,-1.86,0.241443,4.07469,-1.98163,0.088964,1,2.69197,-1.86,0.828131,3.65885,-2.05196,0.678228,1,3.34448,-1.86,0.694461,4.32946,-2.01566,0.558134,1,2.70396,-1.86,0.265741,3.67164,-2.05196,0.101889,1,2.8404,-1.86,0.10536,3.82431,-2.00123,-0.0571925,1,2.11007,-1.86,0.684703,3.0569,-2.00309,0.547161,1,3.41674,-1.86,0.588869,4.41932,-1.9689,0.441769,1,2.25643,-1.86,0.729773,3.22197,-2.04216,0.591472,1,3.12645,-1.86,0.554272,4.03128,-1.87557,0.418299,1,3.57138,-1.86,0.108755,4.57863,-1.99434,-0.0722841,1,2.95131,-1.86,0.295933,3.93148,-2.02498,0.136827,1,2.14264,-1.86,0.178683,3.0972,-2.02015,0.015127,1,2.50027,-1.86,0.139005,3.47244,-2.0717,-0.0248153,1,3.40749,-1.86,0.092095,4.38062,-1.98739,-0.0877585,1,2.49517,-1.86,0.357401,3.46184,-2.06535,0.196424,1,3.22253,-1.86,0.302939,4.19305,-1.99449,0.140174,1,2.06978,-1.86,0.395393,2.98092,-1.93976,0.272032,1,2.30653,-1.86,0.60004,3.23674,-1.98923,0.470992,1,2.68187,-1.86,0.135505,3.61028,-1.95423,-0.0411872,1,2.32969,-1.86,0.111661,3.26546,-2.00548,-0.0414145,1,3.14456,-1.86,0.128855,4.10992,-2.02877,-0.0413645,1,2.28163,-1.86,0.391421,3.24069,-2.05084,0.243148,1,3.29298,-1.86,0.576045,4.27056,-1.96491,0.428719,1,2.98528,-1.86,0.419927,3.94215,-1.98681,0.272981,1,3.59139,-1.86,0.474859,4.5909,-2.02469,0.325569,1,2.57065,-1.86,0.24937,3.53683,-2.05833,0.0763567,1,
3.33341,4.26534,-3.60394,0.219956,5.29757,-3.81604,0.06206,2.61553,-1.86,0.685979,3.56741,-2.03019,0.543103,1,3.26103,-1.86,0.841441,4.24793,-1.9991,0.712198,1,3.2649,-1.86,0.45152,4.26084,-1.99367,0.295088,1,2.81288,-1.86,0.724197,3.76871,-2.01723,0.578104,1,2.43416,-1.86,0.793416,3.41975,-2.08291,0.640186,1,2.86022,-1.86,0.393355,3.8295,-2.04319,0.234096,1,3.1213,-1.86,0.791275,4.10497,-2.00049,0.684813,1,3.26464,-1.86,0.156518,4.24268,-1.98829,-0.0176203,1,2.61404,-1.86,0.378181,3.5646,-2.02574,0.22497,1,3.50956,-1.86,0.373899,4.51956,-1.97895,0.217311,1,2.93097,-1.86,0.865048,3.91332,-2.01515,0.729142,1,2.83252,-1.86,0.583953,3.77625,-1.98818,0.430202,1,2.83338,-1.86,0.231094,3.80485,-2.05123,0.0629503,1,3.59096,-1.86,0.788458,4.59806,-1.98943,0.654214,1,2.16693,-1.86,0.486175,3.09066,-1.95868,0.346457,1,3.21964,-1.86,0.701564,4.2099,-1.97539,0.563798,1,2.56358,-1.86,0.864335,3.56131,-2.08298,0.704355,1,2.96358,-1.86,0.552539,3.9591,-2.00118,0.420915,1,2.97747,-1.86,0.160515,3.93636,-2.03565,0.000233054,1,2.44315,-1.86,0.623764,3.42825,-2.08378,0.467541,1,3.57852,-1.86,0.606245,4.58276,-1.99151,0.457907,1,2.4129,-1.86,0.235205,3.36141,-2.04179,0.0822386,1,2.13525,-1.86,0.87316,3.08582,-2.02037,0.744716,1,3.47408,-1.86,0.719398,4.48837,-1.99454,0.588365,1,2.409,-1.86,0.472793,3.36523,-2.0413,0.324029,1,2.31211,-1.86,0.876582,3.27053,-2.02882,0.752724,1,2.60201,-1.86,0.528433,3.57847,-2.05954,0.374392,1,2.73156,-1.86,0.466152,3.67305,-2.01727,0.318188,1,3.40505,-1.86,0.458475,4.40883,-1.96632,0.3152,1,2.98688,-1.86,0.683479,3.95624,-1.9897,0.545736,1,3.3458,-1.86,0.265764,4.32642,-1.99606,0.0996237,1,3.11528,-1.86,0.429402,4.09468,-2.0096,0.273522,1,3.49654,-1.86,0.229636,4.48793,-2.00252,0.0623265,1,3.46176,-1.86,0.850824,4.46131,-1.9943,0.718954,1,2.23342,-1.86,0.261529,3.1726,-1.97697,0.0988645,1,3.09771,-1.86,0.241443,4.08212,-1.99274,0.0888948,1,2.69197,-1.86,0.828131,3.65885,-2.05196,0.678228,1,3.34448,-1.86,0.694461,4.33758,-2.02443,0.55626,1,2.70396,-1.86,0.265741,3.67164,-2.05196,0.101889,1,2.8404,-1.86,0.10536,3.82431,-2.00123,-0.0571925,1,2.11007,-1.86,0.684703,3.0569,-2.00309,0.547161,1,3.41674,-1.86,0.588869,4.42563,-1.97419,0.444899,1,2.25643,-1.86,0.729773,3.22197,-2.04216,0.591472,1,3.12645,-1.86,0.554272,4.03983,-1.88452,0.417188,1,3.57138,-1.86,0.108755,4.58283,-1.99993,-0.0712438,1,2.95131,-1.86,0.295933,3.93148,-2.02498,0.136827,1,2.14264,-1.86,0.178683,3.0972,-2.02015,0.015127,1,2.50027,-1.86,0.139005,3.47244,-2.0717,-0.0248153,1,3.40749,-1.86,0.092095,4.38717,-1.99365,-0.0852951,1,2.49517,-1.86,0.357401,3.46184,-2.06535,0.196424,1,3.22253,-1.86,0.302939,4.20187,-2.00337,0.141738,1,2.06978,-1.86,0.395393,2.98092,-1.93976,0.272032,1,2.30653,-1.86,0.60004,3.23674,-1.98923,0.470992,1,2.68187,-1.86,0.135505,3.61028,-1.95423,-0.0411872,1,2.32969,-1.86,0.111661,3.26546,-2.00548,-0.0414145,1,3.14456,-1.86,0.128855,4.11815,-2.03745,-0.0388253,1,2.28163,-1.86,0.391421,3.24069,-2.05084,0.243148,1,3.29298,-1.86,0.576045,4.27732,-1.96821,0.429981,1,2.98528,-1.86,0.419927,3.95177,-1.99506,0.272616,1,3.59139,-1.86,0.474859,4.59846,-2.03068,0.324479,1,2.57065,-1.86,0.24937,3.53683,-2.05833,0.0763567,1,
3.36674,4.2748,-3.60357,0.219633,5.30938,-3.8144,0.0618169,2.61553,-1.86,0.685979,3.56741,-2.03019,0.543103,1,3.26103,-1.86,0.841441,4.24911,-2.00857,0.709836,1,3.2649,-1.86,0.45152,4.26145,-2.00465,0.295929,1,2.81288,-1.86,0.724197,3.76871,-2.01723,0.578104,1,2.43416,-1.86,0.793416,3.41975,-2.08291,0.640186,1,2.86022,-1.86,0.393355,3.8295,-2.04319,0.234096,1,3.1213,-1.86,0.791275,4.10823,-2.01004,0.687194,1,3.26464,-1.86,0.156518,4.24156,-2.00128,-0.0144575,1,2.61404,-1.86,0.378181,3.5646,-2.02574,0.22497,1,3.50956,-1.86,0.373899,4.51714,-1.99088,0.217682,1,2.93097,-1.86,0.865048,3.91332,-2.01515,0.729142,1,2.83252,-1.86,0.583953,3.77625,-1.98818,0.430202,1,2.83338,-1.86,0.231094,3.80485,-2.05123,0.0629503,1,3.59096,-1.86,0.788458,4.59936,-2.00038,0.653834,1,2.16693,-1.86,0.486175,3.09066,-1.95868,0.346457,1,3.21964,-1.86,0.701564,4.211,-1.98577,0.562671,1,2.56358,-1.86,0.864335,3.56131,-2.08298,0.704355,1,2.96358,-1.86,0.552539,3.9591,-2.00118,0.420915,1,2.97747,-1.86,0.160515,3.93636,-2.03565,0.000233054,1,2.44315,-1.86,0.623764,3.42825,-2.08378,0.467541,1,3.57852,-1.86,0.606245,4.58238,-2.00385,0.456571,1,2.4129,-1.86,0.235205,3.36141,-2.04179,0.0822386,1,2.13525,-1.86,0.87316,3.08582,-2.02037,0.744716,1,3.47408,-1.86,0.719398,4.48593,-2.00734,0.586052,1,2.409,-1.86,0.472793,3.36523,-2.0413,0.324029,1,2.31211,-1.86,0.876582,3.27053,-2.02882,0.752724,1,2.60201,-1.86,0.528433,3.57847,-2.05954,0.374392,1,2.73156,-1.86,0.466152,3.67305,-2.01727,0.318188,1,3.40505,-1.86,0.458475,4.40816,-1.97615,0.314519,1,2.98688,-1.86,0.683479,3.95624,-1.9897,0.545736,1,3.3458,-1.86,0.265764,4.32652,-2.00577,0.100359,1,3.11528,-1.86,0.429402,4.09308,-2.02156,0.274256,1,3.49654,-1.86,0.229636,4.48732,-2.01549,0.0624137,1,3.46176,-1.86,0.850824,4.46136,-2.00621,0.71884,1,2.23342,-1.86,0.261529,3.1726,-1.97697,0.0988645,1,3.09771,-1.86,0.241443,4.08427,-2.00312,0.0921483,1,2.69197,-1.86,0.828131,3.65885,-2.05196,0.678228,1,3.34448,-1.86,0.694461,4.33807,-2.03567,0.55548,1,2.70396,-1.86,0.265741,3.67164,-2.05196,0.101889,1,2.8404,-1.86,0.10536,3.82431,-2.00123,-0.0571925,1,2.11007,-1.86,0.684703,3.0569,-2.00309,0.547161,1,3.41674,-1.86,0.588869,4.42428,-1.98688,0.442479,1,2.25643,-1.86,0.729773,3.22197,-2.04216,0.591472,1,3.12645,-1.86,0.554272,4.03978,-1.89305,0.418579,1,3.57138,-1.86,0.108755,4.58089,-2.01182,-0.0682728,1,2.95131,-1.86,0.295933,3.93148,-2.02498,0.136827,1,2.14264,-1.86,0.178683,3.0972,-2.02015,0.015127,1,2.50027,-1.86,0.139005,3.47244,-2.0717,-0.0248153,1,3.40749,-1.86,0.092095,4.38666,-2.00362,-0.0837611,1,2.49517,-1.86,0.357401,3.46184,-2.06535,0.196424,1,3.22253,-1.86,0.302939,4.20088,-2.0161,0.140871,1,2.06978,-1.86,0.395393,2.98092,-1.93976,0.272032,1,2.30653,-1.86,0.60004,3.23674,-1.98923,0.470992,1,2.68187,-1.86,0.135505,3.61028,-1.95423,-0.0411872,1,2.32969,-1.86,0.111661,3.26546,-2.00548,-0.0414145,1,3.14456,-1.86,0.128855,4.11887,-2.04774,-0.0359056,1,2.28163,-1.86,0.391421,3.24069,-2.05084,0.243148,1,3.29298,-1.86,0.576045,4.27756,-1.97982,0.430567,1,2.98528,-1.86,0.419927,3.95177,-1.99506,0.272616,1,3.59139,-1.86,0.474859,4.5982,-2.04109,0.323919,1,2.57065,-1.86,0.24937,3.53683,-2.05833,0.0763567,1,
